0 0.726562 0.586607 0.724777 0.596131 0.720312 0.599702 0.714955 0.606845 0.713616 0.612798 0.715848 0.622917 0.715848 0.633036 0.720759 0.640179 0.725670 0.649107 0.733259 0.651488 0.738170 0.656845 0.744420 0.663393 0.747545 0.669940 0.756920 0.677679 0.767187 0.680060 0.781473 0.685417 0.788170 0.687202 0.795759 0.690774 0.800670 0.694940 0.802902 0.699107 0.813170 0.702679 0.817634 0.703869 0.826116 0.702679 0.832366 0.693750 0.840848 0.691369 0.844420 0.690179 0.859598 0.690179 0.876562 0.690179 0.889955 0.688988 0.902902 0.689583 0.915402 0.688988 0.930134 0.688988 0.935491 0.688988 0.941741 0.692560 0.945312 0.694345 0.953795 0.696131 0.960045 0.694940 0.967187 0.691369 0.971652 0.688393 0.976562 0.687202 0.980134 0.680655 0.982812 0.675893 0.987277 0.665179 0.988616 0.655655 0.985491 0.647321 0.984152 0.638988 0.977902 0.633036 0.969420 0.624702 0.960491 0.618155 0.951562 0.611607 0.941741 0.608036 0.928348 0.602083 0.919866 0.597917 0.911384 0.591964 0.901562 0.584226 0.892187 0.576488 0.883259 0.571131 0.871652 0.564583 0.857366 0.560417 0.852009 0.559821 0.847991 0.559226 0.839509 0.558631 0.831473 0.556845 0.820312 0.555655 0.810491 0.556250 0.799330 0.557440 0.788170 0.559821 0.777902 0.561607 0.764062 0.566964 0.755580 0.568750 0.744866 0.570536 0.735045 0.574107 0.726116 0.580655 0.722545 0.586607 0.722545 0.592560 0.725223 0.598512
0 0.574014 0.451736 0.572898 0.456944 0.572619 0.461781 0.575688 0.466989 0.581269 0.471825 0.587128 0.475174 0.591592 0.479638 0.600800 0.481126 0.604427 0.484102 0.606938 0.488566 0.614193 0.490055 0.618378 0.490055 0.623400 0.487822 0.627028 0.484474 0.632050 0.481870 0.637630 0.482614 0.647396 0.484102 0.657440 0.485218 0.664137 0.485218 0.671112 0.486706 0.675856 0.487450 0.682831 0.488566 0.684784 0.489311 0.688969 0.491543 0.691481 0.494519 0.693713 0.495635 0.700130 0.496007 0.703199 0.493403 0.706269 0.490799 0.708780 0.488566 0.709896 0.488566 0.712686 0.485590 0.714639 0.482242 0.715476 0.476290 0.712965 0.472569 0.712686 0.466989 0.709338 0.460665 0.706548 0.457688 0.704594 0.456200 0.698456 0.453968 0.690923 0.452480 0.685063 0.450248 0.679762 0.447644 0.676414 0.444296 0.673624 0.442808 0.669159 0.439459 0.661626 0.434251 0.657161 0.431275 0.648791 0.427555 0.641815 0.425694 0.636514 0.424578 0.629539 0.424950 0.620610 0.425694 0.613914 0.425694 0.608891 0.424950 0.602195 0.426438 0.595499 0.429043 0.591034 0.431647 0.588244 0.432391 0.583501 0.433135 0.580990 0.433507 0.578478 0.436855 0.578199 0.441691 0.577362 0.446900 0.576246 0.449504 0.575688 0.451364 0.574014 0.452852
1 0.753423 0.533581 0.599126 0.526141 0.613635 0.544370 0.627865 0.546602 0.635398 0.547718 0.641257 0.550694 0.643769 0.551438 0.649070 0.552555 0.657161 0.557391 0.661626 0.559995 0.665811 0.562599 0.670833 0.566319 0.673624 0.568924 0.675577 0.571900 0.733054 0.573016 0.759282 0.567436 0.771838 0.562227 0.776860 0.561483 0.753144 0.533209
1 0.573735 0.493775 0.596894 0.523165 0.750911 0.531349 0.707943 0.500843 0.574293 0.492287 0.573456 0.493403
1 0.568434 0.493403 0.590476 0.522793 0.412463 0.513492 0.415253 0.482242 0.569829 0.494891
1 0.594382 0.526513 0.608054 0.543998 0.594382 0.549578 0.591313 0.549578 0.589918 0.555159 0.588523 0.558507 0.587965 0.562599 0.587965 0.565575 0.587965 0.567063 0.409952 0.559995 0.413021 0.516468 0.594103 0.525769
1 0.647396 0.596081 0.676135 0.636260 0.407719 0.635888 0.409673 0.563343 0.587686 0.571156 0.595778 0.577852 0.601358 0.581572 0.606659 0.584921 0.613077 0.586781 0.618378 0.588269 0.625911 0.591989 0.634003 0.593849 0.639583 0.594593 0.645722 0.596453 0.648233 0.597569
1 0.676972 0.575248 0.677251 0.579340 0.676135 0.586037 0.672786 0.590129 0.665532 0.591245 0.658836 0.593477 0.655487 0.594965 0.654371 0.596081 0.658278 0.600174 0.662463 0.605382 0.666927 0.610590 0.671670 0.616543 0.674182 0.621379 0.676693 0.625843 0.679483 0.630680 0.682831 0.634772 0.685621 0.636632 0.715476 0.637748 0.715197 0.628819 0.712686 0.621007 0.711849 0.614683 0.709896 0.610218 0.713244 0.605382 0.717150 0.602406 0.718824 0.597941 0.721336 0.593477 0.720499 0.588269 0.724405 0.584549 0.726358 0.579712 0.728590 0.578224 0.728311 0.575992 0.721336 0.576364 0.709896 0.574504 0.677251 0.574876
1 0.682831 0.641840 0.764025 0.750471 0.401302 0.770188 0.406603 0.639980 0.683110 0.642212
1 0.772117 0.758284 0.937853 0.983730 0.789416 0.997867 0.402697 1.000843 0.398791 0.779117 0.771559 0.757540
1 0.998121 0.744147 0.779371 0.756796 0.954594 0.983730 1.000353 0.984474 0.998679 0.744891
1 0.416462 0.459094 0.550205 0.468022 0.567318 0.490592 0.415904 0.481167 0.416462 0.459094
1 0.417206 0.440741 0.417392 0.457606 0.548903 0.467278 0.540346 0.455870 0.524535 0.453638 0.517281 0.450661 0.512444 0.448925 0.417392 0.441733
1 0.417950 0.425612 0.417950 0.438013 0.512816 0.447933 0.513560 0.443469 0.516350 0.441485 0.516908 0.441237 0.520071 0.440989 0.524535 0.441237 0.527325 0.440741 0.528999 0.440245 0.523977 0.434788 0.418136 0.427348
1 0.418880 0.413955 0.419252 0.424868 0.523233 0.433052 0.515234 0.422140 0.419066 0.413459
1 0.419957 0.403463 0.419348 0.412527 0.513809 0.421456 0.507214 0.411715 0.420059 0.403869
1 0.421885 0.395481 0.420262 0.403057 0.506301 0.411580 0.503155 0.406169 0.489965 0.404951 0.485298 0.403057 0.483167 0.402110 0.421885 0.395752
1 0.010071 0.499170 0.126142 0.511819 0.000305 0.610777 0.000305 0.505122 0.009512 0.498426
1 0.149021 0.434438 0.015093 0.497310 0.126700 0.508471 0.221845 0.441134 0.148463 0.434066
0 0.166265 0.413828 0.168720 0.414423 0.169836 0.415911 0.170506 0.421566 0.171175 0.423352 0.175416 0.424542 0.179881 0.422756 0.181443 0.421566 0.183006 0.419780 0.184122 0.417994 0.187470 0.416209 0.188809 0.416506 0.192827 0.417399 0.198184 0.417994 0.203318 0.418292 0.208229 0.419185 0.211354 0.419780 0.214033 0.421268 0.216488 0.425137 0.218943 0.426923 0.222738 0.427221 0.226756 0.426030 0.228541 0.421864 0.230104 0.417399 0.233675 0.412340 0.234122 0.411149 0.238140 0.411149 0.242158 0.409959 0.243497 0.410256 0.245506 0.411149 0.246845 0.411447 0.249524 0.409959 0.251309 0.406685 0.251086 0.401030 0.251756 0.399244 0.251309 0.395375 0.251756 0.390911 0.251309 0.386149 0.250416 0.383471 0.248184 0.379899 0.246175 0.378411 0.243943 0.377221 0.242604 0.375137 0.239479 0.373352 0.237470 0.370971 0.235684 0.368292 0.233006 0.366506 0.229881 0.364125 0.228541 0.363530 0.223408 0.362042 0.218943 0.361744 0.215149 0.361447 0.212024 0.360852 0.208006 0.360256 0.202425 0.359066 0.199524 0.359066 0.195506 0.359364 0.191041 0.361149 0.188140 0.363233 0.183899 0.365911 0.180997 0.366804 0.178318 0.368292 0.175863 0.371864 0.172738 0.376923 0.169613 0.380792 0.168050 0.383173 0.166041 0.387340 0.166488 0.389721 0.167827 0.391506 0.167827 0.393590 0.165595 0.398352 0.164702 0.402221 0.165149 0.408173 0.165372 0.411447 0.165818 0.413530 0.166265 0.414423
0 0.253136 0.398180 0.255814 0.398180 0.259237 0.398180 0.262213 0.398577 0.263106 0.400164 0.265189 0.401156 0.266529 0.401553 0.268165 0.398775 0.269207 0.396593 0.270249 0.394807 0.272183 0.393418 0.274564 0.392426 0.276350 0.391236 0.277689 0.390244 0.279624 0.388656 0.279624 0.388656 0.281112 0.389648 0.282154 0.390244 0.283493 0.390045 0.284981 0.388061 0.285279 0.387069 0.285427 0.384688 0.284981 0.381117 0.285874 0.379728 0.286171 0.376553 0.286618 0.373379 0.285874 0.369807 0.285427 0.368022 0.284832 0.365442 0.284683 0.363458 0.283493 0.361672 0.282600 0.360085 0.280368 0.358101 0.277689 0.355918 0.276052 0.354728 0.273374 0.353141 0.270993 0.352545 0.267570 0.351950 0.265933 0.351752 0.265189 0.351355 0.264148 0.351156 0.263552 0.351355 0.262362 0.351553 0.260279 0.351156 0.257898 0.350760 0.255517 0.350760 0.253136 0.351355 0.250457 0.351553 0.247779 0.351752 0.246886 0.352148 0.244207 0.353736 0.242570 0.355720 0.240487 0.358895 0.240040 0.359490 0.239296 0.360482 0.238106 0.362466 0.237511 0.362863 0.236618 0.362268 0.235279 0.362069 0.234386 0.361871 0.232600 0.363260 0.232749 0.364053 0.234386 0.366037 0.235725 0.366434 0.236171 0.366633 0.237213 0.368220 0.237808 0.369807 0.238552 0.371196 0.239594 0.372387 0.241082 0.373379 0.242868 0.374172 0.244356 0.375164 0.246290 0.376355 0.247183 0.377347 0.248225 0.378934 0.249415 0.380323 0.250308 0.381910 0.251201 0.383696 0.251945 0.385680 0.252540 0.387466 0.252540 0.390045 0.252540 0.391633 0.252689 0.394212 0.252838 0.396593 0.252838 0.398180 0.252838 0.398379 0.252838 0.398775
1 0.422137 0.388260 0.495938 0.395142 0.496496 0.397560 0.495659 0.397932 0.492031 0.397932 0.488683 0.398118 0.487009 0.398304 0.485753 0.399978 0.483940 0.400536 0.481010 0.400722 0.476825 0.400350 0.422277 0.395142 0.422556 0.388446
1 0.420184 0.381005 0.490078 0.388818 0.495240 0.394212 0.423532 0.388074 0.420463 0.381563
1 0.486451 0.383609 0.488962 0.387888 0.423951 0.381377 0.420742 0.380261 0.421440 0.376355 0.486311 0.383237
1 0.489732 0.384377 0.492321 0.389139 0.541964 0.393663 0.545089 0.392115 0.550535 0.390687 0.550267 0.389377 0.489999 0.384377
1 0.497410 0.395806 0.493482 0.389853 0.542232 0.394139 0.542053 0.396282 0.539017 0.398544 0.537142 0.399615 0.497410 0.395329
1 0.519374 0.404853 0.516964 0.402353 0.513571 0.400091 0.508571 0.399139 0.502321 0.398067 0.498571 0.397353 0.498124 0.395925 0.537946 0.400091 0.537767 0.403306 0.536607 0.405329 0.536071 0.406282 0.519374 0.404734
1 0.506071 0.406520 0.509017 0.411044 0.533749 0.414020 0.534196 0.412234 0.534821 0.410567 0.535178 0.409258 0.535892 0.407710 0.536249 0.406996 0.519285 0.405806 0.515624 0.406877 0.513214 0.406877 0.510178 0.407115 0.508214 0.406996 0.506428 0.406520
1 0.510089 0.412472 0.516607 0.421639 0.536607 0.423425 0.538571 0.423425 0.535892 0.421044 0.534107 0.419496 0.533482 0.416996 0.533839 0.415687 0.533660 0.414972 0.510535 0.412591
0 0.534017 0.416877 0.534464 0.418782 0.535803 0.420210 0.536785 0.421520 0.538214 0.422710 0.540535 0.424377 0.541874 0.425091 0.542946 0.425925 0.543839 0.426758 0.544999 0.427115 0.546696 0.427353 0.547767 0.427472 0.548392 0.427591 0.548928 0.428544 0.550089 0.430687 0.550535 0.432353 0.551249 0.434020 0.553571 0.435329 0.557142 0.435687 0.559107 0.434496 0.561160 0.433901 0.562053 0.432472 0.564821 0.431877 0.565446 0.431401 0.566785 0.431401 0.569107 0.431520 0.572499 0.431758 0.574732 0.431996 0.577053 0.432234 0.578839 0.432234 0.580357 0.432234 0.581696 0.432353 0.583571 0.432115 0.585089 0.432115 0.587321 0.431758 0.589285 0.431282 0.590982 0.430687 0.592232 0.430567 0.593749 0.430091 0.595178 0.429139 0.596517 0.428663 0.598392 0.427948 0.600267 0.427353 0.601964 0.426758 0.603035 0.426401 0.604107 0.426044 0.605803 0.425329 0.607053 0.425091 0.607946 0.424972 0.609821 0.424496 0.610892 0.424377 0.612410 0.424377 0.613214 0.424258 0.614464 0.424020 0.615892 0.423782 0.616964 0.423782 0.618839 0.423901 0.620714 0.424139 0.621517 0.424139 0.622767 0.424020 0.623660 0.423663 0.623482 0.422829 0.623124 0.421877 0.622589 0.421163 0.622410 0.419853 0.622589 0.419377 0.622678 0.419020 0.622589 0.417829 0.621339 0.416639 0.620535 0.415925 0.619196 0.414377 0.617946 0.413425 0.616785 0.412472 0.615446 0.411520 0.613839 0.410567 0.611964 0.409734 0.610267 0.408901 0.608392 0.408306 0.606339 0.407472 0.604999 0.406639 0.604196 0.406282 0.602678 0.405448 0.601517 0.404496 0.599374 0.402948 0.597410 0.401401 0.595267 0.399734 0.594017 0.398544 0.592142 0.397234 0.589910 0.395567 0.587767 0.394139 0.586249 0.393425 0.582589 0.391758 0.578928 0.390567 0.577053 0.390329 0.574017 0.389972 0.570624 0.389615 0.568124 0.389615 0.564107 0.389020 0.562232 0.389020 0.558839 0.388901 0.555446 0.389496 0.552232 0.389853 0.546964 0.391877 0.545535 0.392472 0.543482 0.393544 0.542946 0.394615 0.542589 0.396758 0.541696 0.397829 0.540357 0.398544 0.539196 0.399496 0.538482 0.400210 0.538303 0.401639 0.538214 0.403306 0.537321 0.404734 0.536785 0.406282 0.536517 0.407948 0.535267 0.410091 0.534553 0.411758 0.533839 0.414615 0.533660 0.415806 0.533749 0.417353 0.534107 0.417948
0 0.614537 0.395047 0.614184 0.397554 0.614889 0.400687 0.615711 0.401940 0.617709 0.403036 0.619118 0.403036 0.620763 0.401940 0.622408 0.401470 0.625345 0.401940 0.628752 0.403036 0.631101 0.403819 0.632629 0.405542 0.633334 0.408049 0.633334 0.410555 0.635213 0.411965 0.637328 0.412435 0.640382 0.410712 0.641792 0.410085 0.645317 0.410085 0.649194 0.410712 0.653188 0.411025 0.655303 0.411025 0.657770 0.411338 0.659414 0.411338 0.660354 0.412121 0.662116 0.412591 0.664231 0.411495 0.665758 0.411182 0.666346 0.410085 0.667403 0.407735 0.667638 0.404603 0.667638 0.401156 0.667403 0.397710 0.666463 0.394421 0.665406 0.391601 0.663879 0.388782 0.662704 0.385492 0.661177 0.383769 0.660002 0.382673 0.657770 0.381106 0.656125 0.380166 0.653188 0.379227 0.650486 0.378443 0.647196 0.377190 0.642615 0.376094 0.639325 0.375781 0.635918 0.375781 0.633216 0.375624 0.629574 0.376877 0.626755 0.378600 0.624170 0.380480 0.622878 0.381576 0.620528 0.382516 0.617944 0.383456 0.616769 0.384239 0.615241 0.386275 0.614537 0.389252 0.613714 0.393794 0.613949 0.396301 0.614302 0.397554
0 0.553296 0.376688 0.553203 0.378672 0.553296 0.380285 0.555528 0.381525 0.556645 0.381649 0.559156 0.382393 0.560272 0.382641 0.561481 0.383137 0.562597 0.384005 0.563620 0.384749 0.564922 0.385245 0.566317 0.385865 0.567991 0.385865 0.569758 0.385989 0.569944 0.385493 0.571432 0.385245 0.572828 0.385245 0.574316 0.385245 0.575339 0.384997 0.576827 0.384997 0.579896 0.385121 0.581291 0.385245 0.584546 0.385493 0.586034 0.385617 0.591429 0.385493 0.591708 0.385493 0.592266 0.385493 0.593103 0.385617 0.593754 0.386857 0.594219 0.387601 0.595149 0.388221 0.597288 0.388841 0.598962 0.388593 0.599892 0.388097 0.600915 0.386609 0.601659 0.386609 0.603427 0.386609 0.605566 0.385741 0.606124 0.385493 0.606589 0.384749 0.607054 0.383633 0.607426 0.381525 0.607054 0.379045 0.606682 0.377556 0.606868 0.375944 0.606961 0.374580 0.606496 0.372720 0.605845 0.371976 0.604729 0.370364 0.604264 0.369124 0.604264 0.368256 0.604171 0.367140 0.603055 0.366396 0.602031 0.365776 0.601287 0.365528 0.600450 0.365156 0.599334 0.364784 0.598218 0.364536 0.596451 0.363916 0.593475 0.362923 0.592266 0.362551 0.590499 0.362551 0.587523 0.362675 0.585662 0.362675 0.583058 0.362675 0.581105 0.362427 0.579338 0.362179 0.578222 0.362179 0.576548 0.362923 0.575897 0.363296 0.574502 0.363792 0.572084 0.364784 0.570037 0.365900 0.568642 0.366520 0.567154 0.366768 0.565666 0.367140 0.564829 0.367636 0.563341 0.368132 0.562225 0.368504 0.557110 0.370116 0.556459 0.370240 0.555714 0.370984 0.554970 0.371232 0.553854 0.372100 0.553110 0.373216 0.553017 0.374084 0.553017 0.375448 0.553017 0.376564 0.553203 0.377556
0 0.866097 0.430266 0.864758 0.430861 0.864758 0.432408 0.864758 0.434194 0.864847 0.435266 0.865651 0.436813 0.866097 0.437647 0.866365 0.438480 0.868240 0.439075 0.869579 0.439194 0.870829 0.439194 0.872794 0.439194 0.874579 0.439194 0.877079 0.439908 0.878686 0.440385 0.880651 0.440980 0.881990 0.441456 0.883151 0.442289 0.884222 0.443123 0.885472 0.443956 0.887526 0.444313 0.889490 0.443361 0.890383 0.443004 0.892972 0.443004 0.895294 0.443123 0.897794 0.443361 0.900115 0.443480 0.902972 0.443956 0.904579 0.444551 0.906901 0.444908 0.909133 0.445504 0.911008 0.445861 0.912347 0.446099 0.912883 0.447051 0.914222 0.447766 0.916186 0.448004 0.918240 0.447051 0.918865 0.445504 0.919133 0.445385 0.919401 0.445266 0.921008 0.445028 0.921811 0.444313 0.923151 0.443123 0.924222 0.441337 0.924490 0.439313 0.924222 0.438004 0.924490 0.436337 0.924133 0.434432 0.923240 0.432289 0.922615 0.430266 0.921901 0.429194 0.921186 0.427885 0.920204 0.426337 0.918865 0.425028 0.917883 0.424313 0.916097 0.423599 0.914669 0.423123 0.912347 0.422289 0.908954 0.421694 0.907347 0.421575 0.905740 0.420980 0.904133 0.420504 0.902347 0.420028 0.899311 0.419075 0.897526 0.418837 0.894936 0.418480 0.893419 0.418480 0.891990 0.418837 0.889847 0.419670 0.888686 0.419908 0.885829 0.420742 0.884044 0.421694 0.882258 0.422528 0.880651 0.423242 0.879490 0.423718 0.877436 0.424908 0.876365 0.424908 0.873865 0.425385 0.871990 0.425385 0.869490 0.425504 0.867347 0.425742 0.866186 0.426575 0.865829 0.427885 0.865829 0.429670 0.865829 0.430504
0 0.982638 0.449871 0.982103 0.450942 0.981478 0.452252 0.980942 0.453323 0.980763 0.455228 0.980406 0.457014 0.980138 0.458680 0.981299 0.459871 0.982996 0.460347 0.984246 0.460823 0.984692 0.462728 0.985138 0.464633 0.986121 0.466300 0.988621 0.466895 0.990406 0.465823 0.992192 0.465109 0.994067 0.464633 0.996924 0.465347 0.998621 0.465585 1.000049 0.465823 0.999781 0.442252 0.991656 0.444990 0.988531 0.446419 0.986567 0.446776 0.984871 0.446895 0.983263 0.448800 0.982728 0.449871 0.982281 0.450704
1 0.730039 0.425401 0.685599 0.421343 0.697064 0.429054 0.762811 0.435548 0.751244 0.430136 0.746881 0.429595 0.745258 0.429595 0.742011 0.429054 0.739475 0.428648 0.736735 0.427972 0.734199 0.427431 0.730445 0.425943 0.730039 0.425672
1 0.765753 0.436359 0.776305 0.441365 0.777015 0.442447 0.777320 0.443935 0.778233 0.444611 0.777320 0.445017 0.718777 0.439471 0.698992 0.429866 0.765246 0.436359
1 0.779146 0.446641 0.781784 0.447723 0.784726 0.448940 0.789089 0.450293 0.793350 0.451105 0.797307 0.451646 0.801366 0.452458 0.804105 0.452864 0.806135 0.453405 0.808367 0.454081 0.811309 0.456246 0.821151 0.459628 0.745359 0.451917 0.720907 0.440824 0.779653 0.446370
1 0.824905 0.460845 0.843269 0.468421 0.843472 0.471532 0.844893 0.472615 0.845907 0.473291 0.777523 0.467609 0.747287 0.453540 0.825311 0.460710
1 0.849357 0.475456 0.861025 0.478838 0.867214 0.480596 0.871171 0.481679 0.876954 0.483302 0.880810 0.483708 0.882129 0.483978 0.903740 0.493313 0.815570 0.486549 0.779349 0.468827 0.847835 0.474509 0.849560 0.475726
1 0.907596 0.494801 0.959239 0.515634 0.863156 0.509817 0.817701 0.487631 0.907088 0.494801 0.907900 0.494801
1 0.965124 0.517258 0.999722 0.531327 0.999621 0.542690 0.923018 0.538903 0.864678 0.511035 0.965225 0.517528
1 0.992663 0.503551 0.911051 0.494065 0.965738 0.516944 0.996430 0.519920 0.996849 0.515642 0.996570 0.513782 0.996988 0.511550 0.997407 0.510062 0.992942 0.504109
1 0.939371 0.485136 0.983874 0.501319 0.910353 0.493879 0.885799 0.483834 0.887613 0.482904 0.889845 0.481416 0.889845 0.479928 0.889287 0.479742 0.939231 0.485508
1 0.897091 0.470034 0.828477 0.460718 0.843325 0.467317 0.845655 0.466799 0.848954 0.466929 0.852351 0.466799 0.857980 0.468093 0.863900 0.469129 0.869626 0.470293 0.875740 0.472493 0.882922 0.474952 0.888065 0.477928 0.888842 0.478963 0.938046 0.484527 0.896994 0.469776
1 0.861086 0.456706 0.814114 0.450366 0.814016 0.451272 0.813143 0.452436 0.811590 0.452824 0.810620 0.452695 0.825759 0.460071 0.894859 0.468611 0.860989 0.456577
1 0.830612 0.445190 0.770441 0.436908 0.775100 0.439626 0.777235 0.440273 0.778302 0.440402 0.780437 0.440402 0.785969 0.440531 0.790045 0.441049 0.794412 0.441955 0.800818 0.443378 0.808096 0.445837 0.812658 0.447907 0.814599 0.449589 0.858950 0.455412 0.830806 0.445319
1 0.803632 0.434967 0.829836 0.444284 0.769180 0.436649 0.757048 0.431603 0.759475 0.431344 0.760930 0.430568 0.761416 0.429921 0.803826 0.435226
1 0.780340 0.425909 0.801400 0.434320 0.759960 0.429015 0.755301 0.425392 0.752972 0.424227 0.749381 0.423709 0.746470 0.422933 0.741714 0.422027 0.737444 0.421251 0.731621 0.420345 0.729098 0.419827 0.780340 0.426039
1 0.754537 0.417078 0.779729 0.425369 0.723606 0.418353 0.708460 0.411976 0.755414 0.417822
1 0.698893 0.406767 0.706865 0.411338 0.754059 0.417609 0.738354 0.410913 0.698415 0.406448
1 0.527390 0.434487 0.530119 0.439282 0.536567 0.439613 0.540163 0.440605 0.544007 0.441597 0.548348 0.442755 0.553928 0.444408 0.557648 0.447219 0.560625 0.449534 0.573397 0.452014 0.575753 0.450360 0.576870 0.446557 0.577366 0.442755 0.577738 0.438621 0.528134 0.435645
1 0.852384 0.426538 0.815130 0.421407 0.828215 0.427257 0.862467 0.431362 0.852230 0.426744
1 0.856232 0.436288 0.830216 0.427975 0.863929 0.431978 0.864699 0.432799 0.864622 0.434749 0.864930 0.435672 0.865315 0.436699 0.865315 0.437212 0.856309 0.436185
1 0.919271 0.449732 0.882556 0.445319 0.909342 0.455069 0.959296 0.460919 0.944979 0.456403 0.937590 0.454966 0.934434 0.454658 0.930817 0.453735 0.926275 0.452401 0.923504 0.451682 0.920349 0.450553 0.918809 0.449732
1 0.963529 0.462047 0.997935 0.472208 0.945056 0.466460 0.913344 0.456095 0.963375 0.461740
1 0.945903 0.467487 0.987082 0.479699 0.999782 0.480828 0.999859 0.473234 0.997396 0.472823 0.946442 0.466871
0 0.364935 0.323470 0.364817 0.325193 0.364935 0.327229 0.364700 0.328639 0.364347 0.329735 0.365992 0.331145 0.367519 0.331302 0.369282 0.331928 0.370104 0.332868 0.370926 0.333651 0.371749 0.333965 0.373158 0.334121 0.374216 0.333808 0.374921 0.333181 0.375626 0.332868 0.391368 0.335218 0.392308 0.336471 0.394188 0.336941 0.395362 0.336314 0.396655 0.335844 0.397829 0.335218 0.399239 0.335374 0.399944 0.335374 0.401001 0.333338 0.400884 0.332241 0.400532 0.330675 0.399827 0.329579 0.398534 0.328482 0.397594 0.327855 0.395950 0.327229 0.394422 0.326446 0.393365 0.326132 0.392190 0.325819 0.391838 0.325663 0.390428 0.324566 0.389488 0.323783 0.388079 0.322530 0.386904 0.321433 0.385846 0.320963 0.384084 0.320337 0.381852 0.319867 0.380090 0.319710 0.377740 0.319240 0.375273 0.318927 0.372806 0.318457 0.370104 0.318457 0.368342 0.318770 0.367402 0.319867 0.366932 0.321277 0.365875 0.322216 0.364817 0.323156 0.364582 0.323626
0 0.216040 0.307267 0.215275 0.308032 0.214829 0.308713 0.214446 0.309563 0.214255 0.310583 0.214255 0.312029 0.215020 0.312794 0.216040 0.313049 0.216551 0.313134 0.217316 0.313475 0.217890 0.314070 0.218336 0.314835 0.219421 0.315175 0.220377 0.315260 0.221270 0.315090 0.221972 0.314750 0.222673 0.314325 0.222992 0.314240 0.241487 0.315175 0.241742 0.316366 0.241997 0.316876 0.242954 0.317386 0.244229 0.317556 0.245313 0.317386 0.246206 0.316791 0.247035 0.315855 0.247163 0.315855 0.253732 0.315345 0.254752 0.315345 0.255326 0.315175 0.255964 0.314665 0.255836 0.313219 0.255390 0.311944 0.255262 0.310924 0.255007 0.309393 0.254944 0.308883 0.254561 0.308032 0.252839 0.307182 0.251946 0.306927 0.250671 0.306417 0.249204 0.305651 0.247609 0.304886 0.246334 0.304291 0.244676 0.303611 0.242826 0.302930 0.240722 0.302335 0.239063 0.302165 0.237533 0.302165 0.235301 0.302250 0.233387 0.302420 0.231984 0.302505 0.230454 0.303100 0.229051 0.303951 0.228094 0.304376 0.226563 0.304971 0.224586 0.305311 0.222992 0.305396 0.221206 0.305907 0.219867 0.306077 0.217826 0.306417 0.216296 0.306757 0.215530 0.307437
0 0.187511 0.308813 0.186924 0.309283 0.186277 0.309127 0.185396 0.308422 0.184750 0.307169 0.184750 0.306307 0.184750 0.305524 0.184926 0.304349 0.185749 0.303018 0.187452 0.302156 0.189156 0.301843 0.190331 0.301764 0.191329 0.301608 0.192093 0.301451 0.193091 0.301295 0.194384 0.300825 0.196733 0.299493 0.198261 0.299258 0.199670 0.298945 0.201198 0.298397 0.202784 0.298162 0.204957 0.298162 0.207130 0.298397 0.209539 0.298867 0.212652 0.299650 0.213533 0.300198 0.216059 0.301451 0.218526 0.302861 0.220112 0.304192 0.221052 0.305289 0.219936 0.305680 0.217821 0.305759 0.216411 0.306385 0.215119 0.307325 0.214590 0.308578 0.214179 0.310458 0.213768 0.312181 0.212300 0.312494 0.210714 0.312416 0.208893 0.311633 0.208540 0.310771 0.207600 0.310458 0.204722 0.310458 0.202842 0.310458 0.200845 0.310615 0.198202 0.310850 0.194207 0.310536 0.192621 0.310145 0.192151 0.310066 0.191035 0.310850 0.190037 0.310850 0.188803 0.310771 0.188275 0.309988 0.187922 0.309362 0.187628 0.308970
0 0.049200 0.288553 0.047144 0.288553 0.046380 0.289258 0.046204 0.291138 0.046322 0.293252 0.048319 0.294975 0.049670 0.295289 0.050786 0.296463 0.052196 0.296933 0.054134 0.296385 0.055426 0.296150 0.058716 0.296777 0.062593 0.297168 0.066822 0.297482 0.069994 0.297403 0.072931 0.297717 0.073284 0.299126 0.075222 0.299518 0.077983 0.299126 0.079099 0.298578 0.081860 0.298500 0.083681 0.298500 0.084562 0.298500 0.085325 0.297638 0.084973 0.295524 0.084973 0.293252 0.085972 0.291842 0.085795 0.290668 0.084386 0.289806 0.082917 0.289101 0.080450 0.287378 0.078159 0.286360 0.076103 0.285498 0.072344 0.284480 0.069642 0.284010 0.067645 0.284480 0.065295 0.284480 0.062769 0.284010 0.060478 0.284324 0.058540 0.285264 0.056190 0.286203 0.054487 0.286987 0.052372 0.287300 0.049376 0.287613 0.048201 0.288318