0 0.999962 0.538441 0.986355 0.539664 0.976418 0.539868 0.974736 0.542314 0.972290 0.546595 0.977029 0.545372 0.988190 0.543130 0.999809 0.541091
0 0.999809 0.575746 0.974736 0.573299 0.968162 0.573096 0.964646 0.574930 0.961282 0.579007 0.956695 0.580434 0.953332 0.595111 0.957307 0.602654 0.960671 0.605100 0.964187 0.611011 0.969691 0.613254 0.973666 0.614069 0.988955 0.626300 0.994458 0.630377 0.995834 0.633231 0.998128 0.635066 0.999809 0.636085
0 0.999962 0.540684 0.982228 0.544149 0.963575 0.548838 0.957613 0.549245 0.948287 0.548430 0.938349 0.548022 0.932845 0.548838 0.930705 0.551488 0.927647 0.552915 0.926271 0.554749 0.923978 0.558826 0.921990 0.563922 0.920614 0.569019 0.923825 0.573096 0.927341 0.577784 0.934986 0.583696 0.940490 0.586142 0.944770 0.587161 0.952262 0.594092 0.954861 0.588588 0.956848 0.581046 0.960823 0.579823 0.965257 0.575542 0.967550 0.573299 0.999809 0.575746
0 0.969997 0.546799 0.972290 0.539868 0.971525 0.534976 0.966174 0.524580 0.967550 0.522337 0.961435 0.517037 0.952109 0.513164 0.951803 0.511329 0.945993 0.510514 0.931316 0.505214 0.916945 0.500933 0.906243 0.500322 0.897223 0.502768 0.884074 0.505622 0.872608 0.504602 0.862212 0.505825 0.857931 0.508883 0.854567 0.517445 0.853650 0.521930 0.856555 0.525803 0.860530 0.529268 0.864199 0.533345 0.867868 0.536607 0.874748 0.541499 0.881170 0.545576 0.886673 0.547003 0.891872 0.547003 0.894776 0.544149 0.927647 0.552915 0.931775 0.551284 0.932387 0.549653 0.944770 0.548022 0.961741 0.549449
0 0.000050 0.293389 0.008022 0.299463 0.013716 0.303715 0.016449 0.306448 0.018955 0.311611 0.019410 0.321937 0.017588 0.326188 0.015538 0.330136 0.010527 0.330744 0.002783 0.327099 0.002783 0.325277 0.000050 0.324670
0 0.000050 0.274561 0.013260 0.277597 0.022827 0.279116 0.036265 0.283671 0.043326 0.289138 0.054715 0.300374 0.068381 0.309789 0.070658 0.316774 0.070431 0.323759 0.062914 0.322544 0.051070 0.322544 0.042415 0.323455 0.036721 0.330136 0.028749 0.329225 0.022827 0.326796 0.019182 0.322240 0.018955 0.311611 0.015766 0.306145 0.011894 0.302197 0.000278 0.293389
0 0.171788 0.304322 0.159716 0.298552 0.143545 0.295212 0.126690 0.294301 0.122134 0.295819 0.113251 0.300982 0.106190 0.302197 0.098219 0.305537 0.097307 0.308270 0.096852 0.314648 0.097763 0.318900 0.099357 0.319507 0.101407 0.322848 0.104824 0.324366 0.108240 0.324062 0.111201 0.320114 0.132840 0.326492 0.141267 0.324974 0.153111 0.325277 0.166777 0.326188 0.177938 0.328314 0.178621 0.322848 0.177255 0.320418 0.176799 0.313433
0 0.233514 0.293693 0.231464 0.302500 0.227136 0.302500 0.222809 0.307056 0.220075 0.308270 0.219164 0.311307 0.218936 0.321026 0.220531 0.322240 0.222353 0.321026 0.225314 0.324062 0.227592 0.326796 0.229186 0.325277 0.233969 0.324062 0.246041 0.325581 0.248774 0.324670 0.252646 0.324670 0.259252 0.315559 0.255380 0.308574 0.247408 0.307967 0.247180 0.305234 0.250369 0.296730 0.245813 0.293693 0.236930 0.293389
0 -0.000178 0.383586 0.023966 0.404237 0.029888 0.402719 0.034671 0.406060 0.032849 0.410311 0.030571 0.411526 0.036493 0.416081 0.053120 0.425496 0.062231 0.431873 0.064964 0.441895 0.067470 0.452828 0.068153 0.461332 0.068381 0.473479 0.062914 0.479553 0.052437 0.484716 0.017360 0.492308 -0.000406 0.495953
0 0.000050 0.367491 0.005061 0.359291 0.022371 0.358076 0.036721 0.358076 0.052892 0.358987 0.071342 0.361720 0.090019 0.367491 0.102091 0.375083 0.114618 0.386016 0.127601 0.399682 0.137850 0.408489 0.150150 0.416689 0.153794 0.421852 0.155844 0.429748 0.156755 0.437340 0.156300 0.445236 0.154705 0.448273 0.146733 0.454347 0.127145 0.458902 0.106874 0.460421 0.094119 0.458598 0.089791 0.459510 0.087513 0.463761 0.079997 0.464976 0.075669 0.462850 0.071114 0.457687 0.067925 0.447058 0.065647 0.446754 0.062231 0.431570 0.030799 0.412741 0.032849 0.410615 0.034899 0.405452 0.030343 0.403023 0.023966 0.403934 -0.000178 0.383283
0 0.286584 0.338336 0.296378 0.347447 0.304578 0.353217 0.295012 0.356558 0.294100 0.360506 0.292506 0.362935 0.291139 0.361417 0.290684 0.356558 0.289773 0.349876
0 0.321661 0.350787 0.318016 0.349573 0.317789 0.351091 0.307767 0.352002 0.307311 0.353217 0.300934 0.354432 0.294784 0.356558 0.293873 0.359595 0.292506 0.363846 0.291823 0.368705 0.291595 0.373868 0.291595 0.375994 0.296150 0.378727 0.302528 0.384801 0.308906 0.389053 0.343526 0.398164 0.344665 0.400593 0.346032 0.403023 0.349676 0.405452 0.355143 0.405452 0.358559 0.404237 0.360837 0.400593 0.371998 0.403023 0.380653 0.400593 0.381108 0.398164 0.379970 0.384801 0.376325 0.380853 0.371998 0.375994 0.362204 0.371742 0.352182 0.361113 0.343526 0.355647 0.331455 0.352002
0 0.196387 0.337425 0.197298 0.335906 0.205043 0.334084 0.213014 0.333781 0.220531 0.328922 0.226225 0.326492 0.235108 0.324366 0.247180 0.324974 0.253330 0.325277 0.264490 0.326492 0.276334 0.329225 0.281345 0.331351 0.283623 0.332566 0.285445 0.334388 0.287040 0.337729 0.289773 0.351091 0.291367 0.362631 0.289317 0.372350 0.284990 0.367794 0.275196 0.359291 0.256291 0.352002 0.239208 0.348358 0.225997 0.346839 0.215064 0.349269 0.214153 0.352610 0.208231 0.362935 0.206865 0.351699 0.201398 0.343499
0 0.205043 0.379031 0.206865 0.364150 0.215064 0.352002 0.215064 0.349573 0.226908 0.347143 0.256063 0.352002 0.275423 0.359898 0.291823 0.376298 0.299795 0.382372 0.305717 0.387231 0.309133 0.391179 0.310955 0.398164 0.310728 0.405148 0.309133 0.413348 0.301617 0.415170 0.293417 0.417296 0.282029 0.416385 0.279068 0.418511 0.276107 0.419118 0.271096 0.418815 0.266768 0.416689 0.264263 0.410008 0.229414 0.399682 0.221214 0.394823 0.209142 0.383586
0 0.101407 0.373868 0.117807 0.371439 0.130334 0.367794 0.144911 0.365668 0.161083 0.364150 0.177027 0.366579 0.192287 0.370527 0.201398 0.376905 0.221670 0.394216 0.235791 0.405148 0.247180 0.410919 0.249230 0.420029 0.249002 0.432177 0.248547 0.436125 0.247408 0.440377 0.232375 0.443717 0.214837 0.447969 0.205043 0.447665 0.201398 0.450095 0.192060 0.450399 0.185910 0.447058 0.182949 0.438555 0.156300 0.430659 0.153794 0.422155 0.148783 0.416385 0.134434 0.405452 0.120996 0.393001 0.110290 0.381157
0 0.111201 0.336818 0.118262 0.336818 0.124184 0.331351 0.134889 0.326492 0.145595 0.324974 0.166094 0.326492 0.179532 0.328922 0.192743 0.334692 0.196843 0.338336 0.206865 0.350787 0.208231 0.362631 0.207320 0.363846 0.205498 0.374779 0.204587 0.378423 0.201854 0.377512 0.191376 0.371135 0.176799 0.367491 0.163133 0.364757 0.152200 0.364757 0.142634 0.365365 0.141495 0.363543 0.133523 0.356861 0.123045 0.349269 0.123045 0.346536 0.121223 0.343803 0.118262 0.343499
0 0.118490 0.344106 0.121907 0.344106 0.123729 0.346536 0.123045 0.349876 0.141267 0.364150 0.142178 0.366579 0.129195 0.368402 0.118946 0.371439 0.100952 0.373868 0.089563 0.367794 0.070658 0.361720 0.049020 0.358683 0.034215 0.358076 0.030115 0.358076 0.027382 0.347447 0.028521 0.342284 0.031482 0.337425 0.031254 0.333781 0.033076 0.331351 0.037404 0.330440 0.041959 0.323151 0.056537 0.322848 0.065420 0.323151 0.073847 0.324062 0.094802 0.327707 0.107785 0.333173 0.114162 0.339551
0 0.437663 0.498460 0.414203 0.496942 0.395981 0.497853 0.383226 0.501801 0.375254 0.504534 0.365232 0.512734 0.363638 0.517593 0.361588 0.521541 0.359310 0.526704 0.358855 0.537940 0.358855 0.543103 0.360677 0.548873 0.365688 0.554340 0.373660 0.557680 0.373887 0.564362 0.377076 0.573776 0.380265 0.578332 0.386415 0.582583 0.398259 0.583191 0.403953 0.577724 0.408736 0.570436 0.449051 0.582887 0.510549 0.602931 0.510777 0.611130 0.513282 0.619634 0.517382 0.623885 0.522621 0.626619 0.530137 0.629352 0.538565 0.627530 0.543804 0.622367 0.548131 0.612649 0.559747 0.614775 0.572730 0.614775 0.582297 0.610219 0.586396 0.603538 0.588674 0.588353 0.589357 0.578635 0.588674 0.571650 0.588219 0.557377 0.586396 0.529741 0.584119 0.517593 0.575464 0.512126 0.572958 0.507875 0.543804 0.499371 0.513738 0.490868 0.485495 0.485402 0.480484 0.485402 0.466817 0.489046 0.449735 0.494512
0 0.585713 0.524882 0.588674 0.511215 0.587535 0.496942 0.582297 0.470824 0.574325 0.467484 0.566353 0.462625 0.533782 0.452906 0.512371 0.448351 0.504399 0.449566 0.494605 0.451692 0.482989 0.456854 0.467956 0.464143 0.451329 0.463839 0.434019 0.464143 0.424680 0.467484 0.416708 0.473861 0.414658 0.477505 0.412608 0.484794 0.411697 0.486313 0.409419 0.489653 0.408053 0.494816 0.407825 0.496942 0.419897 0.497549 0.437435 0.498460 0.462718 0.490564 0.479573 0.485402 0.489594 0.485705 0.528087 0.494816 0.573186 0.507875 0.575691 0.512430 0.584119 0.518200
0 0.582297 0.470521 0.582069 0.458373 0.573414 0.445314 0.572958 0.442277 0.558609 0.434988 0.536515 0.428915 0.525582 0.428307 0.512827 0.431952 0.503033 0.434988 0.489594 0.433470 0.480939 0.433470 0.475700 0.434988 0.471601 0.438633 0.470689 0.441366 0.469095 0.444707 0.467045 0.447136 0.465679 0.450781 0.465451 0.455032 0.466590 0.463232 0.471373 0.462625 0.493694 0.451995 0.513055 0.448655 0.552003 0.457462 0.566125 0.462928 0.575236 0.467484
0 0.506905 0.433470 0.508499 0.428307 0.511916 0.424359 0.518749 0.422537 0.535376 0.422841 0.545853 0.420715 0.554281 0.416767 0.566808 0.417982 0.578425 0.420411 0.589130 0.425574 0.604846 0.438329 0.612134 0.442581 0.613046 0.453210 0.610085 0.463536 0.606896 0.468395 0.592091 0.468395 0.590041 0.470521 0.584119 0.472039 0.582069 0.471128 0.582297 0.458373 0.573414 0.445314 0.572958 0.442581 0.555192 0.434685 0.535604 0.428915 0.524899 0.428307
0 0.515332 0.423144 0.516471 0.416767 0.521482 0.414034 0.533098 0.413123 0.539931 0.413123 0.547903 0.414337 0.559520 0.411300 0.566808 0.408871 0.579563 0.409478 0.591863 0.413426 0.600974 0.416160 0.607807 0.422537 0.612362 0.432863 0.613957 0.439240 0.612818 0.444403 0.610540 0.441366 0.599152 0.433774 0.585713 0.423752 0.575464 0.419804 0.557925 0.417071 0.548587 0.419196 0.538109 0.422233 0.526721 0.422233
0 0.690488 0.444363 0.682645 0.434711 0.684455 0.425058 0.686566 0.422243 0.701347 0.423450 0.713714 0.419025 0.720350 0.419025 0.734226 0.420634 0.745990 0.425058 0.752022 0.428678 0.755340 0.434711 0.756245 0.439135 0.755944 0.448787 0.755642 0.453614 0.752626 0.456831 0.745386 0.456831 0.742370 0.458842 0.737242 0.460853 0.729399 0.458440 0.725176 0.455222 0.695314 0.444363
0 0.691694 0.580705 0.666960 0.579096 0.654592 0.580303 0.647051 0.581509 0.642527 0.585933 0.636494 0.593173 0.633779 0.608054 0.632573 0.624543 0.636192 0.638620 0.650973 0.656316 0.667563 0.665969 0.671484 0.673208 0.676612 0.677632 0.689281 0.682459 0.701347 0.680448 0.705871 0.677230 0.820796 0.710612 0.822908 0.718253 0.824718 0.721069 0.831656 0.728710 0.841911 0.731123 0.850357 0.730319 0.858502 0.723884 0.860613 0.719058 0.876298 0.721069 0.886554 0.719460 0.892889 0.716645 0.895000 0.713025 0.899525 0.698144 0.898017 0.691709 0.900128 0.680448 0.899826 0.672404 0.895302 0.661143 0.887158 0.647468 0.874187 0.636207 0.864836 0.628565 0.843721 0.611271 0.822003 0.595184 0.805111 0.585531 0.781583 0.577085 0.750514 0.570650 0.725780 0.572661
0 0.714497 0.498525 0.700074 0.500127 0.678096 0.506080 0.666249 0.506080 0.652684 0.507224 0.644442 0.508598 0.639291 0.511574 0.635685 0.530576 0.638433 0.541336 0.653027 0.550951 0.655946 0.553241 0.660239 0.561025 0.670541 0.566748 0.677066 0.565603 0.682904 0.562856 0.719992 0.573845 0.733900 0.571785 0.752787 0.571098 0.783179 0.577966 0.803955 0.585063 0.804813 0.578653 0.804813 0.573387 0.804813 0.564459 0.805672 0.554614 0.803440 0.548204 0.798460 0.530347 0.788501 0.521189 0.782148 0.519816 0.785582 0.518900 0.790390 0.517984 0.791764 0.513177 0.786956 0.501730 0.771503 0.495777 0.744374 0.488222 0.728405 0.483873 0.711407 0.485246 0.709346 0.491885
0 0.724456 0.484102 0.712093 0.472197 0.703852 0.465100 0.692863 0.458689 0.673288 0.453195 0.661441 0.449990 0.649250 0.448845 0.644786 0.448616 0.637402 0.493030 0.648907 0.497609 0.650280 0.500814 0.652169 0.505164 0.653714 0.507911 0.662986 0.506537 0.677924 0.505851 0.705569 0.499669 0.714841 0.499211 0.709346 0.491428 0.711407 0.484788
0 0.730294 0.484559 0.727718 0.478607 0.721709 0.472197 0.706599 0.463268 0.690115 0.449303 0.677924 0.441977 0.662815 0.437856 0.647876 0.434422 0.636372 0.435567 0.630706 0.465329 0.635170 0.467847 0.643412 0.448616 0.658350 0.449532 0.680843 0.455713 0.695095 0.459834 0.707286 0.467160 0.718618 0.477920
0 0.720335 0.470823 0.719648 0.465558 0.714841 0.460063 0.705397 0.453882 0.696984 0.451363 0.683762 0.436940 0.677753 0.430988 0.667451 0.426638 0.652684 0.422517 0.639291 0.421373 0.637231 0.434651 0.650109 0.435109 0.677066 0.441977 0.691146 0.449990 0.707801 0.464413
1 0.248727 0.416440 0.249459 0.420587 0.248544 0.438884 0.288979 0.428394
1 0.311300 0.398144 0.310203 0.412781 0.328499 0.417904 0.357224 0.410829
1 0.380460 0.390094 0.381375 0.399364 0.376252 0.402535 0.383754 0.404243 0.409368 0.397168
1 0.070621 0.322194 0.070621 0.323575 0.077754 0.324495 0.094553 0.327564 0.109165 0.333700 0.111582 0.336768 0.118255 0.336615 0.121362 0.334314 0.080401 0.322654 0.076144 0.322808
1 0.069470 0.307313 0.070391 0.314063 0.076144 0.314370 0.087304 0.317745 0.089605 0.319279 0.097084 0.318359 0.096164 0.314217
1 0.872767 0.546893 0.901860 0.569632 0.925812 0.576488 0.920294 0.569967 0.922426 0.561774
1 0.435158 0.956188 0.432479 0.976426 0.432479 1.000831 -0.000110 1.000235 -0.000110 0.837140 0.082479 0.772259
1 0.093193 0.763926 0.438729 0.941902 0.448551 0.921664 0.466408 0.891902 0.491854 0.872854 0.515068 0.865712 0.544533 0.866902 0.561497 0.872259 0.577568 0.772854 0.248997 0.641902
1 0.338283 0.572259 0.253461 0.638926 0.578461 0.766307 0.587390 0.694878 0.570872 0.684759 0.545426 0.665712 0.536497 0.652616 0.533818 0.638926
1 0.589326 0.777799 0.577151 0.879260 0.596429 0.891435 0.622132 0.916688 0.638366 0.941941 0.653247 0.971251 0.662378 1.000112 0.999905 1.000112 0.999905 0.941941 0.862256 0.880613 0.740503 0.834617
1 0.647497 0.680397 0.644115 0.687612 0.637351 0.692572 0.620779 0.696179 0.605560 0.695728 0.600825 0.704747 0.590003 0.770584 0.782440 0.844087 0.877814 0.879260 0.950866 0.909473 1.000243 0.934275 0.999905 0.916688 0.891680 0.763820
1 0.583576 0.475598 0.587296 0.492306 0.607855 0.497266 0.609030 0.481602
1 0.621953 0.569844 0.617058 0.597778 0.634876 0.604566 0.636443 0.593079 0.647016 0.581853 0.667379 0.578981 0.689897 0.580548 0.690288 0.579242 0.635855 0.563578 0.632135 0.567755 0.625869 0.569583