1 0.327659 0.754918 0.256975 0.939158 0.225087 0.933489 0.195857 0.935615 0.165032 0.945536 0.137396 0.959708 0.110823 0.974589 0.098599 0.984510 0.077340 1.000099 -0.000253 1.000099 -0.000253 0.663506
1 0.339356 0.758972 0.270797 0.946047 0.288335 0.958802 0.303216 0.976518 0.319160 0.999902 0.891545 0.999902 0.837336 0.878729
1 0.405760 0.578065 0.343530 0.746715 0.832572 0.866665 0.749374 0.665547
1 0.074084 0.494402 -0.000320 0.547612 0.000356 0.651328 0.332472 0.743770 0.398421 0.576472
1 0.440456 0.486064 0.407790 0.572446 0.746967 0.659917 0.700691 0.555024
1 0.454611 0.448317 0.457605 0.448680 0.471216 0.449769 0.480199 0.449043 0.490543 0.447591 0.495443 0.443236 0.498437 0.440695 0.670475 0.484612 0.699602 0.550306 0.441817 0.483160
1 0.413399 0.419263 0.415904 0.428071 0.421143 0.434144 0.430709 0.439915 0.438681 0.443255 0.449614 0.447203 0.435948 0.481521 0.412716 0.476054 0.413399 0.474232 0.414993 0.471802 0.415677 0.470588 0.414993 0.463603 0.415904 0.456010 0.415449 0.447811 0.414993 0.443559 0.413399 0.440826 0.411349 0.438092 0.409754 0.426552 0.408843 0.421997 0.407932 0.418352
1 0.298603 0.352147 0.292225 0.357006 0.297464 0.356703 0.307486 0.357918 0.322291 0.361562 0.338918 0.366725 0.358506 0.373102 0.379689 0.381606 0.380372 0.385554 0.397910 0.406205 0.404744 0.410153 0.407932 0.415012 0.414538 0.417441 0.417499 0.411064 0.422737 0.407723 0.432076 0.404079 0.442553 0.403471 0.451209 0.403775 0.458269 0.404990 0.465558 0.406812 0.470569 0.392539
1 0.332085 0.330889 0.300197 0.350629 0.471480 0.390413 0.481502 0.365814
1 0.475009 0.393597 0.469356 0.408091 0.473414 0.409057 0.480082 0.412149 0.486169 0.415628 0.491822 0.419687 0.496025 0.424518 0.498345 0.428190 0.498345 0.433988 0.499214 0.438239 0.669814 0.482303 0.649811 0.439013
1 0.485155 0.366927 0.475733 0.391471 0.649232 0.437080 0.635172 0.405965
1 0.492797 0.346083 0.485614 0.364794 0.634350 0.403986 0.624294 0.380854
1 0.496333 0.336064 0.499206 0.336064 0.505505 0.337684 0.512245 0.338863 0.515229 0.338421 0.518433 0.336948 0.519759 0.335916 0.615123 0.361111 0.623521 0.379233 0.492907 0.345051
1 0.481857 0.332233 0.484730 0.333412 0.487935 0.334590 0.493239 0.335180 0.489592 0.344462 0.478873 0.341663 0.479868 0.339305 0.481194 0.336506 0.481747 0.332528
1 0.503184 0.317794 0.501968 0.321477 0.504952 0.322361 0.510367 0.324424 0.514124 0.326340 0.517218 0.329286 0.518765 0.331496 0.519649 0.335180 0.614681 0.359638 0.608161 0.345641
1 0.507273 0.307481 0.503626 0.317057 0.607608 0.344462 0.602304 0.333117
1 0.487306 0.303177 0.486566 0.305150 0.485703 0.307534 0.484408 0.310412 0.482743 0.311727 0.501118 0.316331 0.504756 0.306712
1 0.509536 0.294422 0.508150 0.298119 0.501633 0.296270 0.502257 0.294699 0.502465 0.293036 0.502881 0.291926 0.506070 0.292573 0.509397 0.294422
1 0.928450 0.557197 1.000001 0.624671 1.000001 0.575543
1 0.869436 0.501546 0.926157 0.554343 0.999848 0.573505 1.000001 0.535996
1 0.938546 0.441543 0.942986 0.444903 0.927265 0.439143 0.920665 0.437543 0.914664 0.437863 0.905184 0.440423 0.896663 0.440743 0.894263 0.437703 0.887063 0.433382 0.879622 0.429382 0.869662 0.425862 0.862101 0.423622 0.856701 0.422342 0.846860 0.414661
1 0.851780 0.429222 0.855501 0.432262 0.859101 0.435302 0.864501 0.438343 0.869062 0.440423 0.873622 0.441703 0.879622 0.443623 0.880822 0.444743 0.874222 0.444103 0.867981 0.443943 0.861741 0.443623 0.856101 0.444103 0.853701 0.444743 0.791297 0.427142 0.765615 0.404260
1 0.792017 0.428742 0.824419 0.458024 0.843980 0.463464 0.844940 0.458664 0.846020 0.454344 0.847820 0.451624 0.848900 0.448263 0.852380 0.447303 0.852741 0.446023
1 0.726851 0.368039 0.737944 0.383371 0.739906 0.383281 0.737335 0.379854 0.737335 0.375164 0.738959 0.371557
1 0.715623 0.347928 0.716232 0.351986 0.719546 0.354962 0.720899 0.356405 0.722590 0.356405 0.722522 0.355413 0.720358 0.353159 0.719005 0.352076 0.719208 0.349010
1 0.713323 0.340532 0.714405 0.343328 0.715217 0.346936 0.719546 0.348018 0.720290 0.345673 0.720966 0.342426
1 0.663298 0.310803 0.670238 0.316586 0.678970 0.318360 0.673823 0.314042 0.672840 0.313579
1 0.657111 0.304944 0.662662 0.309878 0.673245 0.312654 0.673939 0.309416
1 0.646471 0.295151 0.641555 0.291065 0.651560 0.293841 0.651097 0.295691
1 0.087787 0.304229 -0.000123 0.335010 0.000030 0.283844
1 0.010732 0.257548 0.000030 0.258159 0.000030 0.281194 0.089622 0.303414 0.147719 0.289756
1 0.017765 0.257140 0.078308 0.252655 0.193810 0.278480 0.148775 0.288922
1 -0.000034 0.254461 0.000162 0.256811 0.005840 0.256550
1 0.097913 0.241944 0.098406 0.245236 0.100480 0.245500 0.104826 0.248265 0.077171 0.251426 0.054257 0.246422 0.055146 0.244841 0.055541 0.241417 0.057418 0.241417 0.058603 0.239047 0.058998 0.235228 0.058702 0.232594
1 0.077171 0.223113 0.057517 0.226536 0.058307 0.231146 0.098505 0.240232 0.100085 0.238389 0.104234 0.237467 0.105814 0.237203 0.104431 0.232594 0.105024 0.229960
1 0.222239 0.255128 0.221875 0.256489 0.221364 0.257365 0.220926 0.258726 0.220197 0.259796 0.218884 0.260574 0.217206 0.261061 0.215893 0.261061 0.215601 0.262325 0.214653 0.264270 0.214070 0.265340 0.232306 0.269717 0.256962 0.262228
1 0.267028 0.244137 0.267028 0.250265 0.266007 0.252113 0.286724 0.256781 0.307513 0.252988
1 0.265569 0.236454 0.266518 0.239858 0.267028 0.243359 0.308316 0.252113 0.323342 0.248125
1 0.332787 0.237893 0.332731 0.240763 0.333241 0.241519 0.331881 0.241972 0.329841 0.242652 0.340436 0.244843 0.353352 0.242501
1 0.332334 0.232152 0.333014 0.237364 0.354599 0.242123 0.364966 0.240310
1 0.107179 0.195520 0.077018 0.194659 0.022598 0.178056 0.039016 0.176826
1 0.108563 0.194905 0.110038 0.195028 0.109301 0.189247 0.069546 0.179409 0.046210 0.176949
1 0.025180 0.180393 0.036341 0.188510 0.040123 0.192691 0.074435 0.194782
0 0.000147 0.174357 0.017938 0.177451 0.026336 0.180692 0.039817 0.190417 0.042359 0.195721 0.047000 0.204561 0.050536 0.206918 0.053740 0.211928 0.056282 0.220768 0.058602 0.234323 0.058050 0.240806 0.055729 0.241395 0.053630 0.247141 0.049652 0.249056 0.043022 0.249056 0.040370 0.246110 0.036391 0.242426 0.014070 0.242868 0.012081 0.248909 0.008103 0.250088 0.000257 0.250382
0 0.134663 0.219758 0.126716 0.219520 0.120288 0.219996 0.114305 0.220710 0.108323 0.222139 0.106895 0.226901 0.104930 0.230353 0.105466 0.233687 0.107163 0.240353 0.106359 0.245234 0.108323 0.247853 0.111895 0.249758 0.113323 0.250710 0.114484 0.253449 0.115913 0.256187 0.117698 0.257853 0.120555 0.258806 0.123323 0.259758 0.125555 0.259996 0.127252 0.259282 0.129038 0.256901 0.130913 0.253925 0.132163 0.252377 0.176627 0.261901 0.178502 0.266306 0.180198 0.270353 0.184395 0.272853 0.190645 0.272496 0.192966 0.270234 0.195466 0.263925 0.201270 0.263568 0.202430 0.265591 0.205020 0.267615 0.210020 0.267853 0.213680 0.266425 0.215109 0.263687 0.216091 0.261187 0.219752 0.260115 0.221180 0.256544 0.221538 0.252615 0.220377 0.249163 0.218680 0.237377 0.217073 0.232139 0.206180 0.219758 0.190913 0.214282 0.172788 0.210710 0.168680 0.210472 0.159752 0.211663 0.151716 0.211782 0.143859 0.214282 0.134484 0.219401
0 0.186698 0.213238 0.190991 0.206751 0.198240 0.206116 0.210355 0.205861 0.221897 0.207387 0.230196 0.210949 0.240117 0.216036 0.247176 0.223795 0.251945 0.226974 0.260912 0.231935 0.263392 0.233207 0.266635 0.237785 0.267112 0.243890 0.267303 0.249995 0.265491 0.252030 0.259576 0.254065 0.252518 0.254065 0.246890 0.254065 0.244886 0.254065 0.244028 0.256355 0.240785 0.256609 0.238591 0.257118 0.235443 0.255973 0.233249 0.255083 0.231818 0.251649 0.230959 0.248723 0.219512 0.247960 0.218749 0.240075 0.217223 0.232698 0.206348 0.220106 0.192326 0.214510 0.186889 0.213238
0 0.224091 0.184366 0.232390 0.185638 0.238972 0.187037 0.251373 0.190599 0.252327 0.192761 0.253758 0.202554 0.254807 0.211839 0.255189 0.218326 0.254712 0.221251 0.253376 0.223032 0.252613 0.223032 0.250991 0.223795 0.249656 0.225321 0.246126 0.222396 0.241071 0.216927 0.231436 0.211839 0.224759 0.208405
0 0.252899 0.194541 0.258050 0.192506 0.265205 0.192506 0.277033 0.193906 0.288861 0.196958 0.290674 0.198103 0.295062 0.207260 0.289529 0.205607 0.280753 0.203826 0.272550 0.203572 0.265681 0.203953 0.263774 0.206751 0.260721 0.209422 0.257478 0.212856 0.256906 0.217944 0.255189 0.217308 0.254425 0.206243 0.252708 0.194669
0 0.265681 0.204208 0.263106 0.207769 0.257955 0.212856 0.257001 0.218071 0.255952 0.220742 0.256429 0.224812 0.257001 0.226593 0.263392 0.229645 0.264155 0.231680 0.265205 0.233842 0.268257 0.235369 0.270928 0.235750 0.272931 0.234733 0.275030 0.232698 0.305364 0.239439 0.306032 0.241347 0.307081 0.243127 0.311183 0.244653 0.314998 0.244653 0.317860 0.243000 0.318337 0.241855 0.324538 0.245417 0.327781 0.245417 0.329307 0.242873 0.333218 0.240456 0.332550 0.233715 0.332073 0.230917 0.329593 0.227610 0.321390 0.223032 0.314712 0.220869 0.306986 0.213620 0.301930 0.209804 0.295348 0.207260 0.281707 0.203953 0.272836 0.203445 0.265777 0.203953
0 0.279896 0.194391 0.285976 0.196136 0.288516 0.197060 0.290672 0.197881 0.293212 0.203833 0.294905 0.207117 0.299523 0.208656 0.301832 0.209991 0.305989 0.212659 0.307682 0.214404 0.306527 0.205783 0.301524 0.203730 0.296521 0.199933 0.291903 0.196546 0.279973 0.194289
0 0.295136 0.198702 0.300755 0.196239 0.305219 0.194596 0.312531 0.195007 0.318381 0.195828 0.323846 0.197573 0.332697 0.203012 0.333544 0.204757 0.334545 0.209785 0.334699 0.211017 0.330003 0.211427 0.324615 0.211633 0.318920 0.211940 0.315687 0.213069 0.313224 0.218509 0.311377 0.217585 0.307836 0.214711 0.306912 0.205578 0.301293 0.203422 0.295136 0.198907
0 0.313455 0.219124 0.314840 0.221280 0.320459 0.222716 0.325231 0.225077 0.330311 0.228361 0.331312 0.230003 0.336623 0.230413 0.355635 0.234416 0.356943 0.236468 0.359945 0.238521 0.362793 0.238008 0.364178 0.236571 0.364794 0.234826 0.365564 0.236366 0.368104 0.237289 0.369720 0.236982 0.371490 0.235750 0.376801 0.236366 0.379034 0.235442 0.380188 0.233492 0.381035 0.229900 0.380496 0.227437 0.379726 0.222203 0.379111 0.221485 0.373415 0.218817 0.367103 0.213788 0.362793 0.210709 0.355942 0.207733 0.347014 0.206809 0.341241 0.207733 0.334776 0.210709 0.331697 0.211838 0.322460 0.211735 0.317611 0.212146 0.315610 0.213069 0.313301 0.218817
0 0.311223 0.194596 0.314994 0.190491 0.319458 0.189773 0.327617 0.191107 0.336469 0.193981 0.337854 0.195007 0.343088 0.200344 0.349323 0.203525 0.347707 0.206501 0.340394 0.208041 0.334930 0.210606 0.333236 0.203628 0.332620 0.202909 0.323384 0.197060 0.315302 0.195315 0.311069 0.194802
0 0.335699 0.193673 0.339317 0.191210 0.344320 0.190389 0.350093 0.191518 0.358636 0.193160 0.360561 0.194289 0.364486 0.195623 0.364948 0.197060 0.367257 0.201678 0.361869 0.201678 0.355635 0.201165 0.351170 0.201165 0.349246 0.203012 0.344936 0.201575 0.341857 0.199317 0.335699 0.193468
0 0.347707 0.206809 0.349323 0.202909 0.351555 0.200754 0.361253 0.201575 0.367334 0.202704 0.373723 0.204859 0.380650 0.210709 0.385499 0.215943 0.391734 0.219124 0.395197 0.221793 0.396044 0.224666 0.396044 0.228669 0.395428 0.231542 0.392888 0.231440 0.390810 0.232774 0.388347 0.234416 0.386654 0.234518 0.385730 0.233184 0.384422 0.234005 0.382112 0.234724 0.380342 0.234826 0.379495 0.234313 0.381420 0.229900 0.379495 0.222101 0.373261 0.219227 0.363409 0.210914 0.355865 0.207938 0.347553 0.206912
0 0.355889 0.192618 0.358734 0.190284 0.365591 0.190478 0.375147 0.192229 0.383025 0.194369 0.385213 0.200010 0.379378 0.199329 0.376022 0.205165 0.373250 0.204192 0.366612 0.202636 0.366539 0.200593 0.364278 0.195244 0.358661 0.193007 0.356108 0.192618
0 0.374199 0.204970 0.378794 0.206623 0.382879 0.210028 0.386672 0.214307 0.393019 0.218198 0.397760 0.222282 0.397906 0.226367 0.397614 0.229674 0.395936 0.230258 0.395863 0.224228 0.395353 0.221699 0.389955 0.217808 0.385505 0.215669 0.374199 0.205262
0 0.376825 0.205456 0.381055 0.204581 0.387912 0.205359 0.394842 0.207985 0.402137 0.215474 0.408921 0.218878 0.412495 0.220824 0.414027 0.223741 0.413443 0.228604 0.412933 0.230452 0.405784 0.230841 0.404252 0.231814 0.402283 0.231620 0.399948 0.230744 0.398927 0.229869 0.397541 0.226465 0.397833 0.222477 0.391633 0.217128 0.386599 0.214307 0.378356 0.206526 0.377189 0.205748
0 0.376168 0.204970 0.379524 0.199329 0.386672 0.200399 0.392581 0.201858 0.399511 0.204581 0.403085 0.207402 0.407097 0.211681 0.410161 0.214210 0.414683 0.217808 0.415778 0.220337 0.415413 0.224811 0.414829 0.226076 0.413881 0.226173 0.414027 0.223644 0.412641 0.221115 0.402283 0.215085 0.394696 0.207888 0.389007 0.205845 0.384994 0.204873 0.380545 0.204873 0.376460 0.205165
0 0.397687 0.203608 0.398927 0.201955 0.402283 0.201858 0.402720 0.201177 0.403887 0.202149 0.410744 0.203803 0.415632 0.206137 0.420300 0.209930 0.426428 0.213334 0.430732 0.215766 0.431315 0.219948 0.431023 0.223644 0.428397 0.224811 0.425188 0.224617 0.422780 0.225784 0.421467 0.225589 0.418185 0.225589 0.417164 0.224033 0.416653 0.222574 0.415851 0.221018 0.414756 0.218295 0.412495 0.215766 0.406514 0.211292 0.401043 0.206040 0.397760 0.203414
0 0.249003 0.376732 0.229227 0.375166 0.220024 0.373861 0.212192 0.374644 0.207884 0.378560 0.202793 0.380648 0.201227 0.382737 0.189675 0.386914 0.171269 0.396313 0.163241 0.405972 0.158346 0.415632 0.153451 0.418503 0.151297 0.428424 0.150318 0.439389 0.154039 0.448788 0.161675 0.465235 0.163829 0.469673 0.166962 0.473328 0.170682 0.482988 0.175968 0.491342 0.186542 0.498130 0.194374 0.499957 0.202989 0.496041 0.208276 0.491864 0.211604 0.487165 0.219437 0.486120 0.324386 0.506484 0.326540 0.509356 0.330652 0.513272 0.335939 0.522670 0.344946 0.531024 0.353365 0.534157 0.360610 0.532591 0.370987 0.522670 0.373729 0.515360 0.377840 0.515099 0.383519 0.508572 0.396246 0.503873 0.407015 0.493953 0.410539 0.480377 0.416022 0.469934 0.415239 0.463407 0.416022 0.455575 0.415239 0.443044 0.411322 0.437823 0.407994 0.417981 0.404861 0.409888 0.398008 0.406494 0.380386 0.385087 0.379603 0.381432 0.338876 0.366290 0.308918 0.358458 0.291100 0.357413 0.280918 0.360807 0.266821 0.368117 0.249786 0.376471
0 0.393226 0.286889 0.393687 0.286643 0.379482 0.287012 0.374133 0.288365 0.366385 0.289472 0.359098 0.292177 0.357253 0.295252 0.355316 0.300540 0.354025 0.305090 0.353656 0.307550 0.353379 0.310133 0.354763 0.315790 0.353748 0.316651 0.353103 0.317881 0.353287 0.320094 0.355224 0.322431 0.358545 0.324645 0.361404 0.325752 0.361957 0.327104 0.364171 0.326736 0.364909 0.328580 0.366477 0.331163 0.367492 0.333377 0.369060 0.334852 0.372196 0.335836 0.377453 0.336451 0.380497 0.334852 0.383633 0.332639 0.385662 0.330179 0.437961 0.343707 0.442573 0.345921 0.444141 0.348872 0.444971 0.351455 0.446631 0.353423 0.448753 0.354899 0.455301 0.355637 0.459637 0.353423 0.463880 0.349733 0.465632 0.346782 0.470982 0.346167 0.475317 0.344322 0.477346 0.341862 0.479283 0.340879 0.481128 0.335590 0.481958 0.326244 0.480574 0.324399 0.481128 0.316897 0.480298 0.311855 0.482143 0.308903 0.480482 0.305090 0.475409 0.302139 0.468030 0.295006 0.468030 0.291439 0.461297 0.289226 0.453826 0.285413 0.449952 0.285044 0.431965 0.279510 0.421727 0.278280 0.415455 0.278280 0.408445 0.280371 0.399590 0.283814 0.394148 0.286520
0 0.379667 0.286520 0.379113 0.284552 0.379575 0.280617 0.383818 0.274837 0.386954 0.271762 0.392949 0.270532 0.403372 0.270163 0.410935 0.270655 0.415916 0.268565 0.424310 0.263768 0.428645 0.261800 0.437592 0.260202 0.450136 0.261800 0.463603 0.265736 0.473288 0.268933 0.480759 0.272131 0.484356 0.281109 0.486293 0.289841 0.486478 0.295867 0.486847 0.299064 0.486939 0.300786 0.487400 0.303123 0.485371 0.309149 0.482973 0.311486 0.481497 0.311978 0.480759 0.311855 0.482143 0.308657 0.480390 0.305090 0.474856 0.301155 0.468122 0.295006 0.467754 0.291316 0.460190 0.288365 0.452996 0.285044 0.448476 0.284429 0.436762 0.280986 0.426892 0.279018 0.416193 0.278034 0.407338 0.280740 0.393871 0.286520 0.386585 0.286643
0 0.414099 0.269274 0.414176 0.265169 0.415253 0.259011 0.415869 0.252854 0.417485 0.248851 0.418717 0.248851 0.422104 0.245362 0.422027 0.243001 0.423643 0.241770 0.429262 0.242078 0.430340 0.240949 0.432110 0.242180 0.436112 0.242180 0.442116 0.242591 0.447812 0.243412 0.457818 0.245464 0.465438 0.248646 0.472981 0.253264 0.477753 0.258601 0.482987 0.265990 0.489299 0.269582 0.495918 0.271532 0.501845 0.274508 0.503384 0.280152 0.502923 0.284873 0.503538 0.288157 0.502384 0.292878 0.500921 0.294725 0.494841 0.296778 0.492993 0.298728 0.489607 0.301601 0.487067 0.301704 0.486220 0.293904 0.486451 0.290518 0.480216 0.272353 0.464284 0.266092 0.452276 0.262706 0.441500 0.260140 0.436112 0.260243 0.427953 0.261885 0.421180 0.265374
0 0.460820 0.246491 0.465977 0.243822 0.473443 0.243617 0.483680 0.245464 0.490146 0.248133 0.493532 0.251827 0.498227 0.255727 0.504539 0.257882 0.508926 0.259730 0.508926 0.263732 0.508772 0.266503 0.509542 0.267734 0.508311 0.270300 0.508080 0.272661 0.506386 0.273995 0.503308 0.275637 0.501922 0.275226 0.498766 0.273789 0.495457 0.272045 0.490684 0.270095 0.483526 0.266195 0.482141 0.264758 0.475059 0.255317 0.468132 0.250390
0 0.467054 0.243514 0.470672 0.240333 0.477599 0.239307 0.485450 0.239922 0.494764 0.243822 0.499459 0.247517 0.504847 0.251314 0.508465 0.252751 0.509157 0.256035 0.509773 0.259011 0.507772 0.259011 0.498612 0.255317 0.490992 0.249569 0.489145 0.247927 0.480832 0.245054 0.474213 0.243822
0 0.533925 0.273346 0.528441 0.275066 0.524893 0.277130 0.521087 0.281861 0.518700 0.287108 0.516184 0.292441 0.515797 0.298377 0.517926 0.301215 0.522055 0.302591 0.522571 0.305344 0.524377 0.309129 0.525474 0.310935 0.527603 0.311537 0.530764 0.311021 0.533215 0.311021 0.535538 0.308097 0.571084 0.318419 0.572439 0.320569 0.573923 0.323150 0.577600 0.324268 0.581858 0.325128 0.585406 0.320913 0.592051 0.322117 0.594954 0.322031 0.595922 0.319107 0.595664 0.316956 0.596438 0.311623 0.594954 0.305860 0.590696 0.301731 0.584438 0.297000 0.578955 0.294592 0.571794 0.287969 0.565472 0.281775 0.558117 0.276786 0.548311 0.274034 0.535409 0.273432
0 0.517023 0.290205 0.516184 0.287969 0.516184 0.284442 0.516442 0.282549 0.518313 0.281345 0.518635 0.277819 0.519345 0.274980 0.520442 0.271281 0.522700 0.271969 0.529215 0.272399 0.536118 0.269991 0.542312 0.269303 0.549731 0.269733 0.556891 0.271711 0.565020 0.275410 0.570504 0.281689 0.575794 0.287452 0.580826 0.289689 0.584825 0.292527 0.592244 0.296828 0.594502 0.299581 0.595212 0.303624 0.595599 0.306720 0.592890 0.304054 0.585600 0.297688 0.581729 0.295796 0.576116 0.292527 0.564697 0.281001 0.557988 0.276270 0.546118 0.273862 0.533731 0.273346 0.526764 0.276098 0.523990 0.277819 0.520829 0.282291
0 0.521926 0.271625 0.521926 0.269389 0.523796 0.265604 0.525990 0.263110 0.529215 0.262594 0.540570 0.262421 0.545086 0.259239 0.550763 0.255884 0.552892 0.254852 0.568568 0.255970 0.578374 0.258551 0.586180 0.260357 0.591664 0.263540 0.592051 0.266464 0.590890 0.268787 0.591857 0.274206 0.594373 0.273690 0.595664 0.275324 0.596309 0.280227 0.595599 0.283668 0.594115 0.289087 0.593212 0.290291 0.590696 0.290893 0.589470 0.294162 0.588567 0.294678 0.581471 0.290291 0.575858 0.287366 0.569859 0.280829 0.564891 0.275410 0.553343 0.270765 0.546634 0.269905 0.538570 0.269905 0.534441 0.270335 0.528828 0.272572
0 0.545141 0.258925 0.539537 0.259481 0.531201 0.258616 0.525088 0.259357 0.522912 0.260468 0.522726 0.262877 0.522356 0.264852 0.521383 0.266149 0.521800 0.267569 0.522541 0.267940 0.524162 0.265038 0.525459 0.263124 0.529580 0.262753 0.540880 0.262630 0.544400 0.258925
0 0.530923 0.258431 0.531062 0.257196 0.532127 0.254479 0.533424 0.253059 0.539167 0.252627 0.545002 0.252874 0.548984 0.250466 0.553801 0.248675 0.561766 0.249786 0.566119 0.250898 0.570704 0.253121 0.575566 0.257381 0.560191 0.255467 0.552596 0.254973 0.544400 0.258925 0.538240 0.259295
0 0.534721 0.252750 0.534999 0.250589 0.536573 0.249601 0.541112 0.248613 0.545465 0.248304 0.551578 0.247193 0.557598 0.245094 0.557598 0.244414 0.554356 0.242994 0.554541 0.240463 0.558385 0.240030 0.563155 0.240771 0.570102 0.242377 0.575010 0.244106 0.575798 0.247316 0.573575 0.249725 0.578021 0.251453 0.579780 0.256208 0.579919 0.258678 0.576400 0.257937 0.570657 0.252997 0.566443 0.251083 0.559913 0.249601 0.553152 0.248860 0.548429 0.251021 0.544724 0.252874 0.534489 0.252812
0 0.554356 0.240586 0.545141 0.237993 0.542501 0.237684 0.540648 0.237684 0.539167 0.237993 0.537314 0.240895 0.536527 0.243118 0.536527 0.245094 0.535693 0.247687 0.535138 0.248366 0.535415 0.249663 0.538611 0.249231 0.541853 0.248675 0.545511 0.248119 0.549401 0.247316 0.553476 0.245711 0.557459 0.244600 0.553986 0.242994
0 0.534999 0.249292 0.532822 0.247749 0.532868 0.245094 0.533748 0.242932 0.534211 0.240586 0.534536 0.238919 0.537268 0.236634 0.538518 0.234720 0.543798 0.235029 0.554171 0.238178 0.556070 0.239845 0.553013 0.239907 0.544353 0.237869 0.539444 0.237993 0.536573 0.241883 0.536388 0.244106 0.536110 0.246884 0.535045 0.248798
0 0.558709 0.239783 0.555653 0.236449 0.553060 0.234720 0.545326 0.232250 0.540648 0.231386 0.537129 0.231448 0.537083 0.232435 0.533841 0.235214 0.533424 0.238548 0.533331 0.240216 0.532405 0.242562 0.531942 0.243859 0.532127 0.244908 0.532683 0.245526 0.533193 0.243982 0.534119 0.241883 0.534536 0.239166 0.536897 0.236696 0.538426 0.234411 0.543242 0.234967 0.554680 0.237931 0.556209 0.239907
0 0.594646 0.246791 0.590408 0.249930 0.587818 0.252002 0.586452 0.253823 0.585557 0.256774 0.585039 0.258658 0.584992 0.259662 0.586546 0.260290 0.588006 0.261358 0.590078 0.262362 0.592150 0.263241 0.593798 0.264434 0.596812 0.265125 0.598319 0.264999 0.600438 0.264874 0.602275 0.264999 0.604253 0.265376 0.605665 0.265753 0.606230 0.265125 0.607219 0.262613 0.607643 0.260793 0.607737 0.257151 0.607219 0.254514 0.606513 0.251123 0.604724 0.248549 0.600532 0.247419 0.595776 0.246539 0.594599 0.246979
0 0.599214 0.247105 0.597095 0.241014 0.591962 0.239382 0.584663 0.236870 0.580189 0.236054 0.576280 0.238251 0.574302 0.239005 0.571194 0.239256 0.567427 0.239256 0.565920 0.240009 0.565590 0.240889 0.567710 0.241642 0.571948 0.242772 0.575103 0.244467 0.576233 0.247105 0.574349 0.249428 0.579247 0.251814 0.583108 0.252818 0.584333 0.254325 0.584757 0.255142 0.585934 0.255330 0.586593 0.254011 0.587347 0.252190 0.591444 0.248737 0.594646 0.246477 0.599120 0.246979
0 0.474452 0.239107 0.475520 0.237399 0.483209 0.237185 0.490365 0.233981 0.493943 0.232130 0.506706 0.234052 0.516104 0.236544 0.518881 0.237399 0.520163 0.240816 0.520109 0.245872 0.520056 0.250357 0.519682 0.256409 0.517279 0.258260 0.513488 0.258118 0.511031 0.258759 0.509322 0.258759 0.508414 0.252849 0.502701 0.250215 0.495652 0.244519 0.492181 0.242311 0.485559 0.239962 0.477869 0.239321 0.474238 0.239677
0 0.475039 0.237399 0.475093 0.233910 0.478670 0.233127 0.484705 0.233055 0.489617 0.232130 0.494370 0.229638 0.504837 0.229424 0.512419 0.230919 0.517279 0.234052 0.519095 0.236971 0.505851 0.233981 0.498909 0.233055 0.494103 0.231987 0.489617 0.233696 0.483583 0.237114 0.475306 0.237256
0 0.032293 0.114235 0.025406 0.113707 0.025169 0.116135 0.025406 0.118351 0.029681 0.119617 0.035775 0.121412 0.041395 0.125316 0.042345 0.127111 0.045986 0.128166 0.049865 0.130805 0.053981 0.131965 0.055168 0.131332 0.057780 0.131332 0.060867 0.132388 0.061896 0.133760 0.064113 0.133654 0.064746 0.133126 0.065696 0.131543 0.066171 0.130171 0.065617 0.125844 0.064667 0.122467 0.062371 0.118351 0.055247 0.115924 0.047015 0.113602 0.041949 0.112441 0.038704 0.112863 0.032451 0.114340
0 0.302858 0.195118 0.304143 0.193855 0.305766 0.192773 0.307052 0.193044 0.308540 0.189075 0.307525 0.185738 0.305563 0.178704 0.304143 0.177441 0.295958 0.175006 0.288721 0.173924 0.283513 0.173473 0.279860 0.174104 0.274652 0.176900 0.268293 0.178072 0.266873 0.178433 0.265926 0.178974 0.269511 0.179966 0.272555 0.182852 0.273908 0.183664 0.274584 0.186731 0.274178 0.189436 0.292171 0.192142 0.292847 0.193404 0.294132 0.194667 0.295823 0.194938 0.296770 0.194847 0.298258 0.193675 0.298732 0.193585 0.299882 0.195118 0.301032 0.195118 0.302587 0.195208
0 0.264979 0.191781 0.267752 0.192683 0.269782 0.192953 0.272014 0.192683 0.273908 0.191691 0.274990 0.190428 0.274516 0.187903 0.273908 0.183935 0.269173 0.179786 0.265250 0.178884 0.258418 0.171308 0.251992 0.168873 0.243740 0.167791 0.239546 0.167430 0.244754 0.169865 0.247934 0.171399 0.251316 0.174285 0.254157 0.176269 0.259771 0.179606 0.262815 0.181139 0.265250 0.186189
0 0.223853 0.166979 0.223312 0.170316 0.228318 0.174285 0.231767 0.177351 0.235082 0.178523 0.240020 0.182311 0.240425 0.186550 0.245837 0.187993 0.250572 0.190248 0.253886 0.191510 0.256862 0.192683 0.260582 0.192412 0.265250 0.192593 0.265520 0.186009 0.263085 0.181139 0.254021 0.176810 0.246987 0.170767 0.239546 0.167340 0.234338 0.166348 0.229197 0.166168 0.226018 0.166168 0.223921 0.168152
0 0.190942 0.167647 0.193349 0.164049 0.201154 0.163854 0.210929 0.165799 0.218369 0.168036 0.222308 0.169690 0.225080 0.172219 0.231645 0.177665 0.235293 0.178930 0.239597 0.182042 0.239961 0.187100 0.229457 0.184474 0.225007 0.183987 0.224132 0.180875 0.218150 0.173678 0.207427 0.171149 0.199695 0.169204 0.191306 0.167647
0 0.192721 0.164254 0.188357 0.159443 0.182315 0.156422 0.174259 0.153961 0.164190 0.152842 0.160497 0.152730 0.156385 0.157093 0.161252 0.158660 0.165280 0.159443 0.167378 0.163247 0.190623 0.167499 0.192301 0.164254
0 1.000096 0.475419 0.987921 0.464597 0.979659 0.459379 0.980674 0.456286 0.975601 0.457446 0.960092 0.449909 0.942698 0.444111 0.928639 0.439086 0.917768 0.437734 0.909506 0.439280 0.896751 0.442372 0.888489 0.444304 0.881097 0.445271 0.863269 0.443531 0.853703 0.444884 0.851673 0.447010 0.848630 0.448363 0.848050 0.451068 0.845731 0.455127 0.844136 0.464017 0.841382 0.466336 0.841672 0.469042 0.845006 0.472134 0.852543 0.479478 0.858486 0.484309 0.865588 0.489914 0.873560 0.493392 0.882402 0.498030 0.883126 0.502089 0.886895 0.505761 0.890518 0.507307 0.895012 0.508660 0.900954 0.507887 0.905738 0.505954 0.908057 0.503442 0.971397 0.521222 0.972122 0.524893 0.974586 0.527406 0.977485 0.529338 0.982848 0.532817 0.988501 0.533397 0.993284 0.531271 0.996618 0.528952 1.000386 0.525860
0 1.000105 0.396343 0.982325 0.390494 0.969625 0.387415 0.962236 0.386696 0.961543 0.388338 0.959157 0.388954 0.955616 0.390083 0.953461 0.390801 0.952384 0.392238 0.952230 0.393470 0.950690 0.395112 0.949613 0.397164 0.948689 0.400038 0.947380 0.402706 0.947150 0.405169 0.948304 0.406298 0.948381 0.407632 0.948073 0.410095 0.948304 0.411532 0.948689 0.413174 0.949613 0.415432 0.951537 0.416458 0.954693 0.417074 0.955539 0.416971 0.957464 0.415945 0.959388 0.414200 0.983326 0.427337 0.983710 0.429902 0.984095 0.431852 0.988252 0.433392 0.990253 0.434213 0.993948 0.434521 0.996642 0.433700 1.000105 0.434521
0 0.912591 0.295036 0.909264 0.290692 0.902262 0.289028 0.898935 0.288751 0.892765 0.290969
0 0.887012 0.291246 0.882437 0.286348 0.872732 0.284684 0.869058 0.288011
0 0.832873 0.276907 0.830599 0.273305 0.822424 0.271410 0.819082 0.272168 0.818372 0.273021
0 0.770388 0.260983 0.768326 0.258993 0.766549 0.257192 0.762781 0.256908 0.760862 0.256718 0.758871 0.257856
0 0.672390 0.331882 0.670914 0.330283 0.666948 0.330038 0.664550 0.331021 0.663074 0.333235 0.661045 0.341598 0.659846 0.347747 0.659661 0.352174 0.659846 0.354757 0.661598 0.356479 0.664458 0.357217 0.666579 0.358201 0.669439 0.363366 0.669531 0.366072 0.669715 0.368777 0.670361 0.371483 0.671560 0.372836 0.673774 0.373942 0.676725 0.374188 0.677740 0.373819 0.678939 0.372713 0.684842 0.374803 0.693236 0.378370 0.701168 0.380461 0.709193 0.381690 0.709654 0.383658 0.711222 0.385380 0.714174 0.385995 0.716203 0.385134 0.717679 0.383166 0.718786 0.379723 0.720354 0.373942 0.722291 0.365580 0.721368 0.359307 0.720354 0.356110 0.716664 0.352297 0.715465 0.346763 0.712513 0.338400 0.708455 0.333727 0.699785 0.330652 0.691760 0.328316 0.684197 0.326225 0.680230 0.325733 0.675803 0.328562 0.672575 0.331636
0 0.907243 0.424586 0.908139 0.427518 0.909442 0.431103 0.911723 0.432949 0.916611 0.434036 0.921988 0.431211 0.924513 0.427193 0.928994 0.425455 0.931275 0.421544 0.932415 0.417851 0.935429 0.405034 0.933230 0.400906 0.930705 0.393520 0.925491 0.389827 0.919055 0.386026 0.909361 0.380703 0.892253 0.375489 0.881418 0.373860 0.873842 0.375707 0.863577 0.378857 0.861867 0.378748 0.854779 0.378422 0.849321 0.377553 0.844922 0.377662 0.840034 0.382441 0.841663 0.384722 0.845003 0.386569 0.848832 0.388958 0.852009 0.392869 0.851113 0.396779 0.850461 0.399494 0.850787 0.404491 0.849810 0.408836 0.849158 0.410682 0.854046 0.412637 0.856327 0.412963 0.858038 0.415462 0.860400 0.416765 0.861867 0.417634 0.864229 0.418394 0.868302 0.418937 0.872946 0.415679
0 0.810218 0.357241 0.811358 0.359631 0.812173 0.363650 0.822600 0.368538 0.825696 0.368755 0.826022 0.371036 0.831887 0.375272 0.839545 0.382224 0.844352 0.378205 0.850869 0.377879 0.857304 0.378857 0.862844 0.378748 0.870991 0.376250 0.868547 0.372448 0.865207 0.366800 0.863089 0.363324 0.852091 0.358110 0.839464 0.353983 0.832539 0.352462 0.825370 0.355395 0.820564 0.357784
0 0.891846 0.365062 0.888261 0.368320 0.886632 0.371579 0.886795 0.374186 0.889157 0.374729 0.893801 0.375598 0.906754 0.380051 0.911234 0.381355 0.922395 0.387872 0.930216 0.393086 0.930949 0.394606 0.933067 0.401341 0.937222 0.400906 0.940399 0.397648 0.942028 0.394498 0.943739 0.384396 0.940725 0.372882 0.933882 0.368429 0.922721 0.364627 0.915145 0.362781 0.910501 0.361803 0.901296 0.365279 0.892253 0.365496
0 0.769136 0.363686 0.759502 0.362160 0.752920 0.362033 0.746910 0.363050 0.745288 0.363813 0.742904 0.365848 0.742236 0.367374 0.740519 0.368773 0.739470 0.371317 0.737562 0.372971 0.737466 0.376023 0.737848 0.380983 0.739088 0.382255 0.742236 0.385181 0.746338 0.387852 0.752920 0.392558 0.757880 0.393829 0.757308 0.396500 0.759502 0.398790 0.763603 0.400952 0.769899 0.401842 0.771807 0.400443 0.775337 0.397899 0.818072 0.410618 0.818072 0.413035 0.819502 0.415451 0.822746 0.417486 0.826943 0.419013 0.829805 0.418885 0.833239 0.416087 0.834479 0.414561 0.841442 0.415706 0.846212 0.415706 0.848120 0.412399 0.850791 0.405785 0.850409 0.399807 0.851649 0.392812 0.847738 0.387852 0.841824 0.385054 0.832285 0.375769 0.825989 0.370936 0.825989 0.368773 0.821983 0.368646 0.814065 0.364703 0.806625 0.362160 0.794510 0.358726 0.789359 0.358598 0.783922 0.358980 0.778007 0.360379 0.774573 0.361778 0.769327 0.363559
0 0.747623 0.336562 0.738203 0.335506 0.732267 0.335506 0.726963 0.336245 0.723956 0.338145 0.722768 0.340255 0.720948 0.343105 0.719760 0.345955 0.718811 0.349226 0.719523 0.351970 0.720710 0.353659 0.724193 0.356192 0.726014 0.358725 0.727993 0.362208 0.729655 0.364213 0.731159 0.365479 0.733375 0.366640 0.736462 0.368118 0.738520 0.369279 0.740024 0.369595 0.741528 0.368012 0.742873 0.367168 0.745644 0.363791 0.753401 0.362102 0.768440 0.363474 0.777385 0.360202 0.779759 0.359780 0.784983 0.358514 0.794165 0.358303 0.804772 0.361680 0.812212 0.364213 0.810867 0.359147 0.808334 0.351126 0.809046 0.349860 0.800893 0.344372 0.784034 0.336984 0.774931 0.333712 0.764562 0.331918 0.760604 0.331918 0.754430 0.333712
0 0.768678 0.325797 0.768836 0.326641 0.762820 0.331285 0.766303 0.331918 0.774852 0.333712 0.786250 0.337828 0.800656 0.344160 0.809046 0.349965 0.808334 0.351126 0.810392 0.357458 0.820286 0.358092 0.823848 0.355664 0.813795 0.349332 0.811104 0.347749 0.805563 0.339517 0.801764 0.335506 0.797648 0.333395 0.785537 0.328857 0.780155 0.327591 0.768757 0.325902
0 0.796382 0.332340 0.788545 0.324108 0.781342 0.320098 0.775010 0.317565 0.766620 0.315982 0.761950 0.316720 0.754509 0.319359 0.751264 0.319148 0.752847 0.322631 0.753401 0.326008 0.752451 0.329279 0.751897 0.331074 0.752055 0.334556 0.755855 0.332973 0.759179 0.332129 0.762345 0.331812 0.768203 0.326535 0.768203 0.324847 0.776593 0.326641 0.788070 0.329807 0.796144 0.332446
0 0.894343 0.365124 0.894967 0.363183 0.893234 0.360873 0.893373 0.356898 0.891847 0.354310 0.889283 0.352185 0.881588 0.348765 0.872576 0.346362 0.869595 0.345715 0.866476 0.346546 0.862594 0.348395 0.860584 0.349874 0.857325 0.348765 0.854969 0.348857 0.853443 0.350798 0.851295 0.353386 0.850393 0.356898 0.853929 0.359117 0.863218 0.363368 0.866129 0.367805 0.867100 0.368452 0.867862 0.370763 0.869803 0.372426 0.872091 0.372796 0.873269 0.372796 0.876943 0.371779 0.880895 0.372981 0.886926 0.374367 0.886440 0.371964 0.888659 0.367990 0.891432 0.365217 0.894135 0.365124
0 0.819615 0.326582 0.816357 0.327044 0.813722 0.328430 0.810672 0.334069 0.811296 0.336657 0.811088 0.339707 0.811781 0.341001 0.813930 0.342110 0.815941 0.340631 0.824398 0.344698 0.825091 0.347748 0.826131 0.349134 0.828072 0.349689 0.830290 0.349504 0.831815 0.347933 0.840896 0.351722 0.842283 0.354310 0.844570 0.354310 0.845818 0.353941 0.847690 0.351538 0.849562 0.350428 0.851017 0.347193 0.852404 0.339522 0.849769 0.334900 0.849839 0.332959 0.845610 0.329077 0.840896 0.327044 0.834034 0.325011 0.827933 0.323624 0.824883 0.324271 0.819823 0.326582
0 0.818523 0.326629 0.816357 0.324683 0.814567 0.320790 0.810659 0.316457 0.808634 0.315013 0.800393 0.312376 0.796484 0.311434 0.792529 0.311560 0.790645 0.313381 0.788903 0.314762 0.788008 0.316018 0.787254 0.318027 0.786124 0.320538 0.785889 0.322359 0.787961 0.323615 0.789562 0.324620 0.793800 0.329517 0.796296 0.332280 0.798933 0.333661 0.801052 0.334415 0.804725 0.336047 0.809152 0.337303 0.811412 0.337240 0.810706 0.334415 0.813626 0.328324 0.816922 0.326817 0.818712 0.327069
0 0.758762 0.294979 0.759225 0.292922 0.760511 0.290590 0.760922 0.289150 0.762774 0.289082 0.765705 0.289699 0.767865 0.290590 0.768894 0.291482 0.769357 0.293813 0.769254 0.295733 0.769048 0.298065 0.768380 0.300465 0.768123 0.302660 0.767505 0.303688 0.766682 0.303825 0.766065 0.303140 0.765551 0.302042 0.764317 0.301288 0.763082 0.301082 0.762722 0.302111 0.762568 0.301562 0.762414 0.299917 0.761179 0.298476 0.759688 0.296351 0.758711 0.295048
0 0.733046 0.292510 0.739064 0.291687 0.742715 0.290316 0.745184 0.289287 0.749761 0.290110 0.754905 0.292648 0.758659 0.295116 0.762517 0.299917 0.761899 0.303208 0.761848 0.305197 0.760356 0.306020 0.759585 0.306500 0.758916 0.307734 0.757836 0.307871 0.756293 0.307528 0.755470 0.306911 0.755110 0.305677 0.750893 0.304854 0.749813 0.303345 0.749453 0.302385 0.749144 0.299574 0.746161 0.297722 0.737572 0.294431 0.733149 0.292716
0 0.699914 0.309173 0.692158 0.309257 0.685601 0.309594 0.683394 0.310519 0.682448 0.312873 0.681754 0.314218 0.681250 0.316151 0.680304 0.320019 0.682511 0.323382 0.685285 0.324727 0.686925 0.326324 0.687997 0.327165 0.693104 0.329015 0.701743 0.331369 0.704076 0.331369 0.709751 0.332798 0.725577 0.336918 0.728604 0.336077 0.735288 0.335404 0.741783 0.336077 0.747836 0.336665 0.752250 0.334479 0.751556 0.330864 0.753637 0.325904 0.752565 0.321364 0.749286 0.315311 0.743863 0.311948 0.737999 0.309342 0.731252 0.306987 0.720596 0.304465 0.715047 0.304633 0.707418 0.306399 0.699914 0.309089
0 0.680493 0.319178 0.673305 0.313041 0.675197 0.304297 0.677656 0.302363 0.684970 0.301355 0.692348 0.302111 0.701427 0.299253 0.707733 0.298076 0.713093 0.298832 0.725073 0.302532 0.732261 0.305642 0.737180 0.308837 0.730559 0.307156 0.722551 0.304802 0.718326 0.304381 0.708742 0.305895 0.701049 0.308921 0.694491 0.309089 0.684529 0.309426 0.682637 0.310855 0.681502 0.314050 0.680367 0.319010
0 0.764293 0.316067 0.757609 0.312704 0.752250 0.306315 0.746575 0.301102 0.736297 0.297908 0.725451 0.296478 0.722236 0.298664 0.719587 0.299925 0.722803 0.301523 0.727280 0.303540 0.735288 0.307240 0.737999 0.309510 0.746070 0.313461 0.749034 0.315311 0.751493 0.318926 0.753952 0.319767 0.763789 0.315815
0 0.749664 0.303540 0.749034 0.299757 0.743359 0.296562 0.733396 0.292611 0.728667 0.291602 0.724253 0.291098 0.720911 0.292107 0.717317 0.294292 0.714543 0.295133 0.710949 0.294797 0.706724 0.294292 0.702689 0.295049 0.701869 0.295638 0.705967 0.297487 0.708805 0.297908 0.713156 0.298496 0.718515 0.300093 0.719840 0.299925 0.725199 0.296478 0.735477 0.297487 0.740837 0.298832 0.746827 0.300682 0.749475 0.303372
0 0.722992 0.291434 0.716245 0.289668 0.710633 0.289921 0.707102 0.291602 0.704391 0.292611 0.701680 0.292359 0.698149 0.292275 0.701427 0.295469 0.703445 0.294208 0.707355 0.294461 0.715047 0.295133 0.720155 0.293199 0.723181 0.291182
0 0.698057 0.300091 0.692765 0.297576 0.690250 0.293594 0.683647 0.288284 0.678984 0.285280 0.672015 0.283324 0.665099 0.284022 0.659911 0.285490 0.655615 0.284931 0.654881 0.287027 0.653938 0.289192 0.652733 0.291707 0.651947 0.294781 0.652942 0.297227 0.657763 0.299951 0.660068 0.301977 0.660959 0.305051 0.663684 0.305890 0.667352 0.306518 0.669919 0.304702 0.674740 0.306309 0.675369 0.304003 0.677779 0.302746 0.684486 0.301349 0.692450 0.302187 0.697847 0.300161
0 0.679089 0.284791 0.683281 0.284651 0.690040 0.286957 0.695646 0.290869 0.698686 0.292825 0.700729 0.295690 0.706598 0.297925 0.702720 0.299183 0.698424 0.300161 0.692398 0.297576 0.689830 0.292825 0.682704 0.287935 0.679036 0.284791
0 0.678146 0.284442 0.673954 0.282346 0.669238 0.275150 0.666723 0.273124 0.660488 0.271028 0.649641 0.268792 0.644559 0.268024 0.642463 0.270609 0.640838 0.271237 0.639529 0.272704 0.638585 0.275778 0.637957 0.279411 0.636804 0.281926 0.639895 0.285629 0.642148 0.286957 0.643668 0.289262 0.644349 0.290101 0.646288 0.291428 0.647703 0.291987 0.650637 0.292546 0.651423 0.291288 0.652314 0.288983 0.653676 0.289681 0.655457 0.284931 0.659964 0.285559 0.666356 0.283743 0.672068 0.283324 0.678146 0.284442
0 0.653938 0.269421 0.656558 0.268093 0.664051 0.269281 0.670076 0.272146 0.674111 0.274591 0.675788 0.276547 0.680242 0.279691 0.681447 0.279691 0.681866 0.281368 0.681918 0.284511 0.679456 0.284791 0.673901 0.282485 0.668557 0.274381 0.666513 0.273124 0.659125 0.270609 0.653781 0.269491
0 0.681971 0.284511 0.682233 0.281926 0.684800 0.281647 0.689830 0.280320 0.696066 0.280669 0.701777 0.283044 0.704240 0.285000 0.707646 0.290520 0.706388 0.291777 0.701620 0.292825 0.698162 0.292476 0.690250 0.286887 0.683281 0.284861 0.682023 0.284511
0 0.692607 0.280250 0.687158 0.276337 0.678879 0.274241 0.674321 0.274661 0.675683 0.276198 0.678355 0.278294 0.680399 0.279551 0.681185 0.279481 0.682128 0.281577 0.689411 0.279970 0.692555 0.279831
0 0.643394 0.269021 0.638179 0.269086 0.635109 0.270191 0.633939 0.271620 0.633111 0.274350 0.632526 0.276429 0.633062 0.277599 0.633696 0.276429 0.634817 0.274805 0.635304 0.273050 0.636961 0.271750 0.639885 0.271166 0.641201 0.271036 0.643004 0.269606
0 0.660793 0.266812 0.660355 0.266032 0.656114 0.264083 0.649145 0.261613 0.642468 0.260379 0.640909 0.260768 0.636669 0.262913 0.634280 0.263368 0.630576 0.263433 0.625196 0.263678 0.624379 0.264259 0.623835 0.265130 0.623290 0.266436 0.623290 0.267670 0.622800 0.269776 0.623290 0.271082 0.625903 0.273042 0.626774 0.273986 0.627537 0.275438 0.627809 0.276164 0.629497 0.276744 0.630640 0.277252 0.631947 0.277325 0.632273 0.276744 0.632437 0.275292 0.633035 0.273986 0.633525 0.272098 0.634342 0.270066 0.635703 0.269485 0.639405 0.269122 0.643543 0.269050 0.644414 0.268106 0.653724 0.269485 0.656119 0.268324 0.661073 0.268832 0.660855 0.266436