1 0.669034 0.892004 0.230578 0.910711 0.223563 1.001131 0.775433 0.999572 0.739188 0.980864 0.700603 0.945008 0.673711 0.907593 0.664358 0.893563
1 0.292971 0.681698 0.234282 0.898089 0.661275 0.877328 0.657682 0.856567 0.657682 0.840598 0.660676 0.819837 0.667263 0.807061 0.679840 0.788696 0.696608 0.779912 0.648699 0.692877 0.294169 0.683295
1 0.644118 0.683595 0.591388 0.588064 0.324921 0.570890 0.293122 0.676081 0.644520 0.684132
1 0.556470 0.523605 0.588602 0.583018 0.325485 0.567660 0.342460 0.505417 0.555561 0.523201
1 0.554204 0.520541 0.541320 0.496554 0.528192 0.493637 0.515551 0.489748 0.502180 0.482292 0.499992 0.479375 0.355831 0.462844 0.343919 0.502065 0.553475 0.519893
1 0.515613 0.451439 0.522309 0.462532 0.511758 0.463614 0.506887 0.464967 0.504046 0.467673 0.502423 0.470108 0.500597 0.475248 0.499582 0.477142 0.355710 0.460909 0.364030 0.432500 0.515410 0.451709
1 0.503443 0.427114 0.514762 0.448939 0.364480 0.431061 0.370923 0.410629 0.503443 0.427346
1 0.493487 0.409171 0.502485 0.425642 0.371329 0.409171 0.375447 0.392497 0.493639 0.409578
1 0.488440 0.399731 0.492917 0.407689 0.376253 0.391953 0.380730 0.379292 0.465786 0.392315 0.468635 0.395028 0.472162 0.397199 0.474739 0.397922 0.478402 0.398646 0.483014 0.398827 0.488033 0.400093
1 0.479251 0.382152 0.480996 0.385255 0.477156 0.385721 0.471803 0.386031 0.467731 0.387117 0.466800 0.389134 0.465869 0.390996 0.381619 0.378739 0.384179 0.367878 0.479367 0.382307
1 0.473898 0.371912 0.478785 0.380911 0.384993 0.367102 0.385924 0.357638 0.473665 0.372067
1 0.469360 0.363689 0.473200 0.370671 0.386739 0.357327 0.388368 0.350345 0.469360 0.363999
1 0.543759 0.374912 0.557650 0.383521 0.476066 0.371521 0.472642 0.364217 0.543564 0.374912
1 0.476555 0.372173 0.481153 0.381564 0.545227 0.390695 0.546009 0.388868 0.549922 0.388347 0.555694 0.388477 0.561661 0.387825 0.562835 0.387825 0.558335 0.384173 0.477142 0.372565
1 0.544151 0.391738 0.540531 0.394607 0.537988 0.397086 0.536129 0.400086 0.508739 0.396955 0.508445 0.395260 0.506880 0.392912 0.503945 0.391347 0.498369 0.388999 0.491130 0.387303 0.484381 0.385738 0.483207 0.385738 0.481837 0.382869 0.543564 0.391608
1 0.535444 0.401259 0.535249 0.403868 0.534368 0.406607 0.533586 0.408042 0.532216 0.411042 0.531434 0.412868 0.496119 0.408433 0.491913 0.400868 0.496022 0.400999 0.500717 0.401520 0.504923 0.400607 0.507173 0.400346 0.508934 0.399303 0.509032 0.397868 0.535151 0.401390
1 0.531238 0.414433 0.530553 0.417694 0.530064 0.421607 0.530064 0.424867 0.531923 0.428519 0.532999 0.430476 0.506489 0.426172 0.497098 0.409868 0.531140 0.414302
1 0.520553 0.451748 0.526500 0.463339 0.532601 0.464355 0.535956 0.465169 0.542209 0.466592 0.552427 0.469845 0.557917 0.472489 0.564322 0.476962 0.568135 0.482046 0.569050 0.483266 0.603669 0.486520 0.604431 0.483673 0.605651 0.481233 0.605041 0.478793 0.606871 0.476352 0.609617 0.475946 0.614192 0.474522 0.620444 0.473099 0.629442 0.470456 0.638593 0.468219 0.645913 0.466389 0.520705 0.452968
1 0.570270 0.486113 0.568897 0.490180 0.566457 0.493637 0.561424 0.494653 0.555477 0.496483 0.548156 0.496483 0.546021 0.496890 0.560662 0.522104 0.593908 0.524748 0.593908 0.518444 0.593756 0.516004 0.593603 0.514377 0.593756 0.510107 0.595433 0.505227 0.597721 0.503397 0.599704 0.498313 0.602449 0.495670 0.603669 0.489570 0.569660 0.486113
1 0.598604 0.587936 0.651736 0.685077 0.900089 0.683467 0.805095 0.599207 0.599811 0.587936
1 0.905321 0.687636 0.998721 0.848116 0.834549 0.859671 0.812403 0.833994 0.790257 0.812169 0.773887 0.801256 0.744519 0.785208 0.726706 0.780073 0.704560 0.778789 0.657378 0.692129 0.904840 0.689561
1 0.840934 0.870672 0.851399 0.892139 0.860657 0.920584 0.865488 0.950102 0.862670 0.971033 0.855827 0.982840 0.848984 0.991964 0.837714 0.998941 0.997916 0.997867 0.997916 0.859938 0.842142 0.871745
1 0.000160 0.464675 0.023498 0.467593 -0.000569 0.479586
1 0.998799 0.560870 0.924408 0.555683 0.999528 0.605277 0.999528 0.561842
1 0.943043 0.524427 0.949138 0.527910 0.955233 0.529768 0.967597 0.535340 0.980309 0.538591 0.995633 0.542770 0.998768 0.542306 0.999638 0.544395 0.999116 0.559487 0.921276 0.551825 0.864332 0.516533 0.943391 0.524427
1 0.902888 0.498089 0.941751 0.518469 0.941426 0.520637 0.942564 0.523455 0.861099 0.514133 0.806138 0.485080 0.901750 0.497438
1 0.766331 0.461250 0.805068 0.483008 0.896114 0.495005 0.872628 0.484025 0.862715 0.481991 0.855700 0.479348 0.845787 0.475688 0.841059 0.474061 0.835722 0.471417 0.767094 0.461657
1 0.832778 0.463333 0.832045 0.466267 0.833616 0.469760 0.764566 0.459841 0.734284 0.442098 0.814546 0.453973 0.832464 0.463613
1 0.811298 0.452297 0.792962 0.442936 0.783531 0.441539 0.778711 0.440002 0.771482 0.437907 0.766557 0.435532 0.704475 0.425682 0.732691 0.440637 0.810515 0.452201
1 0.766295 0.429688 0.765145 0.431348 0.766199 0.434541 0.703171 0.424324 0.682289 0.412063 0.754513 0.423557 0.765337 0.429943
1 0.750683 0.422193 0.730066 0.411251 0.662510 0.400575 0.682026 0.410984 0.749682 0.421793
1 0.726062 0.409783 0.661409 0.399241 0.647398 0.391635 0.708648 0.402043 0.726062 0.409783
1 0.787392 0.421612 0.769714 0.412969 0.715647 0.403442 0.730379 0.411004 0.786729 0.421121
1 0.817762 0.434875 0.786343 0.422359 0.733468 0.412397 0.754829 0.422614 0.816708 0.434109
1 0.816411 0.435383 0.854761 0.449493 0.803418 0.441111 0.801637 0.439295 0.798074 0.436920 0.792311 0.433986 0.788120 0.432589 0.782462 0.430633 0.775127 0.429375 0.769260 0.428817 0.766955 0.428537 0.766431 0.429096 0.758153 0.424625 0.816725 0.435523
1 0.891752 0.465873 0.854170 0.451226 0.796236 0.441821 0.816588 0.453847 0.890017 0.465873
1 0.932014 0.485371 0.891756 0.467284 0.821887 0.455615 0.833994 0.462616 0.838662 0.462422 0.845955 0.462811 0.854415 0.465534 0.861270 0.468840 0.867688 0.470979 0.875273 0.474674 0.877169 0.477592 0.930701 0.485176
1 0.935154 0.487449 0.988432 0.509465 0.901871 0.496049 0.876458 0.484009 0.878780 0.481601 0.879296 0.480225 0.934509 0.487449
1 0.907079 0.498351 0.941652 0.515895 0.947328 0.515035 0.953520 0.514175 0.960099 0.515895 0.968226 0.518476 0.973257 0.520196 0.981514 0.522776 0.987190 0.526216 0.991447 0.528280 0.993511 0.529656 0.999961 0.530344 0.999961 0.516927 0.988480 0.510735 0.908240 0.498523
1 0.979811 0.483606 0.999722 0.486106 0.999811 0.495034 0.979632 0.484320
1 0.942132 0.466463 0.978204 0.483844 0.999632 0.484796 0.999632 0.478606 0.995257 0.477296 0.990347 0.475748 0.984275 0.473368 0.942847 0.466463
1 0.915293 0.445481 0.915972 0.446646 0.916069 0.449363 0.915875 0.452469 0.899765 0.451433 0.869777 0.437588 0.912575 0.445093 0.914711 0.445740
1 0.910328 0.443500 0.892828 0.435404 0.849167 0.429571 0.867381 0.436476 0.909703 0.443500
1 0.906361 0.439459 0.921920 0.440072 0.919885 0.441122 0.916865 0.441910 0.914633 0.444361 0.906033 0.439634
0 0.261572 0.260811 0.260374 0.263206 0.259231 0.265311 0.258632 0.267054 0.258523 0.270538 0.258088 0.272062 0.258088 0.274821 0.259285 0.277216 0.260810 0.277579 0.261191 0.279394 0.262225 0.280700 0.264131 0.281354 0.265274 0.280773 0.266907 0.280047 0.267670 0.278015 0.286017 0.281862 0.287922 0.284475 0.289664 0.285564 0.291243 0.285274 0.292876 0.285637 0.293530 0.283314 0.298538 0.284330 0.300117 0.283749 0.300988 0.282007 0.300934 0.280192 0.300444 0.278668 0.299791 0.278232 0.299791 0.276708 0.298865 0.275329 0.297341 0.273877 0.296089 0.272861 0.292931 0.271554 0.292060 0.271046 0.287541 0.266545 0.284275 0.264295 0.281498 0.262553 0.275836 0.261101 0.271317 0.260666 0.268105 0.260230 0.264294 0.260666 0.261518 0.260666
0 0.657367 0.335680 0.655706 0.338310 0.654253 0.339763 0.653422 0.340871 0.653474 0.342947 0.653422 0.344816 0.652799 0.346338 0.653941 0.347446 0.655810 0.348761 0.656381 0.350768 0.657783 0.351945 0.658976 0.351391 0.659807 0.350284 0.661053 0.350976 0.661520 0.352775 0.662818 0.353537 0.665361 0.353606 0.666400 0.351876 0.668320 0.352568 0.680312 0.354783 0.680727 0.356721 0.682440 0.357343 0.683219 0.357482 0.684205 0.356790 0.684828 0.355959 0.687216 0.355821 0.687423 0.354713 0.687683 0.352845 0.687579 0.351322 0.687112 0.349730 0.685814 0.348761 0.682077 0.346961 0.680986 0.345646 0.678028 0.342116 0.675743 0.339902 0.672006 0.338725 0.669670 0.337479 0.663389 0.336302 0.657471 0.335818
0 0.790667 0.363076 0.791762 0.365266 0.793110 0.366670 0.793826 0.368186 0.793194 0.369871 0.793026 0.372510 0.791888 0.373746 0.790162 0.373858 0.788982 0.374757 0.788309 0.375430 0.787214 0.375880 0.785740 0.374644 0.785360 0.374083 0.784939 0.373296 0.781570 0.372847 0.780938 0.373633 0.780264 0.373633 0.778875 0.372960 0.778580 0.372286 0.772768 0.370994 0.771968 0.371443 0.770409 0.371724 0.769104 0.370770 0.768135 0.369590 0.765018 0.369759 0.764513 0.370320 0.763334 0.370152 0.762365 0.369703 0.761270 0.368186 0.760596 0.367232 0.760344 0.364929 0.760638 0.363806 0.761607 0.362627 0.764260 0.361616 0.768261 0.361785 0.769020 0.361616 0.771041 0.360830 0.773989 0.359426 0.777822 0.359370 0.783086 0.360718 0.786203 0.361055 0.790751 0.363301
0 0.983323 0.444819 0.986299 0.447574 0.987787 0.451763 0.986795 0.457275 0.986630 0.460802 0.985141 0.465321 0.983075 0.467636 0.981173 0.466203 0.979850 0.467746 0.977949 0.469951 0.975882 0.470392 0.974477 0.469841 0.973154 0.468077 0.948848 0.464329 0.945624 0.465872 0.942731 0.464329 0.940168 0.461022 0.934133 0.461463 0.931074 0.460581 0.926196 0.458708 0.920823 0.457164 0.919004 0.456283 0.917350 0.454298 0.916689 0.452314 0.915780 0.449669 0.915532 0.445370 0.916854 0.442504 0.921980 0.440740 0.924295 0.439638 0.932314 0.440079 0.934215 0.439307 0.937770 0.436772 0.944219 0.433796 0.950337 0.432804 0.957364 0.434457 0.962655 0.434788 0.970426 0.437874 0.976709 0.439417 0.980016 0.441843 0.982992 0.444929
0 0.923014 0.408297 0.923363 0.410343 0.923991 0.412389 0.925177 0.415179 0.925246 0.418155 0.924061 0.420759 0.923293 0.423178 0.921898 0.426433 0.921061 0.427549 0.919736 0.429502 0.917783 0.432292 0.915830 0.434152 0.913528 0.433501 0.912412 0.432943 0.911714 0.429502 0.912133 0.427456 0.896647 0.425689 0.895671 0.428572 0.890927 0.431641 0.887719 0.429874 0.885347 0.428665 0.885486 0.426712 0.884998 0.425875 0.875023 0.423922 0.871884 0.422341 0.869513 0.420387 0.867281 0.416109 0.866792 0.410715 0.867908 0.406809 0.868955 0.405134 0.872721 0.403832 0.881999 0.404018 0.887440 0.401600 0.892322 0.399461 0.898321 0.399461 0.905785 0.401321 0.910319 0.403088 0.916457 0.405134 0.923014 0.408390
0 0.057340 0.273663 0.046924 0.276887 0.036693 0.282591 0.031485 0.285567 0.020696 0.286559 0.011395 0.287055 0.004141 0.288543 -0.000323 0.291024 -0.000137 0.311361 0.012512 0.316321 0.017348 0.320041 0.024788 0.321282 0.029997 0.319297 0.033159 0.322274 0.045250 0.320041 0.050458 0.322770 0.052690 0.319049 0.088404 0.317809 0.094171 0.320041 0.098821 0.320290 0.099937 0.319049 0.105145 0.317809 0.107378 0.323266 0.111842 0.325746 0.117422 0.326490 0.121328 0.323266 0.122631 0.319297 0.123003 0.316817 0.129699 0.314833 0.132303 0.312105 0.131745 0.306401 0.130257 0.304416 0.129141 0.296480 0.126165 0.292016 0.122631 0.288047 0.116678 0.281103 0.112958 0.278127 0.092869 0.275151 0.077616 0.272670 0.059945 0.272174 0.056410 0.273663
0 0.164125 0.313232 0.165082 0.315570 0.174329 0.317696 0.178475 0.319609 0.186766 0.323861 0.192824 0.328963 0.195535 0.331514 0.195375 0.336616 0.196332 0.341293 0.196970 0.347245 0.196173 0.352347 0.194738 0.356174 0.193940 0.360426 0.193462 0.365315 0.191230 0.369992 0.188201 0.371480 0.186128 0.370417 0.183258 0.367441 0.182939 0.364890 0.158226 0.377858 0.156791 0.383597 0.155675 0.387211 0.153602 0.388274 0.149298 0.389125 0.146268 0.387636 0.144355 0.384660 0.143558 0.383385 0.122990 0.382534 0.122831 0.376369 0.121874 0.370630 0.119483 0.364677 0.116613 0.358937 0.113743 0.356174 0.105133 0.353410 0.097480 0.352347 0.093494 0.349584 0.092537 0.348946 0.108960 0.337254 0.111829 0.334915 0.110235 0.331939 0.111032 0.329388 0.112627 0.328325 0.115497 0.329813 0.125541 0.318759 0.133194 0.314932 0.143717 0.314295 0.155197 0.314082 0.160618 0.315358 0.163488 0.313019
0 -0.000043 0.328500 0.009778 0.327607 0.026073 0.329690 0.039242 0.330583 0.058662 0.332964 0.071832 0.335643 0.086564 0.343679 0.095269 0.351119 0.097055 0.352012 0.113573 0.356476 0.116921 0.361238 0.120716 0.367488 0.122948 0.376417 0.122501 0.387429 0.120269 0.391595 0.118483 0.397845 0.116251 0.403798 0.111341 0.407369 0.104644 0.407667 0.103082 0.407369 0.099957 0.399036 0.061117 0.418679 0.058885 0.429988 0.056653 0.435643 0.051742 0.438619 0.043707 0.441595 0.038796 0.439214 0.036117 0.438024 0.032323 0.432369 0.032099 0.430286 0.031430 0.428202 0.017367 0.429393 0.012903 0.429690 0.003305 0.432667 0.000180 0.431179 -0.000490 0.329393
0 0.316479 0.336657 0.318359 0.338694 0.325290 0.338694 0.332104 0.339164 0.340798 0.340573 0.343030 0.341513 0.345850 0.340887 0.347259 0.341357 0.348434 0.343393 0.350079 0.345899 0.354543 0.352008 0.355483 0.354515 0.356540 0.351068 0.359125 0.352165 0.360887 0.354358 0.362179 0.357177 0.358655 0.358274 0.359947 0.361720 0.361005 0.365166 0.361005 0.369552 0.360652 0.377854 0.360535 0.383180 0.359712 0.387879 0.358185 0.388662 0.354661 0.388819 0.353721 0.387879 0.351019 0.393205 0.351254 0.399001 0.349961 0.404483 0.347964 0.406676 0.344792 0.406520 0.343500 0.406363 0.341385 0.399157 0.324938 0.397278 0.307316 0.394145 0.306258 0.396651 0.305554 0.400411 0.302851 0.401977 0.298270 0.400411 0.296038 0.393362 0.297095 0.383493 0.295920 0.379890 0.296860 0.375505 0.296860 0.366106 0.298270 0.362190 0.299679 0.361250 0.302734 0.358431 0.305436 0.349659 0.307198 0.345586 0.307433 0.345586 0.307903 0.345273 0.310840 0.342296 0.312132 0.340104 0.314717 0.337754 0.316244 0.336814
0 0.606104 0.476674 0.605112 0.478327 0.605608 0.481634 0.603375 0.486264 0.603375 0.490893 0.601887 0.496184 0.600151 0.498830 0.598911 0.500152 0.598415 0.502137 0.596927 0.504121 0.595935 0.505113 0.594199 0.506766 0.593455 0.513049 0.592959 0.517018 0.593207 0.522639 0.594943 0.525615 0.597919 0.529914 0.601391 0.535536 0.607840 0.545126 0.613792 0.551078 0.620240 0.559676 0.631649 0.560338 0.644298 0.564967 0.647522 0.572242 0.653475 0.579848 0.660171 0.580179 0.667860 0.578525 0.675300 0.574888 0.678772 0.566621 0.754169 0.574557 0.770042 0.575880 0.773762 0.583486 0.780459 0.586131 0.787155 0.586131 0.794348 0.584809 0.801292 0.575549 0.805756 0.575549 0.810221 0.564967 0.813445 0.554385 0.809229 0.549094 0.810717 0.543142 0.806996 0.537520 0.803028 0.531898 0.797324 0.528261 0.792364 0.522309 0.772522 0.510073 0.761114 0.504121 0.749457 0.499160 0.739784 0.490232 0.724407 0.478658 0.704566 0.468406 0.691917 0.464769 0.683485 0.465430 0.666867 0.464438 0.642810 0.467084 0.622721 0.472375 0.608832 0.476343 0.604864 0.477335
0 0.648584 0.428809 0.649281 0.431041 0.648165 0.434575 0.650118 0.437551 0.650397 0.441644 0.648723 0.446480 0.648723 0.450944 0.646073 0.453176 0.641050 0.453362 0.638539 0.453548 0.637423 0.454851 0.632959 0.459873 0.628634 0.459687 0.625425 0.458943 0.621798 0.455781 0.620961 0.453548 0.620263 0.452060 0.570319 0.446852 0.566971 0.451130 0.563483 0.453548 0.557763 0.453176 0.554973 0.451316 0.550928 0.449642 0.549532 0.445736 0.549114 0.443504 0.548556 0.442760 0.548277 0.440900 0.538511 0.436435 0.535442 0.433087 0.529862 0.425647 0.531257 0.414858 0.534326 0.407045 0.535721 0.403325 0.535721 0.401279 0.539069 0.395885 0.544092 0.392165 0.546045 0.388816 0.555810 0.387886 0.561112 0.387700 0.570459 0.388072 0.576737 0.388444 0.587339 0.389746 0.597803 0.393653 0.608266 0.398861 0.615939 0.405557 0.625007 0.412998 0.633656 0.417276 0.640074 0.421554 0.648863 0.429367