0 -0.000004 0.232232 0.008470 0.234437 0.019217 0.240224 0.023971 0.242704 0.026451 0.247113 0.033065 0.260065 0.036372 0.268057 0.036992 0.275773 0.038025 0.287622 0.036992 0.297543 0.030584 0.300299 0.025831 0.299196 0.022731 0.303606 0.014050 0.296992 0.004129 0.289276 -0.000004 0.286796
0 0.031825 0.300023 0.033891 0.301401 0.037198 0.301952 0.038645 0.299196 0.038438 0.290102 0.044432 0.284315 0.042572 0.277702 0.047326 0.277702 0.065307 0.275222 0.064687 0.271363 0.057660 0.267781 0.051046 0.262821 0.041332 0.254002 0.032858 0.246286 0.025417 0.244082 0.031205 0.255931 0.036372 0.267230 0.037818 0.285693 0.036992 0.296716
0 0.065100 0.271639 0.065100 0.275497 0.042779 0.277977 0.044225 0.284315 0.038645 0.290102 0.038645 0.300023 0.036992 0.302228 0.037612 0.309117 0.038852 0.312699 0.046292 0.316557 0.046912 0.321793 0.048359 0.324274 0.054353 0.328683 0.059313 0.332265 0.062000 0.334194 0.067580 0.332265 0.071300 0.327580 0.127724 0.342186 0.129584 0.346595 0.132891 0.350729 0.136198 0.353209 0.140952 0.354035 0.146119 0.354035 0.149839 0.352933 0.153559 0.350729 0.154799 0.348524 0.167820 0.350729 0.174227 0.348800 0.184974 0.345217 0.185801 0.342461 0.184354 0.341083 0.184148 0.325100 0.180014 0.319038 0.174227 0.313802 0.165133 0.307739 0.155626 0.303881 0.146945 0.295338 0.132891 0.284315 0.114910 0.277702 0.095069 0.273568 0.089902 0.272466 0.084941 0.269986 0.083288 0.272190
0 -0.000211 0.287347 0.014463 0.298094 0.023971 0.304708 0.040298 0.319589 0.048359 0.325100 0.061173 0.333643 0.062827 0.337501 0.064273 0.343288 0.065927 0.346595 0.066960 0.351004 0.067374 0.355689 0.066960 0.361751 0.066753 0.366712 0.061173 0.371397 0.052493 0.373601 0.040918 0.376632 0.007850 0.374979 0.004749 0.377459 -0.000211 0.379388
0 1.000289 0.584939 0.981385 0.580080 0.957469 0.577043 0.945853 0.577043 0.925581 0.587369 0.923303 0.590709 0.921253 0.596479 0.918292 0.600427 0.914876 0.608931 0.912598 0.615916 0.913509 0.622597 0.918065 0.629582 0.918520 0.632315 0.922620 0.638693 0.927403 0.641730 0.933325 0.642944 0.937197 0.642337 0.944486 0.652055 0.955874 0.658736 0.964530 0.663596 0.966580 0.669062 0.973640 0.676958 0.981385 0.681817 0.988673 0.684247 0.995279 0.684854 1.000517 0.680299
0 0.939703 0.542118 0.944486 0.540904 0.955191 0.542422 0.970452 0.548192 0.984118 0.555177 0.995962 0.562466 1.000062 0.568540 1.000062 0.583421 0.990268 0.575828 0.976146 0.562162 0.965213 0.556088 0.963163 0.552748 0.957469 0.552140
0 1.000289 0.584635 0.978424 0.579169 0.945853 0.577043 0.925353 0.587065 0.923076 0.591317 0.921253 0.596479 0.915787 0.607412 0.905765 0.607412 0.900526 0.610753 0.894377 0.613183 0.886632 0.610753 0.880938 0.606805 0.877977 0.602553 0.875472 0.597694 0.864767 0.589494 0.854972 0.581295 0.848367 0.578562 0.841078 0.568843 0.840851 0.559733 0.844495 0.549407 0.853834 0.544548 0.865678 0.543029 0.882305 0.543333 0.885721 0.540904 0.886632 0.539081 0.888227 0.537867 0.890049 0.538170 0.890504 0.539385 0.903032 0.536652 0.908954 0.536045 0.924898 0.537259 0.936742 0.540904 0.942664 0.543333 0.957013 0.552140 0.962935 0.552444 0.964757 0.554873 0.964985 0.556392 0.977057 0.563681 0.992090 0.577650
0 0.861122 0.464373 0.853834 0.466195 0.844495 0.468928 0.836523 0.469232 0.831968 0.469536 0.829234 0.470447 0.827412 0.475306 0.826957 0.480469 0.827640 0.486239 0.831284 0.487454 0.835156 0.487454 0.840851 0.490187 0.843812 0.491098 0.849278 0.490794 0.855884 0.492009 0.862261 0.493224 0.868183 0.495350 0.873650 0.498083 0.878433 0.499905 0.882077 0.502638 0.886632 0.505675 0.888682 0.504460 0.891188 0.499905 0.894604 0.489883 0.891188 0.479861 0.885266 0.475002 0.874561 0.470143
0 0.928314 0.537867 0.931275 0.534526 0.924214 0.528756 0.910776 0.522378 0.897565 0.516001 0.879344 0.509320 0.868411 0.506586 0.859528 0.507497 0.848823 0.509623 0.835840 0.512964 0.825590 0.512356 0.815796 0.513571 0.809646 0.519341 0.807141 0.527541 0.804635 0.536045 0.807824 0.539689 0.809874 0.542422 0.811924 0.545763 0.814885 0.549407 0.821946 0.552140 0.834018 0.561251 0.836523 0.565199 0.837662 0.566414 0.841078 0.569147 0.841306 0.559125 0.844723 0.549103 0.852695 0.544548 0.864994 0.543333 0.882077 0.543333 0.885721 0.540904 0.887543 0.538170 0.890049 0.537563 0.890504 0.539689 0.907359 0.536348 0.923987 0.536956
0 0.894217 0.514069 0.886167 0.506018 0.876287 0.499188 0.863297 0.493577 0.848843 0.491381 0.838048 0.491625 0.829083 0.493089 0.829266 0.495041 0.826521 0.503335 0.826521 0.508214 0.824143 0.511873 0.836218 0.512605 0.857259 0.507726 0.868785 0.506750 0.881593 0.510653
0 0.808774 0.519680 0.811335 0.517484 0.815726 0.513581 0.823960 0.512361 0.826704 0.508214 0.826521 0.502847 0.829449 0.494309 0.828168 0.488698 0.825606 0.482111 0.825972 0.477476 0.813531 0.470402 0.813897 0.467718 0.810055 0.467718 0.806212 0.466742 0.789380 0.459180 0.778402 0.456984 0.772547 0.458204 0.764131 0.460888 0.756812 0.463083 0.749494 0.462595 0.738516 0.463083 0.735223 0.465035 0.731564 0.472597 0.731564 0.475525 0.730283 0.478452 0.730100 0.481379 0.734857 0.486014 0.737235 0.490162 0.744371 0.494797 0.752055 0.498456 0.753885 0.501871 0.755898 0.504799 0.760106 0.506750 0.765961 0.506994 0.769620 0.502603 0.803834 0.514557 0.805480 0.518948
0 0.848660 0.445031 0.855978 0.448446 0.859637 0.453325 0.866224 0.457472 0.867688 0.460156 0.866956 0.464303 0.863114 0.464791 0.859271 0.462839 0.845000 0.458692
0 0.908305 0.414293 0.904646 0.408926 0.893302 0.405755 0.889643 0.408926
0 0.714793 0.410706 0.707149 0.405406 0.702868 0.403571 0.683452 0.398271 0.669233 0.393379 0.661283 0.392971 0.643701 0.395825 0.637739 0.397863 0.632693 0.399494 0.629483 0.401329 0.626884 0.404386 0.624590 0.407852 0.624743 0.412744 0.624437 0.417433 0.627037 0.421306 0.632540 0.425791 0.638044 0.429664 0.649970 0.436187 0.657002 0.435575 0.691096 0.445564 0.695835 0.449641 0.699046 0.450252 0.702257 0.447398 0.703480 0.445972 0.708066 0.446787 0.710513 0.446583 0.714488 0.429664 0.718157 0.413560
0 0.621380 0.379109 0.614194 0.374828 0.600129 0.368713 0.587898 0.365655 0.583311 0.365247 0.574749 0.368509 0.566188 0.369324 0.558391 0.368713 0.553651 0.369121 0.549982 0.381963 0.557779 0.385632 0.561142 0.388282 0.563742 0.391340 0.570927 0.394602 0.593096 0.401329 0.594166 0.404998 0.598447 0.409279 0.603186 0.409279 0.608843 0.408260 0.613583 0.406629 0.620768 0.405813 0.622144 0.403979 0.622297 0.399290 0.623367 0.393582 0.623979 0.388079
0 0.604956 0.659458 0.606444 0.657474 0.611404 0.649537 0.619837 0.644908 0.628517 0.644577 0.645135 0.643585 0.667208 0.643916 0.678121 0.639617 0.688785 0.635649 0.689033 0.633334 0.692258 0.630358 0.699698 0.629696 0.705154 0.630027 0.725244 0.625728 0.746325 0.625067 0.773607 0.628373 0.800889 0.634987 0.817506 0.642924 0.833875 0.654498 0.849500 0.668717 0.863637 0.679961 0.880006 0.694511 0.893150 0.706416 0.908031 0.721958 0.918944 0.735847 0.925889 0.749075 0.929113 0.752712 0.929113 0.762633 0.927625 0.771231 0.924896 0.778175 0.925889 0.787104 0.921920 0.795040 0.916216 0.804630 0.906047 0.809260 0.885214 0.816535 0.881990 0.822157 0.873309 0.830754 0.864381 0.834723 0.851732 0.832077 0.847515 0.827117 0.843547 0.819180 0.840075 0.813559 0.707883 0.800993 0.704658 0.804630 0.698706 0.809260 0.686801 0.816204 0.673656 0.815873 0.664728 0.806614 0.658775 0.796363 0.639182 0.787765 0.619589 0.769908 0.604460 0.746098 0.592555 0.709392
0 0.284182 0.548956 0.251303 0.548152 0.214503 0.550967 0.184942 0.559011 0.172876 0.564239 0.159302 0.573892 0.139092 0.594806 0.133059 0.604860 0.132155 0.615719 0.127027 0.623763 0.122502 0.639851 0.122200 0.653525 0.123105 0.663982 0.125217 0.672428 0.137584 0.684091 0.155079 0.691733 0.155984 0.704603 0.160810 0.714658 0.167748 0.725115 0.179814 0.731952 0.196102 0.734767 0.212391 0.729941 0.221139 0.718277 0.225965 0.709027 0.416904 0.743213 0.420222 0.758496 0.423841 0.765333 0.430779 0.774584 0.438923 0.778203 0.452196 0.781019 0.462451 0.779008 0.470294 0.774584 0.476327 0.766138 0.479947 0.754072 0.482360 0.750855 0.498347 0.751257 0.518255 0.748039 0.530622 0.744420 0.537560 0.734365 0.539370 0.721897 0.537258 0.698972 0.539973 0.678863 0.539671 0.657547 0.537862 0.626981 0.532130 0.595610 0.522780 0.569468 0.507999 0.564239 0.506793 0.558207 0.447369 0.543326 0.374674 0.528847 0.356274 0.528445 0.348431 0.532064 0.332142 0.533673 0.306503 0.541315
0 0.324903 0.462888 0.301073 0.462888 0.271513 0.466106 0.254922 0.472541 0.246476 0.477367 0.233506 0.495867 0.232903 0.502303 0.228378 0.508738 0.222345 0.523216 0.221742 0.533673 0.223552 0.541717 0.229886 0.549761 0.256732 0.548956 0.285388 0.549761 0.310123 0.540108 0.346923 0.532064 0.355067 0.527640 0.393677 0.532869 0.457323 0.545337 0.505284 0.557804 0.506793 0.548554 0.506189 0.525629 0.501966 0.508335 0.496235 0.485813 0.492615 0.473345 0.485376 0.469323 0.478137 0.463692 0.457323 0.457257 0.410267 0.445192 0.385835 0.440768 0.376484 0.444387 0.367133 0.443181 0.349034 0.452833 0.332444 0.459671
0 0.370774 0.401540 0.361956 0.399520 0.345146 0.398601 0.337017 0.399152 0.323651 0.403929 0.320620 0.405766 0.318691 0.412380 0.316624 0.416421 0.313042 0.419728 0.311664 0.425975 0.311388 0.435712 0.310424 0.439018 0.311526 0.443611 0.317175 0.447837 0.320344 0.451879 0.324340 0.455002 0.326958 0.457023 0.329301 0.461432 0.347351 0.453716 0.366916 0.443244 0.376837 0.444346 0.385931 0.440488 0.420102 0.447469 0.443939 0.454083 0.471634 0.461615 0.472047 0.455553 0.470394 0.447653 0.472323 0.439386 0.471358 0.434426 0.467225 0.426893 0.459233 0.417891 0.460198 0.413849 0.458269 0.410543 0.439943 0.403194 0.416933 0.395294 0.402465 0.392171 0.391442 0.393090
0 0.403567 0.376371 0.388549 0.375269 0.378077 0.376371 0.368432 0.378576 0.366090 0.382434 0.365263 0.387211 0.364298 0.390518 0.363472 0.392906 0.362783 0.399336 0.371050 0.401540 0.391442 0.392906 0.402465 0.391987 0.419275 0.395478 0.458131 0.410175 0.460060 0.413849 0.459647 0.418259 0.469429 0.430200 0.472047 0.436079 0.473012 0.434609 0.482933 0.435344 0.489409 0.434793 0.491200 0.432037 0.492578 0.428179 0.493267 0.419912 0.492715 0.416238 0.493404 0.412563 0.495196 0.404664 0.492853 0.401908 0.485275 0.397682 0.474941 0.389048 0.463505 0.380413 0.454824 0.375085 0.438841 0.370860 0.423409 0.369758 0.414453 0.372881
0 0.414590 0.364063 0.397643 0.361858 0.385517 0.361674 0.376561 0.363879 0.373943 0.365716 0.372703 0.372146 0.372152 0.377841 0.387998 0.375269 0.403567 0.376555 0.422720 0.369758 0.440081 0.371227 0.455789 0.375453 0.472736 0.387394 0.485137 0.398234 0.490097 0.400438 0.491200 0.389966 0.487755 0.384088 0.482519 0.373799 0.473563 0.368839 0.458269 0.362593 0.438427 0.357449 0.432916 0.357449 0.425613 0.359653
0 0.719478 0.513581 0.727033 0.511063 0.727719 0.508773 0.727719 0.503508 0.724285 0.496869 0.720164 0.492290 0.705570 0.486795 0.676895 0.477638 0.649079 0.472143 0.625384 0.488398 0.614910 0.491374 0.594993 0.496869 0.582973 0.497784 0.566662 0.498700 0.560309 0.500303 0.551380 0.508316 0.547774 0.521594 0.545886 0.531209 0.552067 0.547235 0.574903 0.566237 0.579196 0.568297 0.581256 0.572876 0.585721 0.577226 0.593276 0.579973 0.598083 0.579286 0.606668 0.575394 0.688743 0.592336 0.690631 0.598288 0.693379 0.602180 0.697671 0.603783 0.707287 0.605843 0.715013 0.602180 0.718276 0.596228 0.728234 0.596457 0.736476 0.594625 0.739739 0.582491 0.739567 0.577455 0.741799 0.564634 0.743001 0.556621 0.739910 0.548151 0.735446 0.529378 0.727891 0.519076
0 0.627106 0.458370 0.615814 0.445240 0.604522 0.435261 0.599270 0.430359 0.579706 0.422656 0.557253 0.416353 0.546092 0.412852 0.537164 0.413027 0.533618 0.413377 0.533750 0.418454 0.528104 0.436486 0.525346 0.438062 0.524165 0.445590 0.523639 0.453468 0.525084 0.460296 0.529154 0.465723 0.534931 0.469925 0.544910 0.475177 0.546617 0.481479 0.548456 0.485331 0.550688 0.487782 0.558435 0.489883 0.561717 0.487782 0.566181 0.482880 0.604390 0.493909 0.619753 0.490058
0 0.623429 0.453468 0.623561 0.450492 0.620935 0.445065 0.610956 0.435611 0.604390 0.431234 0.595725 0.425282 0.581413 0.411801 0.569989 0.403573 0.551476 0.397621 0.535194 0.394119 0.524296 0.393944 0.525609 0.398146 0.514711 0.404098 0.513004 0.413902 0.511297 0.416703 0.509590 0.421080 0.509459 0.431234 0.513135 0.436836 0.516286 0.440163 0.521013 0.442614 0.521801 0.447341 0.522983 0.454168 0.524033 0.452243 0.525215 0.438062 0.528498 0.436486 0.533618 0.417929 0.533750 0.412852 0.545961 0.412677 0.577080 0.421956 0.599795 0.430534 0.616076 0.445590
0 0.606097 0.431935 0.605047 0.425982 0.601108 0.421430 0.592967 0.414778 0.580756 0.407950 0.569858 0.396220 0.563424 0.391143 0.556202 0.384491 0.548324 0.381864 0.534800 0.377838 0.525740 0.375037 0.523114 0.376437 0.514711 0.376787 0.511034 0.380464 0.505651 0.385541 0.503681 0.390443 0.503288 0.396220 0.500661 0.403748 0.500005 0.408650 0.501187 0.412502 0.505257 0.419154 0.509196 0.421255 0.511822 0.416528 0.513135 0.409526 0.515630 0.403223 0.525215 0.397971 0.524165 0.394645 0.536113 0.393419 0.570121 0.403398 0.585746 0.415828 0.596118 0.426157
1 0.023053 0.397244 -0.000183 0.402123 -0.000183 0.391634
1 0.063122 0.339428 0.065317 0.343819 0.067330 0.352358 0.067330 0.366751 0.100812 0.375533 0.150761 0.362360
1 0.184426 0.326987 0.184426 0.341868 0.185524 0.342600 0.185158 0.345527 0.181316 0.347479 0.190647 0.350406 0.228337 0.338452
1 0.967003 0.684406 1.000237 0.710199 0.999989 0.691350
1 0.807966 0.524249 0.804361 0.535467 0.807966 0.540733 0.784615 0.534552 0.752163 0.507766
1 0.641002 0.839542 0.641895 0.865138 0.635198 0.887757 0.622698 0.905614 0.598145 0.916923 0.585198 0.919304 0.599931 0.999662 0.999931 1.000257 0.999931 0.980019 0.932966 0.879423
1 0.078182 0.733729 0.000057 0.832936 0.000057 1.000878 0.589449 1.001587 0.575100 0.920804 0.530457 0.903089 0.494318 0.875453 0.478374 0.849234 0.469870 0.827267 0.464556 0.810260 0.464556 0.806008
1 0.558593 0.584150 0.558049 0.590683 0.553966 0.596127 0.548521 0.599031 0.533550 0.600845 0.538177 0.625889 0.540627 0.658554 0.601603 0.671258 0.603781 0.660732 0.610586 0.649118 0.619841 0.645125 0.668023 0.642948 0.688983 0.635326 0.688983 0.634237 0.691433 0.629155 0.705860 0.630244 0.726548 0.624800
1 0.566324 0.498155 0.559947 0.499894 0.551395 0.507818 0.546757 0.526370 0.507912 0.516128 0.501969 0.480375
1 0.470661 0.447328 0.472545 0.455251 0.472111 0.461435 0.478488 0.462982 0.487040 0.470712 0.493272 0.473418 0.493707 0.475930 0.497766 0.477862 0.493127 0.452352