0 0.750556 0.999090 0.734007 0.957526 0.740935 0.953421 0.733623 0.935462 0.723232 0.920581 0.712841 0.913910 0.698216 0.888253 0.676665 0.854899 0.647031 0.819493 0.613549 0.783060 0.556975 0.730207 0.530421 0.708142 0.518875 0.698906 0.503866 0.692235 0.482314 0.691209 0.458068 0.694801 0.435747 0.701471 0.429974 0.705063 0.426126 0.714300 0.420738 0.720457 0.407268 0.733286 0.399956 0.743035 0.398801 0.750732 0.394183 0.756890 0.392644 0.785626 0.391489 0.793836 0.389565 0.805638 0.388410 0.822572 0.387640 0.838479 0.388025 0.849255 0.390334 0.858491 0.388410 0.876964 0.387640 0.895950 0.389565 0.918015 0.391874 0.931356 0.396107 0.944698 0.399956 0.951369 0.404189 0.957526 0.416889 0.959579 0.423047 0.955474 0.438056 1.000630
0 0.999950 0.633796 0.997236 0.637818 0.991504 0.638220 0.978232 0.639829 0.974311 0.643448 0.971596 0.648275 0.971898 0.653101 0.974009 0.660742 0.979439 0.665166 0.986678 0.667580 0.987583 0.672406 0.988790 0.677634 0.990599 0.680852 0.995124 0.684874 0.998744 0.685678 1.000252 0.685678
0 1.000252 0.742386 0.970390 0.729919 0.937812 0.712625 0.908553 0.700559 0.879294 0.695330 0.859989 0.695330 0.839779 0.690102 0.812933 0.681656 0.792723 0.679243 0.779752 0.680047 0.770402 0.685678 0.766179 0.688493 0.761654 0.694526 0.760447 0.701363 0.758638 0.709407 0.757431 0.712222 0.759844 0.719060 0.763464 0.725495 0.768893 0.731527 0.771910 0.734745 0.773720 0.739169 0.774323 0.746408 0.778244 0.756061 0.782769 0.760485 0.791215 0.763702 0.796644 0.764909 0.801471 0.764507 0.809012 0.762898 0.945957 0.861434 0.950180 0.875913 0.954704 0.883152 0.958324 0.889989 0.963753 0.898838 0.971596 0.904066 0.981249 0.910099 0.990298 0.913316 0.999045 0.914121 1.000252 0.912512
0 0.999950 0.690102 0.981852 0.683265 0.951084 0.675623 0.918507 0.674015 0.909156 0.673612 0.884120 0.667177 0.862704 0.663960 0.843097 0.663960 0.831936 0.668384 0.827412 0.672406 0.824395 0.676428 0.823792 0.684874 0.859687 0.695733 0.879294 0.694928 0.908251 0.700961 0.938416 0.712222 0.967373 0.727103 0.999950 0.741984
0 0.911064 0.544903 0.903744 0.543623 0.898703 0.543943 0.895343 0.544743 0.893903 0.546983 0.893183 0.551143 0.897143 0.553704 0.900624 0.556264 0.904104 0.559944 0.907344 0.560424 0.909864 0.559464 0.937586 0.569065 0.939746 0.572905 0.942266 0.574025 0.947067 0.574345 0.949827 0.573865 0.954387 0.574185 0.963748 0.575305 0.966868 0.574665 0.968788 0.571785 0.968308 0.569545 0.968308 0.567144 0.968548 0.562024 0.965068 0.556264 0.961587 0.552423 0.951987 0.548423 0.937706 0.544103 0.926785 0.541703 0.918865 0.543303
0 0.846620 0.530022 0.844700 0.532582 0.839300 0.533222 0.838700 0.534822 0.840740 0.537223 0.844460 0.540583 0.848780 0.545703 0.852260 0.549863 0.855621 0.552743 0.858741 0.554984 0.861501 0.558184 0.863061 0.560104 0.863781 0.563144 0.864381 0.566824 0.876142 0.571305 0.877942 0.574665 0.879982 0.575945 0.884783 0.577385 0.886823 0.577545 0.888983 0.576905 0.891143 0.576585 0.896783 0.577545 0.904464 0.577705 0.907824 0.576585 0.907224 0.572905 0.907944 0.569705 0.908424 0.565704 0.908664 0.563144 0.904224 0.559784 0.897743 0.554504 0.891263 0.550663 0.885983 0.545223 0.879982 0.540103 0.876142 0.537703 0.864861 0.532742 0.856701 0.530342 0.854061 0.529542 0.853701 0.530182 0.848900 0.530022
0 0.789140 0.529435 0.793278 0.523249 0.796539 0.520406 0.801805 0.520741 0.812214 0.523249 0.822873 0.526760 0.832278 0.530773 0.839175 0.535455 0.845947 0.541975 0.852468 0.550168 0.858361 0.554348 0.863001 0.560368 0.864506 0.567223 0.864506 0.570734 0.863503 0.573409 0.861873 0.575750 0.858988 0.575917 0.854599 0.575583 0.849583 0.576419 0.843439 0.575583 0.843188 0.570567 0.840680 0.566220 0.835288 0.560869 0.822873 0.553680 0.820114 0.551506 0.812465 0.541641 0.809831 0.538297 0.803812 0.534619 0.797291 0.531776
0 0.765690 0.528265 0.772211 0.527931 0.780236 0.527429 0.789767 0.529937 0.805944 0.535622 0.810207 0.538799 0.820866 0.552175 0.825130 0.554850 0.832027 0.558863 0.838172 0.563544 0.840931 0.566889 0.842561 0.569564 0.843313 0.572239 0.843188 0.575917 0.842812 0.579261 0.841683 0.582605 0.840554 0.584277 0.835789 0.584779 0.829770 0.584612 0.823249 0.582940 0.819989 0.582940 0.813844 0.583441 0.808326 0.581101 0.805818 0.578425 0.804313 0.573075 0.799297 0.571403 0.799674 0.564213 0.798545 0.561538 0.793278 0.556020 0.786130 0.549667 0.781240 0.547326 0.776725 0.540136 0.771208 0.532779
0 0.725060 0.517397 0.727066 0.516561 0.734465 0.516895 0.740233 0.518066 0.748134 0.520741 0.757037 0.523918 0.765314 0.528098 0.771584 0.533281 0.776349 0.539969 0.780738 0.547326 0.787259 0.551172 0.793529 0.556188 0.798294 0.561204 0.799548 0.564882 0.799297 0.571570 0.798294 0.575081 0.795285 0.577924 0.785879 0.579763 0.781992 0.579094 0.779233 0.577757 0.780236 0.569564 0.779860 0.563544 0.778857 0.558361 0.777227 0.555519 0.774217 0.552008 0.761802 0.546323 0.754404 0.535455 0.748761 0.529435 0.746002 0.526091 0.738854 0.522078 0.731581 0.519236
0 0.686436 0.530439 0.687314 0.525088 0.687941 0.521242 0.688568 0.520239 0.692957 0.519403 0.695967 0.516394 0.698099 0.513384 0.706375 0.513050 0.713147 0.514722 0.726063 0.518066 0.739481 0.522413 0.746378 0.526593 0.751896 0.532445 0.757790 0.540136 0.761802 0.546155 0.773716 0.551840 0.777101 0.555184 0.779484 0.559197 0.779986 0.563210 0.780111 0.566721 0.778732 0.578927 0.777227 0.582438 0.772336 0.583274 0.764561 0.582940 0.758291 0.581435 0.750140 0.578927 0.748134 0.581769 0.745124 0.582940 0.742240 0.582438 0.738352 0.579930 0.734716 0.577088 0.732835 0.571236 0.712520 0.561371 0.711391 0.555853 0.705999 0.552008 0.702111 0.548496 0.691829 0.535956
0 0.769201 0.507197 0.774593 0.504689 0.779735 0.503017 0.786757 0.503185 0.798420 0.506194 0.808703 0.508870 0.815850 0.511210 0.823500 0.514722 0.824001 0.518734 0.824503 0.526927 0.819863 0.525255 0.811461 0.522580 0.802809 0.520908 0.796288 0.520574 0.792275 0.524754 0.789516 0.529268 0.784500 0.528599 0.779609 0.527262 0.779609 0.521410 0.777352 0.515390 0.775722 0.511043
0 0.779735 0.527429 0.779484 0.521242 0.775722 0.511378 0.771960 0.508535 0.764185 0.504021 0.755783 0.501345 0.747381 0.499172 0.738227 0.497165 0.737098 0.497500 0.732333 0.498503 0.728069 0.500677 0.725561 0.501680 0.727317 0.505024 0.729198 0.507866 0.731079 0.509371 0.732709 0.512046 0.735092 0.514220 0.737600 0.516059 0.740610 0.517898 0.751520 0.522078 0.758166 0.524252 0.763809 0.527262 0.766317 0.528599 0.774719 0.527931
0 0.739481 0.517564 0.732459 0.512046 0.730452 0.508870 0.727819 0.506194 0.725812 0.502516 0.719041 0.498670 0.709510 0.495326 0.699980 0.492818 0.694337 0.491815 0.690198 0.491313 0.689446 0.493320 0.686562 0.494992 0.683677 0.496497 0.683050 0.498670 0.682173 0.500175 0.680919 0.501513 0.679915 0.503853 0.679915 0.509706 0.681044 0.511210 0.681295 0.512715 0.681922 0.513718 0.682800 0.515390 0.683427 0.517564 0.684179 0.518734 0.686938 0.520239 0.688944 0.520741 0.692832 0.519570 0.694964 0.517062 0.697597 0.513217 0.706500 0.513217 0.714150 0.514889 0.724684 0.517731 0.726815 0.516561 0.735844 0.516895
0 0.447690 0.485135 0.444943 0.487882 0.440307 0.491316 0.438761 0.493834 0.435155 0.498184 0.433954 0.501389 0.433267 0.504823 0.432580 0.508486 0.432580 0.509402 0.432408 0.512149 0.432065 0.514210 0.431035 0.517186 0.430863 0.519475 0.431721 0.521307 0.432236 0.525886 0.432065 0.529778 0.432752 0.534356 0.434469 0.536875 0.436014 0.538477 0.438589 0.539164 0.440822 0.539393 0.442024 0.538706 0.443912 0.536875 0.467607 0.560684 0.468122 0.564576 0.468981 0.568239 0.470526 0.571444 0.473789 0.574191 0.475849 0.575336 0.479283 0.575565 0.482889 0.575565 0.484434 0.574420 0.485980 0.572818 0.494221 0.576252 0.504695 0.577854 0.515684 0.578083 0.525815 0.577397 0.529592 0.573734 0.532168 0.568697 0.532855 0.565492 0.532339 0.561829 0.532339 0.556105 0.531481 0.550611 0.529249 0.545116 0.525300 0.540080 0.520492 0.535043 0.514482 0.528404 0.513109 0.525886 0.512765 0.522909 0.512937 0.518560 0.510877 0.516270 0.509160 0.517415 0.504008 0.508715 0.498514 0.502076 0.494393 0.497497 0.483747 0.492003 0.479627 0.489713 0.476536 0.488569 0.473789 0.488340 0.467264 0.486508 0.457305 0.484906 0.451124 0.484677
0 0.686014 0.530464 0.692195 0.536875 0.700437 0.546948 0.702841 0.549695 0.707133 0.552671 0.711426 0.556334 0.712285 0.561600 0.712628 0.566179 0.712800 0.572360 0.712285 0.576939 0.710739 0.581060 0.708507 0.582662 0.704730 0.583120 0.701296 0.583578 0.697175 0.583578 0.691508 0.582662 0.680519 0.581289 0.673651 0.579686 0.670046 0.578083 0.668157 0.580831 0.664551 0.582433 0.659915 0.581746 0.655966 0.580144 0.651673 0.575565 0.649956 0.568926 0.649269 0.566865 0.611838 0.547864 0.610980 0.549695 0.605657 0.550611 0.602223 0.548093 0.600849 0.545574 0.600849 0.540538 0.596900 0.535959 0.596900 0.532067 0.598617 0.525886 0.602738 0.520620 0.604970 0.519246 0.609434 0.518560 0.619221 0.519475 0.625574 0.520620 0.632443 0.518560 0.639311 0.516957 0.647552 0.517644 0.661289 0.519475 0.674510 0.522452 0.680519 0.526115
0 0.681893 0.527030 0.681721 0.522452 0.680691 0.517186 0.680519 0.510776 0.678631 0.509402 0.673480 0.503908 0.666096 0.498413 0.656138 0.495208 0.642573 0.492003 0.634503 0.492003 0.627635 0.493834 0.620080 0.496124 0.616474 0.497497 0.613040 0.498642 0.609778 0.501160 0.608919 0.504365 0.608576 0.508257 0.609606 0.511234 0.611151 0.513065 0.612525 0.514439 0.615100 0.516957 0.617333 0.518331 0.619393 0.518560 0.622484 0.517415 0.627807 0.519933 0.637250 0.517644 0.641714 0.516957 0.654764 0.518560 0.664379 0.520391 0.672278 0.521994 0.676742 0.523825
0 0.604798 0.518789 0.604798 0.517415 0.604283 0.516041 0.604798 0.512149 0.604283 0.508028 0.604283 0.506197 0.602910 0.504823 0.599304 0.502763 0.597930 0.500931 0.594324 0.496124 0.591062 0.491316 0.587456 0.487882 0.581103 0.485593 0.574407 0.483532 0.565822 0.481701 0.559125 0.480327 0.555519 0.480556 0.552944 0.481930 0.555348 0.483761 0.557752 0.485135 0.559640 0.488111 0.561186 0.489027 0.562903 0.493834 0.565135 0.498871 0.566680 0.502534 0.566680 0.505739 0.566508 0.509631 0.565993 0.512836 0.565822 0.516041 0.564620 0.520391 0.564105 0.523825 0.564105 0.525199 0.565478 0.527488 0.568225 0.528175 0.570629 0.527717 0.573205 0.526572 0.576467 0.525886 0.581790 0.526115 0.587285 0.524970 0.587800 0.527717 0.589860 0.529549 0.592436 0.529549 0.593981 0.529091 0.596041 0.527946 0.597758 0.526801 0.599304 0.524970 0.602223 0.521536 0.603596 0.519704
0 0.490787 0.495208 0.490272 0.492003 0.491131 0.489256 0.493019 0.483990 0.494050 0.482387 0.496625 0.481930 0.501089 0.481243 0.505210 0.479182 0.511907 0.475519 0.517401 0.473688 0.523239 0.474832 0.533885 0.475977 0.538006 0.476664 0.541440 0.477351 0.547106 0.479411 0.552944 0.481701 0.556893 0.484448 0.558954 0.486279 0.561186 0.488340 0.566165 0.500931 0.567024 0.504137 0.566508 0.508028 0.566337 0.514668 0.565135 0.519704 0.564105 0.523138 0.561014 0.523138 0.559125 0.524283 0.557580 0.526343 0.555348 0.527946 0.553116 0.528175 0.550883 0.526801 0.548823 0.524512 0.546419 0.522680 0.540410 0.522909 0.534915 0.522909 0.531481 0.521994 0.530107 0.524283 0.528047 0.524741 0.524613 0.524970 0.522724 0.524283 0.520320 0.522223 0.519462 0.519475 0.518603 0.515812 0.503322 0.508257 0.498171 0.501847 0.494908 0.497497
0 0.408801 0.449450 0.404075 0.452601 0.400792 0.456278 0.399216 0.459254 0.398166 0.460654 0.396984 0.461355 0.394883 0.462055 0.392783 0.464156 0.391601 0.465907 0.390944 0.469583 0.389894 0.472559 0.389237 0.476761 0.389106 0.482013 0.389237 0.486740 0.389894 0.491642 0.390813 0.493743 0.392520 0.495668 0.395015 0.496019 0.396722 0.496194 0.398166 0.494618 0.399085 0.493217 0.411428 0.505472 0.411296 0.508974 0.411559 0.511600 0.412478 0.512650 0.415367 0.513175 0.418124 0.513350 0.420487 0.514051 0.423245 0.514401 0.431911 0.514226 0.432830 0.507398 0.433618 0.501271 0.435981 0.497069 0.439789 0.491642 0.444253 0.488315 0.447536 0.484814 0.453444 0.484464 0.459222 0.484639 0.462636 0.485514 0.462110 0.473435 0.461323 0.468182 0.460403 0.463981 0.453970 0.459429 0.443728 0.454352 0.438345 0.452251 0.431648 0.450500 0.424426 0.449450 0.416286 0.448750
0 0.000060 0.456040 0.003170 0.456772 0.007562 0.456772 0.010672 0.456772 0.013599 0.458724 0.015429 0.461651 0.017807 0.466530 0.019820 0.471409 0.021833 0.479216 0.021833 0.486290 0.021833 0.490193 0.020552 0.496292 0.019820 0.504586 0.018905 0.512393 0.018356 0.517272 0.015429 0.519955 0.009940 0.521175 0.007196 0.521175 0.002987 0.518004 0.000060 0.520931
0 0.170398 0.490437 0.166373 0.488974 0.163629 0.490681 0.162165 0.492877 0.163263 0.496292 0.165641 0.498244 0.169666 0.500683 0.168203 0.504830 0.167105 0.510441 0.166190 0.516296 0.165641 0.522151 0.165458 0.528006 0.165275 0.538495 0.164726 0.547522 0.164360 0.553620 0.164177 0.559719 0.163994 0.563134 0.172777 0.568013 0.180827 0.569477 0.198391 0.570941 0.219798 0.571917 0.231691 0.572892 0.240290 0.571673 0.246145 0.568501 0.247608 0.563378 0.248889 0.556304 0.250536 0.542643 0.250536 0.528006 0.248889 0.523127 0.246694 0.518248 0.246328 0.512149 0.245413 0.506538 0.247425 0.504830 0.252731 0.503855 0.254744 0.501659 0.254927 0.499463 0.253280 0.496292 0.249255 0.495804 0.246876 0.495804 0.244132 0.498976 0.238094 0.479704 0.234618 0.470433 0.231508 0.463359 0.226385 0.460675 0.219432 0.458236 0.210284 0.457016 0.200770 0.456528 0.193451 0.457016 0.187414 0.457992 0.185035 0.460675 0.180095 0.467750 0.175887 0.474337 0.173691 0.480191 0.171313 0.486778
0 0.733436 0.481893 0.730163 0.481781 0.728485 0.483236 0.727814 0.486145 0.727646 0.490508 0.729156 0.492299 0.735954 0.495767 0.738974 0.496774 0.745268 0.498788 0.750051 0.499907 0.754331 0.500802 0.756261 0.499683 0.757352 0.497557 0.758527 0.491292 0.756764 0.488718 0.752988 0.483795 0.750219 0.481222 0.744597 0.479096 0.739981 0.478425 0.735870 0.479320
0 0.677968 0.473502 0.672849 0.473837 0.670080 0.474285 0.667814 0.475292 0.666220 0.478872 0.665968 0.480327 0.666304 0.482341 0.666975 0.483459 0.667982 0.484914 0.668570 0.486369 0.669744 0.487376 0.671423 0.488271 0.673101 0.488271 0.674276 0.487935 0.675619 0.486480 0.690555 0.491403 0.698276 0.492522 0.705744 0.494089 0.712038 0.496215 0.716737 0.498005 0.718415 0.498564 0.719674 0.496103 0.720597 0.493417 0.720429 0.491292 0.720681 0.486369 0.720094 0.483236 0.718583 0.479543 0.715226 0.477753 0.709520 0.475180 0.700122 0.471823 0.690891 0.470369 0.686276 0.470369 0.682500 0.471935
0 0.626193 0.456830 0.634752 0.457949 0.640039 0.458509 0.645913 0.460746 0.647843 0.461865 0.648934 0.462760 0.650528 0.464103 0.652961 0.466453 0.654892 0.470033 0.656738 0.472159 0.660010 0.474844 0.662444 0.476970 0.663954 0.478313 0.664710 0.479879 0.664710 0.483236 0.664374 0.486369 0.664290 0.488718 0.662696 0.489725 0.660262 0.490061 0.659339 0.491180 0.657745 0.491180 0.655731 0.490620 0.655059 0.489278 0.653968 0.488718 0.651115 0.488271 0.649437 0.488942 0.647003 0.489166 0.645493 0.488830 0.644234 0.487823 0.645913 0.486704 0.646836 0.480886 0.646668 0.478201 0.646164 0.475627 0.644570 0.473613 0.640962 0.470369 0.638025 0.467907 0.635927 0.465893 0.630472 0.459628
0 0.595858 0.450430 0.597242 0.449235 0.601071 0.449452 0.607018 0.451190 0.612558 0.453580 0.605715 0.452928 0.604411 0.453145 0.603760 0.454232 0.603271 0.455318 0.602212 0.456295 0.601397 0.457056 0.601153 0.453689 0.599523 0.452820
0 0.626000 0.456621 0.616794 0.453906 0.613128 0.454014 0.607996 0.453254 0.604900 0.453254 0.603434 0.454232 0.601967 0.456621 0.601071 0.457599 0.600583 0.459228 0.599686 0.461183 0.599198 0.463247 0.598953 0.466071 0.599198 0.468026 0.600501 0.469438 0.601071 0.470742 0.601153 0.474001 0.601153 0.476607 0.603271 0.477585 0.604982 0.477694 0.606529 0.476390 0.621030 0.482690 0.621682 0.484537 0.622497 0.485840 0.623882 0.487035 0.627059 0.487687 0.628688 0.487469 0.629747 0.486383 0.635857 0.486926 0.636264 0.488338 0.637649 0.489968 0.639523 0.490511 0.641234 0.489968 0.641559 0.489207 0.643515 0.488338 0.645633 0.486709 0.647018 0.483125 0.646855 0.479866 0.646284 0.475413 0.643107 0.471828 0.637975 0.468026 0.634228 0.464116 0.630399 0.459554
0 0.573943 0.446954 0.576876 0.445325 0.580624 0.445759 0.587141 0.447497 0.591458 0.448909 0.595858 0.450647 0.601071 0.453363 0.601153 0.457490 0.600338 0.460097 0.599198 0.463899 0.598872 0.467483 0.595287 0.464442 0.593169 0.463356 0.590725 0.459011 0.587304 0.454775 0.582253 0.451082 0.576958 0.448909
0 0.573781 0.447063 0.571662 0.442827 0.570115 0.440980 0.564575 0.438808 0.560094 0.437178 0.554473 0.435875 0.549097 0.434897 0.546082 0.434897 0.543394 0.437287 0.541194 0.439242 0.539973 0.440328 0.538832 0.444890 0.538099 0.449778 0.538425 0.450973 0.538995 0.452277 0.539158 0.454449 0.539728 0.456621 0.540543 0.457816 0.543313 0.459011 0.545349 0.458576 0.546408 0.457164 0.553007 0.460097 0.553251 0.456078 0.554555 0.449670 0.558954 0.446194 0.561724 0.445108 0.564086 0.444890 0.569870 0.446302
0 0.574677 0.447497 0.567182 0.445542 0.563353 0.445108 0.558791 0.446194 0.556510 0.448258 0.555044 0.449778 0.554229 0.451299 0.553659 0.454992 0.553251 0.457708 0.553251 0.459771 0.552925 0.462704 0.553414 0.464442 0.553903 0.467918 0.554147 0.469656 0.555044 0.470851 0.556510 0.471828 0.558628 0.471828 0.560094 0.471285 0.560502 0.470199 0.574106 0.476607 0.575002 0.478237 0.575817 0.479649 0.576795 0.480844 0.578913 0.481387 0.580868 0.481713 0.582416 0.481387 0.584452 0.480083 0.592355 0.480844 0.592843 0.482473 0.594391 0.483994 0.597487 0.483994 0.598546 0.482582 0.599279 0.481604 0.600827 0.479214 0.600990 0.475956 0.600583 0.470199 0.599035 0.467918 0.594961 0.464442 0.592599 0.463139 0.588118 0.455752 0.583882 0.452385 0.579076 0.449995
0 0.488611 0.409974 0.489154 0.406354 0.488852 0.401769 0.488007 0.399919 0.486680 0.399115 0.483242 0.398551 0.481432 0.398551 0.479924 0.399275 0.478476 0.401769 0.478053 0.405067 0.477933 0.407158 0.479381 0.408767 0.481251 0.409169 0.482156 0.408445 0.485594 0.409250 0.486318 0.410215 0.488068 0.410537
0 0.498263 0.404504 0.495247 0.405710 0.493859 0.406113 0.491688 0.406434 0.491024 0.406997 0.490722 0.409250 0.490964 0.411502 0.492110 0.412548 0.493377 0.412226 0.497720 0.413272 0.498263 0.414639 0.500073 0.415443 0.501340 0.414800 0.503753 0.415363 0.505382 0.406595 0.502848 0.405067
0 0.509545 0.411502 0.511958 0.411180 0.513526 0.410054 0.516905 0.409893 0.519559 0.410376 0.522274 0.411261 0.524144 0.412145 0.525954 0.415282 0.524868 0.420511 0.523963 0.421718 0.522334 0.422441 0.521852 0.421798 0.521369 0.420672 0.517327 0.420028 0.515879 0.420672 0.514974 0.420270 0.514371 0.419546 0.514009 0.418259 0.509665 0.417454 0.508519 0.418098
0 0.528548 0.416328 0.533435 0.413995 0.536210 0.414559 0.540493 0.415363 0.545561 0.416972 0.546466 0.418661 0.546707 0.421637 0.546466 0.424694 0.545259 0.426544 0.544052 0.429359 0.542785 0.429359 0.542243 0.428072 0.541881 0.427268 0.538502 0.426624 0.537356 0.427911 0.535003 0.427026 0.534038 0.426866 0.532047 0.425337 0.531745 0.424694 0.528970 0.424050 0.527703 0.425015 0.526919 0.425015
0 0.569692 0.431692 0.567279 0.429198 0.564142 0.426624 0.559858 0.425096 0.556239 0.424613 0.553886 0.424533 0.552257 0.425176 0.550507 0.425981 0.547853 0.426142 0.545983 0.426142 0.544957 0.427348 0.544113 0.429681 0.544173 0.431290 0.544535 0.432335 0.545319 0.433381 0.547069 0.434427 0.549301 0.434668 0.550930 0.434990 0.554851 0.435633 0.558471 0.436518 0.562452 0.437725 0.566072 0.439172 0.568666 0.439816
0 0.545018 0.435392 0.543811 0.433703 0.540674 0.429279 0.538140 0.428233 0.535124 0.427268 0.531806 0.426222 0.526919 0.425579 0.526316 0.432255 0.529815 0.434668 0.531263 0.436518 0.531504 0.439253 0.532530 0.441425 0.533254 0.443436 0.533736 0.444884 0.533857 0.445607 0.534882 0.446251 0.536029 0.446412 0.537235 0.446412 0.538563 0.446090 0.539890 0.440379 0.541820 0.438449
0 0.531263 0.439012 0.531082 0.436598 0.530237 0.435231 0.528367 0.433703 0.526437 0.432174 0.524506 0.429198 0.522515 0.426705 0.520585 0.425257 0.516060 0.423889 0.512863 0.423085 0.509243 0.422924 0.507071 0.423889 0.507795 0.425418 0.508640 0.428474 0.508881 0.429922 0.510751 0.430887 0.512199 0.432416 0.512259 0.433381 0.515819 0.434024 0.519438 0.434588 0.523239 0.435955 0.528065 0.437322
0 0.507071 0.434748 0.509062 0.433864 0.512682 0.433622 0.517991 0.434266 0.520343 0.434668 0.526376 0.436518 0.529574 0.438046 0.531504 0.439253 0.532711 0.441827 0.533193 0.443999 0.534460 0.446975 0.534762 0.450112 0.534400 0.453088 0.534219 0.455903 0.532952 0.459443 0.531987 0.461695 0.530599 0.462660 0.528246 0.461454 0.527100 0.458960 0.519921 0.457754 0.519197 0.457512 0.517930 0.458317 0.514009 0.458156 0.512923 0.457834 0.511777 0.456627 0.512561 0.451640 0.512802 0.447377 0.512380 0.444320 0.511475 0.442631 0.510329 0.439012 0.508760 0.436518
0 0.512018 0.433622 0.511958 0.432094 0.510450 0.430887 0.508941 0.430083 0.507373 0.425257 0.506106 0.423407 0.503512 0.421476 0.500013 0.420109 0.496996 0.419465 0.494101 0.418902 0.491446 0.419546 0.489274 0.421637 0.488550 0.425096 0.489998 0.426866 0.492170 0.429520 0.494583 0.429842 0.499410 0.431129 0.502607 0.431772 0.505020 0.433140 0.506951 0.434266 0.508881 0.433783
0 0.480828 0.433783 0.482699 0.432174 0.486861 0.430083 0.489817 0.429198 0.493075 0.429681 0.499229 0.431129 0.502547 0.431853 0.506830 0.434427 0.509364 0.437242 0.510993 0.441183 0.511777 0.443114 0.512561 0.446814 0.512863 0.450112 0.512561 0.453008 0.511958 0.455984 0.511234 0.457110 0.509786 0.457190 0.509002 0.458477 0.508217 0.459764 0.505985 0.459925 0.504658 0.459201 0.504115 0.457512 0.503753 0.455340 0.500495 0.455501 0.497238 0.455019 0.494402 0.454053 0.494101 0.455903 0.492351 0.456547 0.489636 0.456225 0.488671 0.455180 0.487404 0.451077 0.484086 0.449308 0.483724 0.445607 0.483000 0.440379 0.481854 0.436598
0 0.454043 0.459394 0.454719 0.456147 0.454584 0.451637 0.453975 0.448932 0.451811 0.445144 0.450323 0.442709 0.448970 0.440815 0.445994 0.434953 0.442747 0.429812 0.436592 0.426205 0.430707 0.424581 0.423943 0.423138 0.418531 0.422597 0.416773 0.423860 0.414608 0.427467 0.412850 0.428369 0.411294 0.429091 0.410685 0.433059 0.409603 0.438470 0.409603 0.441987 0.409603 0.444873 0.410144 0.448842 0.418126 0.448842 0.425025 0.449383 0.433345 0.450465 0.439906 0.452359 0.446129 0.455515
0 0.450661 0.442799 0.451878 0.441536 0.452622 0.438921 0.452622 0.433961 0.450458 0.430894 0.448632 0.427287 0.449984 0.426024 0.449240 0.425212 0.447888 0.425122 0.445250 0.420072 0.442679 0.416194 0.439771 0.414570 0.432465 0.411414 0.427731 0.409700 0.421305 0.408347 0.416908 0.407806 0.414947 0.407896 0.413797 0.409249 0.412106 0.412406 0.410144 0.416554 0.409129 0.423048 0.408656 0.425483 0.408453 0.428098 0.409062 0.429992 0.409806 0.431435 0.410076 0.432878 0.410212 0.433870 0.411091 0.428730 0.414744 0.427377 0.417449 0.423499 0.418802 0.422597 0.426378 0.423679 0.435645 0.425754 0.439432 0.427377 0.442612 0.429451 0.444911 0.432969 0.446061 0.434863 0.447549 0.438019
0 0.449984 0.429361 0.452081 0.429091 0.455328 0.426836 0.458507 0.425122 0.461686 0.424852 0.466962 0.425483 0.472238 0.426746 0.476838 0.429361 0.478935 0.430534 0.479949 0.432337 0.481302 0.434772 0.483467 0.441627 0.483872 0.445685 0.484008 0.449563 0.483467 0.451277 0.481776 0.451096 0.481099 0.452720 0.480220 0.453982 0.479340 0.454343 0.477108 0.454253 0.475958 0.453171 0.475755 0.450736 0.471562 0.450465 0.467639 0.449834 0.464933 0.449202 0.463715 0.448932 0.461213 0.449383 0.459184 0.448932 0.458372 0.446767 0.451270 0.443340 0.450458 0.442889 0.451878 0.440995 0.452419 0.439462 0.452622 0.434141
0 0.491717 0.429119 0.488233 0.425634 0.486926 0.422948 0.484313 0.419101 0.482135 0.416778 0.477998 0.415036 0.475003 0.414818 0.472118 0.413875 0.469287 0.413584 0.469069 0.414310 0.470376 0.415689 0.471791 0.419174 0.473098 0.423239 0.473261 0.426941 0.478869 0.430207 0.480829 0.433910 0.483496 0.431587 0.487144 0.429990 0.489757 0.429264
0 0.468198 0.413149 0.471029 0.410826 0.472880 0.409882 0.477671 0.410390 0.482299 0.411552 0.487144 0.413584 0.489158 0.414891 0.489812 0.417359 0.490411 0.419972 0.489158 0.421642 0.488614 0.423457 0.488233 0.425271 0.487198 0.423674 0.486001 0.421424 0.482843 0.417504 0.479032 0.415327 0.473370 0.414310 0.471192 0.413584 0.468742 0.413875
0 0.478161 0.410100 0.476038 0.406906 0.471573 0.405309 0.465040 0.404293 0.462373 0.404801 0.463026 0.406543 0.463679 0.409156 0.464931 0.410245 0.466292 0.411552 0.467654 0.412423 0.468089 0.412858 0.471083 0.410753 0.472608 0.410100 0.474296 0.409810
0 0.464931 0.410608 0.459923 0.409156 0.456003 0.408793 0.453498 0.409737 0.449089 0.412133 0.448163 0.410536 0.445931 0.408358 0.446203 0.406108 0.447183 0.402841 0.449252 0.401171 0.451920 0.399937 0.458834 0.401462 0.461120 0.403131 0.462264 0.405164 0.463135 0.408503 0.463843 0.409374
0 0.468634 0.414238 0.463407 0.412786 0.455948 0.411770 0.453390 0.411915 0.449524 0.412713 0.449633 0.412133 0.454478 0.409592 0.456819 0.408866 0.461502 0.409955 0.465367 0.410753 0.467654 0.412133
0 0.449415 0.413076 0.442937 0.415689 0.445822 0.420553 0.447728 0.425199 0.449034 0.425344 0.450123 0.426360 0.448980 0.427231 0.449633 0.429046 0.450994 0.428973 0.452954 0.428175 0.458181 0.425054 0.461665 0.424908 0.467762 0.425562 0.473152 0.426868 0.473098 0.424618 0.472771 0.422005 0.471465 0.417795 0.469995 0.415254 0.464441 0.412786 0.460195 0.412133 0.455567 0.411842 0.451157 0.412350
0 0.427203 0.409302 0.430415 0.407124 0.434117 0.405672 0.438799 0.405890 0.442719 0.406616 0.445768 0.408358 0.448381 0.410536 0.449415 0.413004 0.445768 0.413802 0.442719 0.415689 0.439616 0.414746 0.433627 0.411987 0.430197 0.410463
0 0.435641 0.405454 0.432919 0.402260 0.430306 0.398413 0.427475 0.397252 0.422466 0.396163 0.420289 0.396018 0.418056 0.397905 0.416260 0.400808 0.415498 0.403131 0.415062 0.407414 0.417131 0.407559 0.420343 0.408068 0.423228 0.408576 0.426658 0.409374 0.429870 0.407051 0.433246 0.405672
0 0.422031 0.395945 0.422248 0.392606 0.423664 0.391880 0.425080 0.390356 0.429435 0.390936 0.431830 0.391590 0.433464 0.393259 0.435206 0.396308 0.436404 0.397469 0.437438 0.398849 0.437928 0.400808 0.437329 0.403494 0.436730 0.404801 0.435315 0.404874 0.434171 0.403494 0.431885 0.400881 0.430578 0.398631 0.427257 0.396816 0.424481 0.396598
0 0.402057 0.385454 0.403256 0.384855 0.405428 0.385155 0.409772 0.386253 0.411870 0.388251 0.413518 0.390348 0.414192 0.392645 0.413817 0.395441 0.413068 0.397239 0.411645 0.397639 0.410596 0.396540 0.408199 0.395841 0.407450 0.392545 0.407450 0.389849 0.406327 0.387651 0.404155 0.386253
0 0.398537 0.385754 0.396065 0.386453 0.394567 0.387851 0.395016 0.390048 0.395915 0.392845 0.396589 0.396440 0.397938 0.396740 0.400260 0.397439 0.402057 0.396840 0.404379 0.397239 0.404979 0.398637 0.407151 0.398937 0.407750 0.398338 0.407975 0.395941 0.407825 0.394043 0.407600 0.392246 0.407301 0.389749 0.406327 0.387951 0.405128 0.386852 0.401533 0.385454
0 0.373744 0.406228 0.374418 0.403431 0.376290 0.399836 0.378612 0.398637 0.380485 0.397838 0.382807 0.395841 0.385354 0.394942 0.387676 0.394942 0.391945 0.395741 0.395541 0.396340 0.399585 0.398338 0.402132 0.400635 0.402956 0.402233 0.403855 0.404630 0.404604 0.409224 0.404230 0.414217 0.404379 0.417813 0.403555 0.420210 0.402657 0.422407 0.401158 0.422906 0.400260 0.422107 0.399660 0.420909 0.399286 0.419411 0.392694 0.417813 0.391646 0.419411 0.389923 0.420010 0.389174 0.418911 0.386178 0.412420 0.384080 0.409124 0.380036 0.407826 0.376290 0.406927
0 0.396065 0.396240 0.395616 0.391447 0.394192 0.388450 0.387751 0.386753 0.383931 0.386053 0.382058 0.386952 0.379436 0.388850 0.377564 0.389948 0.376215 0.392445 0.375391 0.395342 0.375691 0.398637 0.375991 0.400036 0.377564 0.399137 0.380260 0.398038 0.382432 0.396240 0.384530 0.395042 0.386402 0.394742 0.389773 0.395042 0.392544 0.395741
0 0.373444 0.406627 0.366927 0.405529 0.364755 0.405529 0.362059 0.407126 0.360111 0.409424 0.358014 0.409623 0.356815 0.410123 0.356740 0.411521 0.355916 0.412520 0.355317 0.413818 0.354418 0.415815 0.353969 0.418412 0.353969 0.421109 0.353969 0.423406 0.353969 0.425503 0.354418 0.427001 0.355392 0.428199 0.357639 0.428799 0.358313 0.427600 0.358388 0.426502 0.362733 0.429598 0.362733 0.432594 0.363931 0.435390 0.365954 0.436089 0.367901 0.436189 0.369849 0.435390 0.370448 0.433293 0.377339 0.434392 0.384605 0.435091 0.384680 0.437488 0.385578 0.439185 0.387451 0.439885 0.388799 0.438786 0.389399 0.436489 0.389773 0.434791 0.390747 0.432494 0.391271 0.429298 0.391721 0.425503 0.391721 0.422607 0.390372 0.419810 0.387900 0.416215 0.385354 0.411321 0.382882 0.408525 0.377788 0.407226
0 0.381309 0.386852 0.379511 0.383257 0.376665 0.381859 0.371347 0.380161 0.366403 0.379961 0.364006 0.383657 0.363407 0.384855 0.362658 0.388251 0.362808 0.389649 0.362957 0.392246 0.363332 0.393744 0.365354 0.395142 0.366703 0.393943 0.369998 0.394942 0.370448 0.396540 0.372171 0.397838 0.373144 0.397439 0.373968 0.396141 0.375541 0.395841 0.376365 0.391646 0.377788 0.389749 0.379361 0.388550
0 0.318464 0.401034 0.318764 0.397738 0.319663 0.393644 0.320861 0.392146 0.320711 0.390548 0.321161 0.389649 0.323033 0.390048 0.325505 0.387751 0.327678 0.386553 0.332247 0.386453 0.337265 0.387452 0.341834 0.388550 0.345355 0.390148 0.347003 0.392745 0.348426 0.396440 0.349100 0.398438 0.349550 0.401434 0.349475 0.403831 0.348950 0.406827 0.348201 0.409424 0.346928 0.412220 0.344756 0.413219 0.344007 0.412220 0.343482 0.409424 0.337565 0.408325 0.332621 0.408225 0.330524 0.407925 0.328951 0.409124 0.328576 0.409224 0.327153 0.408425 0.326254 0.407726 0.325505 0.405429 0.322959 0.404430 0.322060 0.404730 0.321161 0.404829 0.320187 0.404630 0.318764 0.403831
0 0.336741 0.387052 0.337041 0.385654 0.339437 0.385654 0.341385 0.383457 0.343332 0.381559 0.345280 0.380660 0.348501 0.381060 0.351797 0.381859 0.356141 0.382758 0.358838 0.384056 0.360111 0.385854 0.361160 0.388550 0.361684 0.391147 0.361984 0.393843 0.362059 0.396440 0.361984 0.398537 0.361684 0.401034 0.361235 0.404630 0.360560 0.407326 0.359961 0.408625 0.358388 0.409024 0.357414 0.409024 0.355916 0.407027 0.356141 0.405728 0.355242 0.404929 0.353519 0.405029 0.352621 0.406028 0.350373 0.405828 0.349624 0.405329 0.349475 0.403032 0.349325 0.401034 0.348576 0.397539 0.347228 0.393044 0.345130 0.389649 0.341535 0.388051
0 0.320637 0.390048 0.319513 0.389349 0.317940 0.389449 0.317715 0.388151 0.317790 0.385254 0.317865 0.380261 0.318315 0.377964 0.320637 0.376865 0.323483 0.375767 0.325955 0.375866 0.329700 0.376665 0.333071 0.378463 0.334644 0.381060 0.335842 0.383956 0.337041 0.385854 0.336666 0.386852 0.332846 0.386453 0.329850 0.386253 0.327153 0.386353 0.324981 0.388251 0.323033 0.390048 0.321161 0.389649
0 0.396639 0.386315 0.396487 0.382275 0.392902 0.379110 0.390225 0.378235 0.386539 0.378302 0.385175 0.379312 0.384165 0.380120 0.383054 0.380524 0.382398 0.381938 0.382196 0.383689 0.382751 0.386180 0.385226 0.386045 0.388862 0.386853 0.394366 0.388200 0.395124 0.387257
0 0.390326 0.377898 0.389468 0.376282 0.386387 0.375272 0.383206 0.374599 0.380782 0.376013 0.379368 0.376821 0.380226 0.378100 0.380277 0.379447 0.380075 0.381467 0.381994 0.382005 0.382802 0.380726 0.383711 0.380120 0.386438 0.378302
0 0.372651 0.372781 0.372550 0.377561 0.374519 0.378302 0.376944 0.379177 0.378812 0.382477 0.379772 0.381601 0.379974 0.379379 0.379923 0.377831 0.378661 0.375878 0.377247 0.374599 0.376540 0.373656 0.374065 0.372983
0 0.378762 0.382544 0.376641 0.379110 0.373105 0.377763 0.369570 0.377427 0.367348 0.377629 0.365631 0.378504 0.362601 0.381534 0.363460 0.384025 0.366641 0.379918 0.371994 0.380524 0.375429 0.381197
0 0.372449 0.377629 0.372247 0.371973 0.368459 0.370693 0.363510 0.369414 0.360783 0.369616 0.359521 0.371232 0.358511 0.373185 0.358006 0.374868 0.358157 0.375541 0.359521 0.376080 0.360026 0.376955 0.361490 0.379514 0.362955 0.380524 0.364116 0.379783 0.365631 0.378369 0.367904 0.377427 0.370934 0.377427
0 0.361692 0.379918 0.363106 0.380861 0.362450 0.381467 0.363308 0.384497 0.362904 0.386584 0.362551 0.388469 0.362399 0.389412 0.362046 0.390018 0.361288 0.389143 0.360581 0.386988 0.359470 0.384833 0.358107 0.383352 0.356087 0.382611 0.352501 0.381736 0.349673 0.381197 0.347754 0.380726 0.348259 0.379245 0.348865 0.377831 0.349875 0.376147 0.351542 0.374464 0.353915 0.374935 0.357753 0.375811 0.359369 0.376349 0.360430 0.378167
0 0.344825 0.380591 0.343411 0.376888 0.340886 0.375474 0.336745 0.374397 0.332907 0.373925 0.330685 0.373656 0.329675 0.374531 0.329018 0.376349 0.331089 0.377090 0.332907 0.378235 0.334018 0.380053 0.334876 0.381534 0.336947 0.385372 0.339169 0.385574 0.340835 0.383689 0.343411 0.381197
0 0.353663 0.374733 0.353158 0.370895 0.351643 0.369750 0.347299 0.368538 0.345279 0.367798 0.343259 0.368404 0.341694 0.370828 0.340431 0.371164 0.339573 0.372444 0.339017 0.373589 0.339169 0.374733 0.341138 0.375541 0.343562 0.376753 0.344926 0.380457 0.347501 0.380726 0.348208 0.378302 0.351289 0.374464
0 0.332582 0.373331 0.332643 0.368480 0.331965 0.365356 0.330670 0.363712 0.327772 0.362808 0.325676 0.362396 0.324442 0.362725 0.323086 0.364041 0.322346 0.365521 0.321853 0.368398 0.322099 0.370207 0.323764 0.371358 0.325367 0.371933 0.327032 0.373002 0.329745 0.373413 0.331102 0.373249
0 0.253824 0.414766 0.245126 0.413637 0.244203 0.416818 0.243048 0.417640 0.240893 0.417229 0.238892 0.415484 0.238892 0.413842 0.239584 0.409737 0.238353 0.409224 0.237968 0.408300 0.238276 0.406043 0.238276 0.403682 0.238353 0.399474 0.238353 0.395062 0.239123 0.389314 0.240662 0.386954 0.242201 0.385209 0.243125 0.382746 0.245511 0.378949 0.246743 0.378436 0.248282 0.378949 0.255133 0.379667 0.258827 0.380694 0.264523 0.381720 0.266678 0.384080 0.268217 0.387672 0.269680 0.391675 0.270450 0.391470 0.271296 0.392393 0.271912 0.393625 0.271912 0.395062 0.270911 0.395575 0.267140 0.396190 0.262907 0.397730 0.257980 0.399577 0.253439 0.401219 0.254055 0.403272 0.254671 0.406556
0 0.264215 0.381515 0.263753 0.379873 0.265754 0.379360 0.268371 0.377102 0.269757 0.375665 0.272220 0.375357 0.276068 0.375870 0.282380 0.376999 0.283842 0.377718 0.285228 0.379462 0.286536 0.383157 0.287614 0.386030 0.288076 0.388493 0.288461 0.391777 0.287845 0.394651 0.284227 0.394446 0.279609 0.394343 0.273605 0.394959 0.271912 0.395267 0.271758 0.393009 0.271219 0.391777 0.269757 0.391470 0.268833 0.388904 0.266293 0.383465
0 0.281456 0.376794 0.279301 0.373305 0.275068 0.371662 0.268294 0.370431 0.265370 0.371252 0.262368 0.374536 0.261444 0.374741 0.261136 0.375768 0.260367 0.377307 0.259982 0.378539 0.259982 0.380078 0.260290 0.380899 0.263984 0.381412 0.263445 0.380078 0.265062 0.379462 0.269757 0.375768 0.275684 0.375973
0 0.269218 0.370328 0.270527 0.366736 0.273067 0.361913 0.277916 0.362323 0.282226 0.363144 0.283689 0.364889 0.285074 0.367352 0.286383 0.372381 0.286998 0.376589 0.286459 0.381515 0.285767 0.380796 0.284381 0.378231 0.281533 0.376691 0.279609 0.373305 0.274683 0.371355
0 0.278993 0.362221 0.281456 0.359347 0.283304 0.359450 0.288692 0.360579 0.290231 0.361400 0.291847 0.364889 0.291617 0.367865 0.290308 0.369713 0.289692 0.371560 0.289230 0.375152 0.286998 0.374947 0.286383 0.372073 0.285074 0.367455 0.282226 0.363042
0 0.299972 0.370415 0.298232 0.373555 0.297105 0.374237 0.296491 0.377514 0.296184 0.380654 0.296081 0.384476 0.297003 0.385842 0.298334 0.385842 0.298641 0.387343 0.300177 0.388436 0.301918 0.388572 0.304478 0.388299 0.311440 0.389801 0.312771 0.391029 0.314922 0.391029 0.315536 0.389664 0.316560 0.382838 0.315434 0.380790 0.313795 0.376831 0.312259 0.373009 0.309188 0.371507 0.304990 0.370688 0.301918 0.370278
0 0.307345 0.370824 0.305604 0.367002 0.304682 0.365773 0.302430 0.365363 0.296798 0.364271 0.294955 0.363862 0.293215 0.364954 0.291883 0.366455 0.291064 0.368503 0.289938 0.370278 0.289631 0.372053 0.289528 0.374237 0.289836 0.376285 0.290040 0.378469 0.290245 0.379971 0.291064 0.380654 0.292805 0.381746 0.295160 0.382838 0.295877 0.382565 0.296389 0.378742 0.296798 0.374374 0.298437 0.372462 0.300280 0.370142 0.304580 0.370551
0 0.313898 0.375602 0.313898 0.372872 0.312976 0.368230 0.310928 0.364135 0.310007 0.362496 0.307037 0.360858 0.302635 0.360312 0.300587 0.361541 0.299153 0.364544 0.302327 0.365363 0.304580 0.365773 0.305911 0.367684 0.307447 0.371234 0.311645 0.372326 0.312362 0.373009
0 0.309961 0.362098 0.309835 0.358314 0.310150 0.358062 0.313492 0.358399 0.315510 0.358903 0.317086 0.359576 0.317654 0.361425 0.318221 0.363275 0.318284 0.365040 0.318158 0.367310 0.317527 0.368655 0.316140 0.368487 0.314627 0.368235 0.312735 0.367226 0.311222 0.364788
0 0.225296 0.389313 0.219301 0.388206 0.212014 0.387099 0.207402 0.386730 0.206203 0.386607 0.204358 0.388944 0.202698 0.392019 0.201222 0.393986 0.199101 0.397553 0.198179 0.399521 0.195873 0.399890 0.194858 0.401119 0.194581 0.401980 0.195596 0.403456 0.196334 0.403825 0.196703 0.406408 0.196518 0.409113 0.196242 0.412188 0.196242 0.414770 0.196057 0.418460 0.195965 0.423379 0.195873 0.427438 0.196057 0.429528 0.196518 0.430881 0.198179 0.431373 0.200485 0.431742 0.205189 0.432480 0.213306 0.433464 0.220408 0.434694 0.224466 0.435063 0.229908 0.435924 0.233229 0.435924 0.234059 0.434448 0.234059 0.432357 0.235074 0.424486 0.235350 0.417230 0.234243 0.411819 0.234151 0.410343 0.235442 0.409851 0.237287 0.409851 0.238025 0.408867 0.237656 0.407514 0.236365 0.405670 0.234612 0.405547 0.233782 0.406654 0.233044 0.408006 0.230462 0.398537 0.227787 0.392511
0 0.152060 0.378122 0.150676 0.376400 0.150584 0.374924 0.153628 0.373940 0.155749 0.371112 0.157225 0.370128 0.163866 0.370251 0.170876 0.371480 0.180100 0.373817 0.183052 0.380089 0.184620 0.379720 0.186649 0.380950 0.186464 0.383041 0.183513 0.384025 0.184989 0.386853 0.185634 0.389682 0.185542 0.394601 0.185727 0.397061 0.184712 0.401365 0.183605 0.401365 0.182314 0.403210 0.182683 0.406408 0.182222 0.408744 0.180377 0.408621 0.178255 0.408375 0.175949 0.407023 0.172444 0.405916 0.160546 0.404317 0.153720 0.403087 0.149662 0.401980 0.146895 0.401857 0.146710 0.397922 0.146895 0.394109 0.146987 0.389682 0.147448 0.385746 0.148832 0.382303 0.149477 0.380704 0.152060 0.379351
0 0.229715 0.360658 0.228146 0.360095 0.227301 0.360980 0.227784 0.361784 0.227603 0.363232 0.227241 0.364760 0.227060 0.367495 0.226879 0.370873 0.227181 0.372241 0.228146 0.373287 0.228629 0.374332 0.229715 0.375619 0.231162 0.375700 0.233153 0.375137 0.235989 0.375539 0.240875 0.376584 0.244435 0.376745 0.244435 0.377630 0.245098 0.378113 0.246003 0.378113 0.246727 0.377791 0.247210 0.377148 0.247451 0.376102 0.247934 0.370713 0.247632 0.368702 0.247270 0.366449 0.247089 0.364036 0.245822 0.363312 0.245340 0.361543 0.243831 0.359451 0.241056 0.358486 0.235385 0.357682 0.232369 0.357682 0.230559 0.359290
0 0.202507 0.364599 0.204859 0.359934 0.207212 0.359693 0.214150 0.360336 0.218493 0.361704 0.220846 0.365323 0.220002 0.360417 0.218554 0.355590 0.217166 0.354142 0.213245 0.353097 0.207453 0.352212 0.204618 0.351971 0.203110 0.354303 0.201964 0.355671 0.201300 0.355349 0.200697 0.356153 0.200757 0.356958 0.200938 0.357843 0.200093 0.362347 0.200274 0.363956 0.202024 0.364599
0 0.202748 0.365001 0.205221 0.360095 0.208419 0.359853 0.213305 0.360417 0.218313 0.361704 0.221208 0.366449 0.222294 0.367495 0.223682 0.368139 0.224164 0.369104 0.222716 0.369747 0.222958 0.371195 0.223139 0.374091 0.222837 0.378274 0.222475 0.384789 0.221812 0.385835 0.221027 0.385593 0.220484 0.383100 0.219821 0.378435 0.218433 0.374574 0.217347 0.371034 0.215658 0.367495 0.213486 0.366449 0.208238 0.365484
0 0.196413 0.371356 0.194966 0.370713 0.195689 0.369104 0.197017 0.369104 0.198284 0.368460 0.200274 0.365645 0.201481 0.364921 0.204618 0.365243 0.209324 0.365725 0.213064 0.366530 0.215477 0.367575 0.216503 0.369265 0.218011 0.373769 0.219157 0.376906 0.220122 0.379400 0.220424 0.382778 0.220545 0.386800 0.220243 0.388167 0.218735 0.388248 0.213909 0.387604 0.210651 0.386800 0.205644 0.386800 0.203834 0.388087 0.201240 0.388087 0.197379 0.387283 0.196594 0.388811 0.195207 0.388811 0.193940 0.388167 0.193337 0.387524 0.193397 0.384226 0.193699 0.380606 0.194302 0.376584 0.195448 0.372643
0 -0.000097 0.369915 0.003125 0.365466 0.010259 0.358870 0.012790 0.356415 0.015091 0.355648 0.022915 0.354574 0.026597 0.355341 0.034421 0.357029 0.044661 0.358563 0.052831 0.359790 0.054672 0.361478 0.057778 0.365620 0.061805 0.373444 0.063761 0.373444 0.063761 0.376512 0.064797 0.381881 0.065487 0.386944 0.064682 0.394154 0.063761 0.398450 0.062726 0.400444 0.059734 0.401671 0.057203 0.401518 0.055822 0.399370 0.049034 0.402285 0.048343 0.405200 0.047423 0.408422 0.045697 0.410723 0.042475 0.411030 0.039599 0.410109 0.038218 0.408268 0.036032 0.406581 0.025332 0.406581 0.015782 0.405507 0.003010 0.404279 -0.000097 0.403666
0 -0.000097 0.306863 0.006117 0.307323 0.013250 0.309624 0.016472 0.310852 0.020959 0.316528 0.023260 0.318369 0.024181 0.323892 0.024296 0.330795 0.024066 0.333096 0.022915 0.335244 0.020499 0.335244 0.018198 0.334630 0.017623 0.333096 0.014401 0.333557 0.014286 0.335244 0.012790 0.336011 0.011064 0.336165 0.006807 0.335551 0.004966 0.333710 0.000019 0.333096
0 0.040404 0.357949 0.039944 0.355341 0.039254 0.349358 0.040634 0.343222 0.043971 0.341687 0.043166 0.338312 0.043626 0.337238 0.045122 0.338005 0.046387 0.337852 0.048113 0.334324 0.050069 0.331716 0.054211 0.330028 0.060194 0.330642 0.067788 0.332636 0.074347 0.334784 0.077568 0.337699 0.078604 0.343068 0.080330 0.346443 0.080215 0.351199 0.080445 0.353807 0.079984 0.357796 0.078834 0.361017 0.076303 0.363165 0.073771 0.364699 0.070320 0.365159 0.066753 0.365006 0.058008 0.363012 0.055822 0.362245 0.053751 0.360097 0.045352 0.358716
0 0.105578 0.340568 0.103392 0.343636 0.101091 0.346397 0.099250 0.348545 0.098789 0.351613 0.098214 0.355602 0.098214 0.358670 0.098099 0.363426 0.099710 0.364807 0.103047 0.364807 0.103852 0.362966 0.112711 0.364193 0.120075 0.365881 0.120996 0.368489 0.125368 0.368795 0.125713 0.366341 0.127209 0.366187 0.129280 0.366341 0.129970 0.366034 0.130891 0.364807 0.130891 0.362966 0.131236 0.354988 0.130200 0.353147 0.129855 0.350233 0.128359 0.348238 0.127439 0.348238 0.124447 0.344250 0.120305 0.342715 0.113632 0.340875 0.109375 0.340568
0 0.007185 0.297446 0.004768 0.300668 0.004341 0.302943 0.004697 0.305502 0.004981 0.307019 0.006758 0.307303 0.010810 0.308441 0.015218 0.309768 0.019199 0.310621 0.021118 0.310526 0.025596 0.310905 0.026805 0.309294 0.027231 0.305028 0.026876 0.304175 0.024601 0.303133 0.021402 0.299531 0.017706 0.298109 0.012019 0.296877
0 0.015431 0.297351 0.015857 0.294792 0.019127 0.293465 0.020549 0.292328 0.022682 0.292043 0.027516 0.292991 0.029293 0.294318 0.031212 0.297256 0.029648 0.298678 0.028227 0.300574 0.027658 0.302469 0.027374 0.303228 0.026236 0.303986 0.024672 0.303133 0.023677 0.302469 0.020905 0.299531
0 0.028227 0.305976 0.027374 0.304175 0.028084 0.301427 0.029577 0.298678 0.031283 0.297541 0.034767 0.297825 0.038392 0.299057 0.040240 0.300005 0.041662 0.301901 0.043084 0.303228 0.043866 0.305123 0.044079 0.307588 0.043582 0.309294 0.041236 0.308535 0.039885 0.308535 0.038108 0.308820 0.036899 0.308062 0.036188 0.307398 0.034482 0.306924 0.031923 0.306829 0.030217 0.306166 0.028724 0.306355
0 0.052041 0.326639 0.051543 0.322563 0.051614 0.318962 0.053534 0.317161 0.055809 0.314412 0.058652 0.312327 0.062278 0.311948 0.066898 0.312801 0.069599 0.314128 0.072159 0.316213 0.074149 0.318867 0.075073 0.322184 0.074931 0.325217 0.074362 0.328819 0.072372 0.330430 0.071235 0.329767 0.068889 0.330146 0.067538 0.329862 0.066543 0.329293 0.063202 0.329198 0.056804 0.326355 0.054742 0.325976 0.053036 0.327113
0 0.061424 0.311853 0.060074 0.308346 0.057159 0.307019 0.052467 0.306261 0.050335 0.305787 0.047776 0.306261 0.045856 0.308535 0.045359 0.310621 0.045501 0.313938 0.045998 0.315929 0.046638 0.316687 0.048984 0.316497 0.051046 0.317256 0.052396 0.317540 0.053676 0.316876 0.055666 0.314412 0.058439 0.312422
0 0.113152 0.328338 0.113634 0.322626 0.113513 0.319811 0.112186 0.318605 0.111885 0.316754 0.109894 0.315870 0.106998 0.315226 0.103740 0.314502 0.101689 0.315789 0.100241 0.318041 0.099035 0.319328 0.098009 0.320455 0.097587 0.322063 0.097949 0.324477 0.098190 0.326729 0.099155 0.327372 0.100905 0.327372 0.103982 0.327935 0.109110 0.329383 0.110980 0.328981
0 0.127932 0.318202 0.124976 0.317076 0.121959 0.316915 0.120451 0.317237 0.119667 0.318685 0.118822 0.320616 0.118400 0.321903 0.118340 0.323592 0.118641 0.324798 0.120632 0.325442 0.125217 0.326166 0.128596 0.326970 0.131009 0.326729 0.130285 0.322868 0.129380 0.321259 0.128173 0.318363
0 0.161999 0.331096 0.160397 0.327607 0.157566 0.325827 0.153081 0.325329 0.151532 0.326183 0.149770 0.330384 0.149503 0.333018 0.149556 0.334727 0.152440 0.335297 0.157193 0.336436 0.159756 0.336650 0.160877 0.336151 0.161572 0.333873 0.161892 0.331167
0 0.164829 0.329174 0.162533 0.331594 0.161945 0.333802 0.161732 0.338074 0.162106 0.339854 0.165950 0.340708 0.169955 0.341206 0.172946 0.341420 0.174174 0.340210 0.174388 0.338572 0.173960 0.334229 0.172358 0.331096 0.170917 0.330028
0 0.281818 0.359151 0.282140 0.354592 0.281044 0.350807 0.278721 0.348571 0.272786 0.347625 0.270786 0.348399 0.269560 0.350549 0.270334 0.351581 0.270657 0.353302 0.270980 0.355280 0.270786 0.357259 0.270980 0.358119 0.273173 0.358893
0 0.269367 0.350377 0.267173 0.349517 0.264270 0.349001 0.262657 0.349173 0.261883 0.350635 0.261045 0.351581 0.260980 0.353732 0.260787 0.355710 0.260593 0.357689 0.262980 0.359409 0.265625 0.359667 0.268593 0.360355 0.269883 0.360613 0.270593 0.360355 0.270722 0.358721 0.270722 0.357001 0.270722 0.354506
0 0.253110 0.352270 0.253497 0.347711 0.252400 0.343668 0.249690 0.342292 0.246207 0.342292 0.244529 0.345216 0.243884 0.347023 0.243884 0.350033 0.245755 0.350893 0.246787 0.351495
0 0.217047 0.347883 0.216724 0.341087 0.215563 0.339109 0.212402 0.337733 0.209821 0.337561 0.208854 0.338249 0.207305 0.342120 0.206531 0.345388 0.207176 0.346334
0 0.205693 0.341517 0.205435 0.336356 0.204596 0.333432 0.201306 0.332400 0.198467 0.332486 0.196403 0.336787 0.196467 0.339797
0 0.220595 0.351754 0.220079 0.348485 0.220789 0.345560 0.221756 0.341690 0.222982 0.340399 0.225563 0.340915 0.228401 0.341173 0.229756 0.342292 0.230208 0.344958 0.230724 0.349775 0.230595 0.352958
0 0.234594 0.351926 0.235046 0.342722 0.239175 0.342980 0.241046 0.344356 0.242142 0.346679 0.242981 0.348829 0.243110 0.351237 0.241239 0.353216
0 0.183813 0.337802 0.184356 0.333700 0.185019 0.330402 0.186648 0.329517 0.189544 0.329678 0.192078 0.331046 0.192560 0.333941 0.192922 0.336998 0.192741 0.339572 0.192017 0.339572 0.190871 0.338607 0.189001 0.337561 0.186166 0.337722
1 0.057547 0.935603 0.000149 0.959696 -0.000382 0.999379 0.036820 1.000796
1 0.073491 0.928517 0.054359 1.000087 0.391837 1.000087 0.350383 0.857655
1 0.660559 0.769036 0.616362 0.785702 0.642702 0.813083 0.675737 0.852964 0.694487 0.880940 0.713237 0.914869 0.723059 0.919036 0.731541 0.932131 0.737345 0.943440 0.741362 0.954750 0.733773 0.958321 0.752077 0.999988 0.902523 1.000583
1 0.665916 0.767250 0.748505 0.739274 0.999845 0.932131 0.999845 0.999393 0.911005 1.000583
1 0.958454 0.669395 0.942055 0.674558 0.952988 0.675469 0.970526 0.680024 0.985331 0.684276 1.000136 0.690046 0.999681 0.687313
1 0.091922 0.458128 -0.000312 0.449705 -0.000102 0.455882 0.002636 0.456444 0.010638 0.456163 0.013165 0.458409 0.015692 0.462901 0.018008 0.467113 0.020746 0.474132 0.022009 0.478625 0.022009 0.488733 0.030011 0.487048 0.041593 0.485363 0.051911 0.485083 0.067073 0.485363
1 0.072969 0.485644 0.083920 0.487048 0.094238 0.489575 0.100766 0.492383 0.104767 0.495752 0.106662 0.503333 0.163940 0.507544 0.165624 0.498840 0.163097 0.496594 0.161623 0.493506 0.163097 0.491260 0.167098 0.488452 0.168572 0.489856 0.173626 0.466832 0.095923 0.458409
1 0.143935 0.588688 0.000109 0.585318 0.000109 0.567630 0.047068 0.513441 0.061177 0.513441 0.072969 0.513441 0.086446 0.511475 0.098660 0.508106 0.106662 0.504456 0.163308 0.508948
1 0.235691 0.473313 0.246852 0.474096 0.252139 0.496287 0.246656 0.495504 0.244111 0.497593
1 0.261155 0.516332 0.280735 0.589432 0.386272 0.589954 0.339475 0.520509
1 0.316762 0.481349 0.372174 0.486570 0.397629 0.512155 0.393517 0.512416 0.389992 0.514244 0.387447 0.516332 0.386076 0.522076 0.342804 0.520248
1 0.344175 0.521554 0.387251 0.523903 0.394692 0.528864 0.403111 0.532519 0.410747 0.535129 0.421517 0.535652 0.474970 0.588388 0.390188 0.589693
1 0.512815 0.522592 0.512986 0.525110 0.514875 0.529002 0.516764 0.530834 0.525349 0.531063
1 0.527581 0.532665 0.518481 0.532207 0.521056 0.535183 0.522602 0.537244 0.526723 0.541594 0.529470 0.544799 0.531359 0.550064 0.532389 0.557848 0.532217 0.561969 0.533076 0.565861 0.531874 0.570669 0.531359 0.572729 0.551791 0.588068 0.611716 0.588297
1 0.530844 0.532665 0.574971 0.534954 0.663398 0.587152 0.613776 0.587610
1 0.681365 0.519580 0.681880 0.522786 0.681880 0.526906 0.686001 0.530112 0.687374 0.521183
1 0.604957 0.516375 0.605128 0.518665 0.608391 0.518207
1 0.704373 0.583454 0.709181 0.582996 0.710898 0.581394 0.712443 0.576586 0.712958 0.569718 0.746440 0.586201 0.709181 0.586201
1 0.842950 0.578900 0.842030 0.581969 0.841225 0.583963 0.853191 0.583196
1 0.864581 0.571383 0.863661 0.573377 0.861590 0.576446 0.873671 0.581508 0.890815 0.581662
1 0.907729 0.572764 0.907729 0.573991 0.907959 0.576139 0.905082 0.577366 0.901976 0.577826 0.907959 0.580741 0.923031 0.578593
1 0.098471 0.384888 0.064836 0.379384 0.065448 0.383257 0.065295 0.388761 0.064836 0.394672 0.079819 0.396915
1 0.132259 0.410165 0.124921 0.408126 0.119876 0.405680 0.116512 0.403030 0.080889 0.398342 0.058262 0.415057 0.121710 0.423619
1 0.135623 0.410369 0.140668 0.410776 0.147242 0.410980 0.153052 0.410776 0.157333 0.410369 0.160390 0.409553 0.186534 0.413426 0.182406 0.431977 0.124156 0.424638
1 0.117582 0.402011 0.120181 0.400380 0.125991 0.399361 0.134247 0.399565 0.139598 0.400584 0.146325 0.392634 0.101070 0.386111 0.084712 0.397119
1 0.191966 0.400881 0.194508 0.400881 0.194618 0.401913 0.196165 0.403975 0.196386 0.408837 0.195834 0.414142 0.188761 0.412963
1 0.240587 0.439189 0.237051 0.420624 0.279042 0.426665 0.290092 0.445966
1 0.390536 0.434877 0.407722 0.435009 0.409796 0.436984 0.409104 0.439354 0.409401 0.445412 0.397845 0.443964 0.389351 0.437774
1 0.396857 0.444095 0.405944 0.450943 0.403672 0.452523 0.400808 0.455816 0.399425 0.457528 0.384610 0.458054 0.363079 0.439486
1 0.343720 0.424210 0.335918 0.423025 0.350930 0.434350 0.351128 0.436062 0.359325 0.437774
1 0.350239 0.437774 0.360511 0.438828 0.383030 0.458449 0.347572 0.458449
1 0.292559 0.445807 0.296905 0.446992 0.298682 0.435930 0.316559 0.438301 0.316658 0.434614 0.312707 0.434614 0.306979 0.430663 0.281793 0.427239
1 0.308460 0.419206 0.281892 0.417757 0.276953 0.419469 0.281497 0.426185 0.305300 0.429214 0.307571 0.427239 0.310139 0.426580 0.315176 0.426317
1 0.348757 0.409066 0.348165 0.410514 0.354387 0.414597 0.356461 0.411304 0.356165 0.409988
1 0.305522 0.395976 0.289410 0.393850 0.289242 0.395193 0.292683 0.395864 0.297550 0.397319 0.303256 0.399669 0.307955 0.401459 0.312990 0.401683
1 0.314249 0.402354 0.309130 0.402801 0.313326 0.405599 0.318445 0.409403 0.325494 0.410410
1 0.308627 0.396536 0.318193 0.397543 0.317941 0.401235 0.318025 0.402690 0.314920 0.402018
1 0.608513 0.487515 0.598732 0.483168 0.601114 0.479656 0.601240 0.477984 0.628452 0.489856
1 0.535655 0.456415 0.534150 0.456582 0.532771 0.461097 0.543681 0.466447 0.553086 0.467283 0.552710 0.463939
1 0.455022 0.455078 0.454395 0.459258 0.460540 0.464107 0.462044 0.470126 0.462421 0.473971 0.494398 0.473303 0.468189 0.457920 0.464051 0.457586 0.459160 0.456582
1 0.476716 0.457084 0.476466 0.458087 0.474459 0.458589 0.471199 0.458589 0.495652 0.472801 0.517221 0.473303 0.490761 0.458756
1 0.495401 0.459926 0.509446 0.461598 0.513459 0.463939 0.518224 0.465611 0.525247 0.466447 0.554591 0.480659 0.552835 0.481328 0.544684 0.478151 0.537285 0.475978 0.527755 0.475142 0.520607 0.473971
1 0.528883 0.467283 0.531391 0.467116 0.532771 0.466280 0.532771 0.465277 0.542552 0.466615 0.582304 0.484672 0.579044 0.484505 0.568886 0.481997 0.560359 0.480325 0.555343 0.480492
1 -0.000416 0.352759 0.005421 0.350469 0.015552 0.352530 0.022935 0.352759 0.025167 0.354361 0.021046 0.354590 0.014178 0.355735 0.010229 0.357337 0.007654 0.359627 0.000099 0.361229
1 0.073244 0.370616 0.086465 0.364663 0.123553 0.370387 0.115140 0.374966
1 0.117372 0.375652 0.126987 0.370387 0.149652 0.374737 0.150339 0.376568 0.151369 0.378400 0.149652 0.379544 0.147764 0.382978
1 0.135229 0.366266 0.128533 0.369929 0.150339 0.373821 0.153773 0.371989 0.157207 0.369700