0 0.000065 0.616831 0.028190 0.620998 0.064798 0.632307 0.089798 0.641831 0.128637 0.663855 0.130869 0.657902 0.135780 0.657902 0.150065 0.663260 0.159440 0.669807 0.158101 0.676950 0.154976 0.679926 0.171048 0.693617 0.187119 0.698974 0.217030 0.709688 0.262119 0.726355 0.292476 0.741236 0.308548 0.756117 0.314351 0.776355 0.317923 0.798974 0.320155 0.825164 0.318369 0.849569 0.312565 0.881712 0.308994 0.901950 0.300065 0.931117 0.279083 0.971593 0.267030 0.990641 0.257208 1.000164 0.000065 1.000164
0 0.528184 0.598231 0.505524 0.601839 0.485570 0.609054 0.471704 0.607701 0.453779 0.609054 0.448706 0.615818 0.443295 0.627542 0.441604 0.634307 0.436531 0.639718 0.431796 0.660912 0.430781 0.685263 0.432134 0.708260 0.432472 0.726749 0.438560 0.745688 0.446677 0.754256 0.457838 0.763726 0.471366 0.770039 0.474410 0.771392 0.476439 0.779058 0.477792 0.787625 0.482526 0.795742 0.488276 0.798899 0.497746 0.802506 0.511612 0.802055 0.521082 0.796193 0.528522 0.789880 0.532242 0.782214 0.688154 0.804310 0.689507 0.811976 0.692551 0.816936 0.694918 0.821446 0.699991 0.823700 0.707432 0.826406 0.719607 0.827308 0.731106 0.823700 0.737870 0.816936 0.742267 0.811074 0.760191 0.806114 0.771014 0.797546 0.772029 0.792586 0.771690 0.786273 0.780484 0.776352 0.780822 0.770039 0.780145 0.761922 0.777440 0.751550 0.771014 0.741179 0.755457 0.716828 0.733135 0.690223 0.722989 0.679851 0.702359 0.667676 0.668877 0.650991 0.649261 0.636110 0.624572 0.617622 0.595148 0.606348 0.560651 0.598682
0 0.678346 0.655952 0.682066 0.641972 0.681728 0.624386 0.675979 0.607701 0.661098 0.591918 0.642158 0.580645 0.623895 0.570273 0.610706 0.562607 0.585340 0.540060 0.559299 0.527885 0.527846 0.521121 0.506877 0.521572 0.493349 0.524278 0.467645 0.528336 0.448368 0.528336 0.442280 0.533296 0.440589 0.549530 0.437545 0.550883 0.435178 0.560804 0.432472 0.572528 0.431120 0.584252 0.432472 0.596879 0.438560 0.603192 0.448368 0.610858 0.455132 0.608152 0.484894 0.609956 0.504171 0.601388 0.529537 0.598682 0.560990 0.598682 0.593795 0.605897 0.624572 0.617622 0.669215 0.650991
0 1.000163 0.503291 0.994267 0.503010 0.984370 0.507503 0.978053 0.507503 0.972367 0.508626 0.970261 0.514241 0.974683 0.515364 0.985633 0.518172 0.995109 0.520980 0.999742 0.521541
0 0.999953 0.599596 0.993004 0.597069 0.977000 0.589769 0.955099 0.583031 0.941412 0.579100 0.924565 0.579100 0.914879 0.581627 0.904771 0.583592 0.903297 0.581907 0.901402 0.582188 0.898453 0.584996 0.898243 0.586961 0.890662 0.588927 0.874658 0.590050 0.867077 0.589488 0.858233 0.590892 0.853600 0.595104 0.850231 0.601562 0.848757 0.605212 0.847704 0.614196 0.848336 0.618689 0.856759 0.627954 0.871499 0.639185 0.889820 0.649012 0.899717 0.651539 0.900138 0.656874 0.902454 0.659962 0.909614 0.662489 0.915721 0.662489 0.921196 0.660243 0.926039 0.656874 0.989634 0.668385 0.991740 0.673720 0.993425 0.676247 1.000374 0.678493
0 -0.000117 0.323722 0.006104 0.326162 0.016898 0.332505 0.026229 0.340311 0.027327 0.339579 0.028974 0.341043 0.030621 0.343238 0.031535 0.344458 0.038305 0.349093 0.054223 0.355924 0.068128 0.363730 0.071055 0.368121 0.075263 0.380319 0.076361 0.392028 0.073068 0.394712 0.064286 0.397395 0.054040 0.399591 0.039586 0.400811 0.027693 0.399591 0.025681 0.403250 0.022570 0.404958 0.016349 0.406421 0.007384 0.406665 -0.000300 0.403250
0 0.117162 0.329577 0.116430 0.325918 0.107648 0.313720 0.107648 0.312013 0.094292 0.306402 0.077642 0.302255 0.063005 0.302987 0.050015 0.306646 0.041415 0.310061 0.028425 0.312013 0.024217 0.314208 0.022387 0.318843 0.021838 0.321527 0.023119 0.327382 0.023302 0.331529 0.027327 0.333480 0.027876 0.336164 0.033365 0.339579 0.040135 0.339335 0.043977 0.336652 0.048185 0.337628 0.049466 0.334456 0.053491 0.333236 0.064103 0.332749 0.076727 0.329577 0.085143 0.328601 0.097402 0.328113 0.106733 0.328113
0 0.130701 0.333480 0.114783 0.329577 0.092462 0.328113 0.077093 0.329577 0.065383 0.332992 0.054406 0.333480 0.049649 0.334456 0.048185 0.339579 0.047270 0.344702 0.044892 0.349825 0.045258 0.351777 0.053857 0.355924 0.069043 0.364218 0.072702 0.370317 0.073800 0.375440 0.077459 0.375196 0.081850 0.371049 0.133994 0.381295 0.135275 0.385442 0.139117 0.387881 0.143874 0.389101 0.149180 0.389589 0.152474 0.388613 0.154303 0.386905 0.162537 0.386174 0.171685 0.385442 0.182845 0.383734 0.182114 0.377391 0.180650 0.367389 0.177722 0.361535 0.168574 0.355680 0.153205 0.350069 0.139666 0.336896
0 0.114966 0.290301 0.108746 0.283715 0.099049 0.279567 0.084412 0.276640 0.074166 0.276884 0.067396 0.282739 0.067030 0.287618 0.064652 0.289325 0.065383 0.293473 0.066847 0.296644 0.068677 0.297620 0.069043 0.300791 0.072885 0.302499 0.078557 0.302011 0.089352 0.305426 0.099049 0.307622 0.100146 0.304206 0.113686 0.304938 0.114417 0.307378 0.116064 0.309085 0.119357 0.309817 0.121004 0.308353 0.122102 0.302743 0.122285 0.295912 0.118809 0.291765
0 0.119174 0.291521 0.122834 0.290301 0.125395 0.289569 0.128871 0.285666 0.132714 0.285178 0.140032 0.285666 0.146985 0.287618 0.155035 0.290545 0.159609 0.294448 0.160158 0.299327 0.160707 0.304206 0.158694 0.306158 0.157962 0.308841 0.157231 0.310549 0.153571 0.309573 0.152474 0.307866 0.139300 0.307622 0.137837 0.310061 0.131799 0.309573 0.130701 0.306890 0.122834 0.304938 0.121919 0.304206 0.122285 0.295668
0 0.183028 0.324698 0.171868 0.326650 0.163268 0.328357 0.157231 0.328845 0.155401 0.333480 0.154669 0.336408 0.153937 0.338359 0.154303 0.345190 0.157414 0.347386 0.164000 0.350557 0.164183 0.352752 0.164915 0.354704 0.168940 0.356168 0.170953 0.357387 0.174795 0.357875 0.179369 0.354948 0.214681 0.362754 0.215779 0.365682 0.218706 0.367633 0.221816 0.368365 0.225842 0.368365 0.229684 0.365682 0.237368 0.366170 0.248529 0.364950 0.248895 0.358119 0.247614 0.351777 0.244138 0.349093 0.237002 0.344946 0.227305 0.340311 0.217608 0.330553 0.203337 0.326406 0.191811 0.324454
0 0.288941 0.335341 0.279460 0.325740 0.262419 0.321580 0.255339 0.321420 0.246938 0.323180 0.238298 0.325420 0.237698 0.331500 0.236018 0.334701 0.235538 0.339021 0.235778 0.342221 0.241298 0.342541 0.243098 0.344941 0.246218 0.348141 0.252579 0.348781 0.253659 0.346221 0.283541 0.352782 0.286421 0.356782 0.291821 0.358222 0.297222 0.357262 0.300462 0.356302 0.306102 0.354062 0.306582 0.344941 0.302382 0.340941
0 0.278620 0.325100 0.281141 0.321100 0.287741 0.320620 0.295061 0.321420 0.305622 0.323980 0.311382 0.328940 0.316783 0.332940 0.323863 0.335821 0.326023 0.338541 0.327464 0.344301 0.326863 0.347501 0.320623 0.348621 0.316783 0.350222 0.311022 0.348781 0.309462 0.346861 0.306822 0.346541 0.306702 0.344941 0.302262 0.340461 0.288941 0.335501 0.280661 0.327020
0 0.861145 0.543689 0.849460 0.535110 0.841056 0.532484 0.833047 0.519354 0.827269 0.512351 0.815715 0.504298 0.784202 0.494144 0.761618 0.489067 0.755316 0.489767 0.748357 0.496245 0.742054 0.505348 0.739559 0.513927 0.737721 0.515152 0.736277 0.523030 0.735883 0.526707 0.739559 0.532309 0.742317 0.538261 0.746912 0.540712 0.748488 0.541938 0.751377 0.545614 0.755316 0.547540 0.758598 0.547540 0.760699 0.545964 0.767395 0.550691 0.771072 0.555943 0.773173 0.556644 0.773173 0.559970 0.774355 0.562771 0.777637 0.564872 0.783283 0.566973 0.788535 0.564172 0.792080 0.557519 0.828845 0.567673 0.835673 0.572050 0.836198 0.575901 0.840794 0.578527 0.844076 0.578703 0.847753 0.575726 0.850773 0.569774 0.853399 0.570999 0.856681 0.570474 0.857600 0.569074 0.861802 0.568373 0.861408 0.566273 0.860620 0.563471 0.862852 0.559620 0.862065 0.553317 0.861933 0.545439
0 0.747963 0.496069 0.735095 0.497120 0.731813 0.497295 0.728267 0.502897 0.725904 0.507449 0.723540 0.514802 0.724985 0.517428 0.728661 0.521630 0.736145 0.526707 0.737590 0.514802 0.739559 0.513927 0.742185 0.504648
0 0.876639 0.491518 0.869418 0.487666 0.865610 0.482414 0.857863 0.477337 0.843814 0.473135 0.834097 0.471034 0.825169 0.474886 0.822543 0.482939 0.823593 0.488541 0.825169 0.491518 0.828057 0.493443 0.830421 0.493443 0.831471 0.492043 0.836461 0.494144 0.836723 0.496245 0.837905 0.497645 0.840400 0.498345 0.842107 0.499221 0.844733 0.498871 0.846308 0.498345 0.860358 0.502372 0.861933 0.495194 0.861933 0.493443 0.868236 0.491693 0.872963 0.490992
0 0.811513 0.501497 0.812038 0.498520 0.811513 0.491343 0.810463 0.489242 0.802322 0.485040 0.798120 0.483114 0.794838 0.478738 0.787353 0.470159 0.781576 0.465957 0.771991 0.461581 0.761881 0.457729 0.750064 0.455803 0.744286 0.457204 0.737590 0.464207 0.734570 0.470509 0.737196 0.475236 0.752164 0.482414 0.754397 0.483815 0.754265 0.487141 0.755316 0.489942 0.758467 0.489242 0.761356 0.489067 0.765426 0.490117 0.774223 0.489242 0.781576 0.490292 0.792999 0.493794 0.800352 0.497645 0.808887 0.499746
0 0.750064 0.455803 0.741660 0.453527 0.737459 0.453878 0.727611 0.455103 0.719470 0.456153 0.718945 0.457729 0.723147 0.459305 0.727480 0.462106 0.730631 0.464557 0.734307 0.470684 0.737721 0.464032 0.743892 0.457379
0 0.754265 0.484165 0.754134 0.488191 0.754922 0.490117 0.751508 0.493618 0.749013 0.494844 0.733126 0.497295 0.731156 0.497645 0.702795 0.491518 0.699249 0.495544 0.693735 0.496945 0.689533 0.493794 0.687957 0.489942 0.687957 0.487141 0.684806 0.485040 0.682837 0.487491 0.677322 0.486090 0.674433 0.483114 0.673383 0.478212 0.670494 0.476812 0.669969 0.473836 0.669706 0.470859 0.670757 0.468408 0.671282 0.467708 0.672989 0.462106 0.677847 0.455803 0.681392 0.451952 0.685725 0.450201 0.696755 0.450901 0.711067 0.454928 0.719864 0.457554 0.726035 0.461231 0.730499 0.465082 0.735226 0.472435 0.737196 0.474361 0.743761 0.478738 0.752952 0.483464
0 0.862185 0.448542 0.858465 0.448259 0.856552 0.449109 0.856764 0.452227 0.858252 0.453786 0.860166 0.453786 0.862929 0.454778 0.865374 0.455912 0.866968 0.455345 0.868244 0.456337 0.869519 0.457471 0.871114 0.457046 0.873665 0.457471 0.874940 0.458463 0.876641 0.458746 0.877597 0.457329 0.878767 0.455062 0.878767 0.453219 0.876853 0.451519 0.871858 0.448117 0.866118 0.446700
0 0.863673 0.460589 0.860591 0.455628 0.852619 0.452794 0.847942 0.451235 0.844859 0.451235 0.840820 0.453361 0.838057 0.453928 0.836887 0.455203 0.836356 0.458746 0.838376 0.460447 0.837844 0.462431 0.838482 0.464132 0.841245 0.464699 0.842521 0.462998 0.845285 0.464274 0.845285 0.465691 0.847517 0.467392 0.848686 0.467392 0.850812 0.465833 0.853682 0.467108 0.853788 0.468525 0.856552 0.468667 0.856764 0.467533 0.861866 0.469234 0.862610 0.471501 0.864311 0.472068 0.866330 0.471643 0.866968 0.470368 0.869626 0.469376 0.869519 0.466258 0.867606 0.463282 0.864842 0.461297
0 0.789587 0.443015 0.793201 0.440322 0.792670 0.432811 0.784804 0.428843 0.777045 0.427142 0.770242 0.428984 0.765778 0.429268 0.762695 0.429693 0.761207 0.431110 0.761207 0.432953 0.762695 0.434512 0.763120 0.436779 0.764396 0.438338 0.765565 0.438480 0.766203 0.437488 0.768648 0.438480 0.768754 0.439755 0.771836 0.441031 0.773431 0.441314 0.774175 0.440322 0.778639 0.441456 0.783954 0.442873 0.784379 0.443865 0.786611 0.444858 0.788099 0.444858 0.789056 0.443724
0 0.789694 0.430827 0.781722 0.423882 0.776513 0.422890 0.775876 0.427426 0.783529 0.428418
0 0.747070 0.421331 0.748771 0.419347 0.749409 0.415237 0.745795 0.410986 0.736866 0.408576 0.732083 0.410560 0.727512 0.410844 0.726450 0.414529 0.727300 0.416796 0.729107 0.417647 0.729851 0.417647 0.730595 0.418214 0.732083 0.418922 0.733784 0.419206 0.735484 0.418780 0.739205 0.420056 0.739524 0.421331 0.741118 0.421757 0.742819 0.421048 0.743244 0.422607 0.744200 0.423316 0.746645 0.422607
0 0.649034 0.397092 0.649587 0.397829 0.650694 0.398444 0.651801 0.397583 0.651986 0.398567 0.653092 0.399305 0.654568 0.398936 0.655767 0.398075 0.656874 0.397461 0.657059 0.395739 0.656966 0.393156 0.655398 0.389098 0.648296 0.386392 0.644238 0.386761 0.639995 0.387745 0.636028 0.387868 0.634645 0.388483 0.634092 0.392541 0.636028 0.393525 0.636674 0.394755 0.637781 0.395493 0.638888 0.395001 0.639257 0.395862 0.640364 0.396108 0.642024 0.395739 0.642854 0.394632
0 0.623484 0.389959 0.624222 0.391188 0.625882 0.390819 0.627819 0.391926 0.629756 0.391188 0.630402 0.390205 0.631140 0.387868 0.630771 0.386023 0.629664 0.382826 0.623392 0.380858 0.619610 0.380489 0.616935 0.381104 0.614906 0.381719 0.610110 0.381350 0.609003 0.383440 0.610110 0.386392 0.611493 0.387622 0.613061 0.388606 0.614906 0.387991
0 0.585021 0.387622 0.576166 0.390327 0.570079 0.390082 0.565467 0.390942 0.564176 0.393648 0.563530 0.396969 0.568419 0.401642 0.573215 0.403241 0.575429 0.402380 0.593230 0.406807 0.594245 0.408406 0.595721 0.408775 0.596459 0.408898 0.597381 0.408898 0.598580 0.408160 0.600702 0.407791 0.604022 0.407299 0.604945 0.404348 0.605037 0.401765 0.604576 0.399182 0.601624 0.393033 0.597104 0.389959 0.590832 0.387991
0 0.661209 0.428575 0.654753 0.422549 0.646728 0.418245 0.636305 0.416154 0.630863 0.416400 0.622285 0.420212 0.610479 0.420581 0.607896 0.421442 0.606789 0.422672 0.605682 0.425132 0.605313 0.427468 0.606051 0.430912 0.608911 0.432757 0.613984 0.436323 0.619702 0.440874 0.625698 0.440382 0.627081 0.438660 0.649680 0.444317 0.651801 0.446531 0.654937 0.447638 0.657704 0.447884 0.659733 0.446039 0.664530 0.445793 0.666190 0.444563 0.666928 0.434970 0.667205 0.431896
0 0.660471 0.427591 0.661394 0.423410 0.662870 0.421073 0.664899 0.419966 0.663792 0.418491 0.661394 0.416769 0.658073 0.416031 0.653277 0.410497 0.649218 0.407176 0.641655 0.404348 0.636397 0.403364 0.630218 0.404471 0.625975 0.405085 0.623023 0.405208 0.622931 0.406930 0.621547 0.409144 0.620902 0.412341 0.620809 0.413940 0.621547 0.415416 0.625975 0.418245 0.630402 0.416400 0.636490 0.416031 0.646267 0.418245 0.655214 0.422672
0 0.667020 0.416769 0.666928 0.417753 0.665452 0.419351 0.663515 0.421196 0.661763 0.422180 0.661025 0.425747 0.660656 0.427591 0.666928 0.431527 0.666375 0.444071 0.668312 0.444071 0.669972 0.442472 0.669972 0.445670 0.671171 0.447023 0.673569 0.448253 0.675783 0.448253 0.678089 0.447761 0.679564 0.445055 0.693492 0.448867 0.694322 0.450712 0.696813 0.451204 0.701609 0.452188 0.707143 0.453787 0.711202 0.455140 0.714522 0.453910 0.715353 0.450220 0.715906 0.447023 0.713969 0.441365 0.708804 0.438414 0.705391 0.436569 0.698658 0.428575 0.692293 0.423902 0.683070 0.420089 0.673938 0.417261
0 0.297097 0.432988 0.285783 0.432377 0.267743 0.432988 0.258111 0.435231 0.251231 0.437473 0.245115 0.440938 0.241140 0.447462 0.239611 0.450315 0.238083 0.454189 0.237471 0.459896 0.237777 0.466623 0.238694 0.472331 0.243892 0.476204 0.253065 0.479874 0.255970 0.484358 0.257346 0.487824 0.267743 0.489862 0.273858 0.490066 0.279209 0.485377 0.355347 0.501278 0.358863 0.504947 0.364673 0.509228 0.374152 0.510859 0.382713 0.509432 0.385618 0.505151 0.402741 0.504539 0.409468 0.503724 0.410539 0.498424 0.414972 0.487212 0.416807 0.480485 0.416348 0.475593 0.413902 0.472535 0.415278 0.467643 0.414514 0.458469 0.412067 0.454596 0.408245 0.451946 0.398766 0.450112 0.390663 0.441754 0.375833 0.431358 0.362991 0.425650 0.347855 0.422388 0.333331 0.420757 0.320336 0.421573 0.311315 0.426058
0 0.280891 0.431765 0.284713 0.424834 0.289147 0.418311 0.302142 0.415050 0.319724 0.414030 0.330885 0.410565 0.351830 0.405673 0.377209 0.406488 0.387300 0.410973 0.404117 0.419534 0.412985 0.427892 0.417877 0.435231 0.419100 0.445627 0.419865 0.450927 0.419712 0.458266 0.418183 0.465808 0.414666 0.470904 0.415278 0.465400 0.414972 0.458266 0.409774 0.452762 0.403200 0.450927 0.398613 0.450112 0.383783 0.436861 0.370482 0.428911 0.353971 0.423611 0.332719 0.421165 0.320794 0.421573 0.295874 0.433192
0 0.503906 0.430415 0.498128 0.432866 0.488149 0.437768 0.480928 0.441795 0.475282 0.441620 0.459394 0.440569 0.452829 0.441970 0.448365 0.443896 0.445213 0.447572 0.444032 0.450023 0.441274 0.460878 0.440880 0.466830 0.440355 0.471557 0.441406 0.477159 0.456637 0.483637 0.457162 0.490114 0.460051 0.494316 0.464515 0.496067 0.473181 0.496592 0.477383 0.492740 0.480140 0.488013 0.538438 0.499043 0.541721 0.507446 0.543165 0.510247 0.547498 0.512523 0.553275 0.513924 0.561810 0.509197 0.564174 0.504470 0.572708 0.504995 0.579536 0.502019 0.580586 0.499918 0.580324 0.492215 0.582162 0.483111 0.581374 0.476459 0.583212 0.471907 0.576779 0.457901 0.577829 0.455625 0.576910 0.450548 0.567456 0.445296 0.559578 0.442145 0.540670 0.435843 0.519662 0.429890 0.509683 0.429890
0 0.532530 0.433392 0.527015 0.428490 0.519925 0.421487 0.511653 0.416585 0.495896 0.412033 0.477120 0.408006 0.468454 0.406781 0.462020 0.414484 0.458081 0.420436 0.455849 0.429715 0.455061 0.430590 0.454930 0.433742 0.455980 0.440394 0.459657 0.439344 0.480534 0.442145 0.494452 0.434092 0.504300 0.430240 0.520450 0.429890
0 0.531217 0.432166 0.532267 0.424988 0.530823 0.420787 0.513622 0.410983 0.500886 0.399778 0.495502 0.396277 0.480271 0.392250 0.466878 0.391375 0.463202 0.391375 0.455718 0.394876 0.452960 0.403630 0.450466 0.411333 0.450597 0.417635 0.453223 0.420261 0.458212 0.420787 0.468717 0.406781 0.511390 0.416935 0.520450 0.421662
0 0.522419 0.415534 0.522551 0.413258 0.518218 0.407831 0.507976 0.403279 0.499047 0.393476 0.490907 0.387873 0.478039 0.384197 0.462020 0.382446 0.461758 0.385072 0.455980 0.390674 0.455061 0.395226 0.464909 0.391200 0.481584 0.392075 0.496553 0.396627 0.507713 0.405205 0.513097 0.411158
0 0.510602 0.404505 0.511653 0.401529 0.510733 0.396277 0.507188 0.390850 0.501148 0.386823 0.497341 0.386298 0.488149 0.376844 0.482766 0.374568 0.468979 0.371592 0.466222 0.371767 0.462939 0.374568 0.457556 0.377369 0.454011 0.388399 0.455586 0.391550 0.461758 0.385597 0.462414 0.382271 0.482503 0.385597 0.490250 0.387523 0.499310 0.393826 0.507713 0.403455
1 0.017098 0.307289 -0.000005 0.307869 0.000285 0.302651
1 0.000285 0.297433 0.000575 0.301298 0.017533 0.306902 0.049421 0.306709 0.062321 0.303230 0.054929 0.300911
1 0.032752 0.414934 -0.000150 0.419186 -0.000005 0.407977
1 0.075946 0.378408 0.076091 0.380727 0.076381 0.392323 0.073627 0.395028 0.096818 0.400826 0.138852 0.390970
1 0.142623 0.339426 0.150183 0.346147 0.157144 0.347907 0.154023 0.344867 0.153783 0.341346
1 0.154383 0.335586 0.153423 0.340386 0.142383 0.338466 0.139502 0.336386 0.122461 0.330946 0.130622 0.330146
1 0.152943 0.329986 0.132662 0.329826 0.154983 0.335266 0.155943 0.330466
1 0.178265 0.362308 0.180785 0.366308 0.182225 0.372228 0.204787 0.377509 0.226628 0.372548
1 0.181745 0.373029 0.183305 0.382309 0.203347 0.377989
1 0.249189 0.361348 0.248589 0.365188 0.243549 0.365828 0.249189 0.367748 0.263350 0.364388
1 0.248469 0.355107 0.249069 0.360228 0.264910 0.363908 0.276791 0.361668
1 0.235869 0.334146 0.235389 0.338466 0.221828 0.334946 0.218347 0.330626
1 0.237429 0.331586 0.236109 0.332866 0.235869 0.334146 0.216067 0.329506 0.223028 0.327906
1 0.230468 0.326466 0.224228 0.327266 0.237789 0.331106 0.237429 0.328706
1 0.245469 0.349187 0.247629 0.351107 0.248589 0.353827 0.277871 0.360708 0.287832 0.358788 0.288192 0.358148
1 0.333749 0.349312 0.326819 0.350285 0.321275 0.348534 0.326819 0.347562 0.327694 0.346881
1 0.327694 0.344838 0.327403 0.346103 0.334697 0.349312 0.340168 0.347951
1 0.327403 0.342407 0.327694 0.344060 0.341408 0.347756 0.345201 0.345811
1 0.326527 0.339878 0.327184 0.341726 0.345274 0.344935 0.347973 0.344352
1 0.888851 0.666767 0.993381 0.749520 1.000186 0.749883 1.000186 0.686730
1 0.862604 0.589385 0.857137 0.590600 0.853038 0.595459 0.849166 0.603659 0.847571 0.613377 0.819100 0.607910 0.771041 0.569645
1 0.703006 0.513582 0.679444 0.495211 0.726016 0.506601 0.723674 0.514685 0.725052 0.517992
1 0.673924 0.482351 0.673180 0.478950 0.669673 0.476824 0.669566 0.473139 0.644162 0.466762 0.660531 0.478950
1 0.630238 0.455849 0.643525 0.465770 0.669354 0.472005 0.669247 0.470588 0.670948 0.467187 0.671373 0.465628
1 0.619290 0.446353 0.630026 0.455424 0.671798 0.464352 0.672649 0.461943 0.674349 0.459534
1 0.608023 0.437850 0.619077 0.445787 0.675306 0.458683 0.676794 0.456699 0.671692 0.453156
1 0.663189 0.446495 0.673074 0.453581 0.678707 0.454432 0.680727 0.451030
1 0.605455 0.403473 0.605077 0.405743 0.620778 0.409694 0.621534 0.408097
1 0.605960 0.406583 0.609995 0.409946 0.621093 0.411964 0.620778 0.410283
1 0.613274 0.411123 0.614661 0.413561 0.620778 0.414738 0.620715 0.412132
1 0.614851 0.419615 0.610437 0.420119 0.608986 0.420792 0.578468 0.413814 0.575757 0.410367
1 0.572352 0.406415 0.575946 0.409862 0.616805 0.418774 0.612013 0.415327
1 0.567875 0.402548 0.572162 0.405995 0.609428 0.414150 0.607221 0.412721 0.601420 0.411796 0.596817 0.409190
1 0.579162 0.414318 0.585026 0.418606 0.605771 0.423566 0.607788 0.420624
1 0.585845 0.419531 0.592277 0.424407 0.605266 0.427097 0.605771 0.423734
1 0.592655 0.425416 0.599780 0.430628 0.607284 0.432394 0.606023 0.430796 0.605266 0.427602
1 0.359918 0.795599 0.325832 0.954061 0.335485 0.956877 0.358409 0.962507 0.377714 0.973768 0.392796 0.989454 0.403052 1.001117 0.848878 0.999508 0.771356 0.851503
1 0.061784 0.589343 0.022914 0.619105 0.044850 0.624749 0.090648 0.641683 0.128363 0.664261 0.129903 0.660155 0.141448 0.659129 0.158382 0.666826 0.159536 0.676063 0.156457 0.681194 0.172621 0.695049 0.239970 0.717114 0.291925 0.740205 0.308859 0.755086 0.315786 0.777151 0.352347 0.785361 0.384290 0.650406
1 0.157997 0.526740 0.067557 0.585238 0.386599 0.645788 0.404687 0.573435
1 0.212676 0.485980 0.160683 0.523364 0.405947 0.570184 0.411935 0.542237 0.393697 0.534615 0.384170 0.526993 0.381175 0.519734
1 0.428540 0.494328 0.427179 0.508483 0.439973 0.512475 0.451134 0.517920 0.457667 0.521912 0.459572 0.528082 0.467467 0.527356 0.505304 0.522275 0.527353 0.521186 0.559474 0.526630 0.585062 0.540422 0.590779 0.544052 0.583974 0.529171
1 0.437617 0.453584 0.442417 0.453904 0.440737 0.459665 0.440497 0.468305 0.433897 0.466865
1 0.419376 0.448944 0.419976 0.454224 0.418656 0.464785 0.429817 0.466385 0.431257 0.451024
1 0.418176 0.436463 0.419016 0.447504 0.431617 0.450384 0.432337 0.442064 0.422616 0.438703
1 0.440617 0.427183 0.439297 0.430543 0.431977 0.429583 0.422976 0.429423 0.419136 0.431183 0.417696 0.433903 0.412655 0.426383 0.404975 0.419182
1 0.442177 0.418062 0.440977 0.424622 0.423336 0.422222 0.400775 0.417422 0.380613 0.407981 0.385894 0.405261
1 0.442931 0.410324 0.442193 0.416719 0.370893 0.401100 0.370986 0.394090
1 0.370801 0.386957 0.370801 0.392860 0.443392 0.409340 0.444130 0.406757 0.439702 0.404544 0.437673 0.402084
1 0.436751 0.400239 0.437765 0.395812 0.376889 0.382038 0.371170 0.385973
1 0.377350 0.381546 0.383714 0.377733 0.438411 0.390770 0.437950 0.394705
1 0.831849 0.498956 0.856827 0.511003 0.857678 0.510861 0.859166 0.504909
1 0.822495 0.485351 0.824089 0.490595 0.809952 0.487760 0.796453 0.480107
1 0.791351 0.474155 0.795603 0.478973 0.822814 0.484926 0.822389 0.482942 0.823239 0.480391
1 0.786781 0.469053 0.790713 0.473021 0.816755 0.478406 0.812503 0.475855 0.806657 0.474722 0.799855 0.473163 0.794753 0.470328
1 0.817712 0.476422 0.816330 0.476706 0.820050 0.478690 0.823452 0.480391 0.823877 0.476989
1 0.814629 0.471887 0.817074 0.474722 0.823877 0.476422 0.825259 0.473871
1 0.813072 0.467521 0.823848 0.472755 0.788442 0.464955 0.783516 0.462389 0.785671 0.461568
1 0.778820 0.457258 0.784593 0.460234 0.811533 0.466392 0.802296 0.462389
1 0.787210 0.464955 0.793368 0.468239 0.793291 0.469163 0.785671 0.468342 0.778897 0.464544 0.774664 0.462184
1 0.782130 0.462902 0.779975 0.461055 0.776127 0.460131 0.767044 0.457874 0.764350 0.456334 0.731253 0.448637 0.739258 0.453153 0.741413 0.453358 0.751034 0.455718 0.763195 0.458079 0.772740 0.461260
1 0.761117 0.451511 0.766274 0.455513 0.729329 0.448021 0.720862 0.442685
1 0.711163 0.437040 0.720092 0.442069 0.753035 0.448945 0.741105 0.445045 0.739566 0.443916
1 0.732099 0.438477 0.738642 0.442479 0.738488 0.443095 0.709932 0.436322 0.703159 0.432730