1 0.390506 1.000379 0.104267 0.740400 0.000538 0.805176 -0.000119 0.998628
1 0.116740 0.733397 0.295312 0.610848 0.556604 0.766660 0.554634 0.786793 0.562512 0.814805 0.570391 0.844567 0.594681 0.871702 0.614377 0.892711 0.632103 0.906716 0.611751 0.997753 0.417423 1.000379
1 0.745828 0.876016 0.743122 0.884584 0.739402 0.895858 0.728918 0.908935 0.715728 0.917503 0.694083 0.922914 0.669732 0.922463 0.640309 0.911190 0.624075 0.999573 0.949765 1.000024
1 0.691377 0.675800 0.675820 0.738931 0.691039 0.749754 0.711669 0.772752 0.731623 0.798004 0.741431 0.823257 0.746504 0.847156 0.745152 0.864292 0.967351 1.000475 1.000495 1.000024 1.000157 0.825511
1 0.402454 0.537031 0.302346 0.605122 0.560733 0.757539 0.572232 0.739953 0.580011 0.730483 0.596583 0.721464 0.629050 0.717857 0.640549 0.722817 0.665576 0.730483 0.675722 0.668254
1 0.467796 0.491428 0.403826 0.533893 0.676856 0.663104 0.686111 0.610113 0.667873 0.602128 0.654262 0.589062 0.644462 0.575633 0.639835 0.562929
1 0.692379 0.613157 0.684838 0.665843 1.000053 0.819881 1.000053 0.723758 0.997338 0.716519 0.745468 0.609135 0.742452 0.613559 0.734307 0.617581 0.720734 0.619994 0.705953 0.618787
1 0.992796 0.712677 0.939707 0.629827 0.708348 0.536921 0.703824 0.555020 0.714079 0.561455 0.724939 0.568292 0.735496 0.577140 0.742434 0.587195 0.746053 0.599662 0.746355 0.606098
1 0.511572 0.461369 0.470062 0.489565 0.641192 0.559792 0.645696 0.554049 0.649612 0.550133 0.659989 0.545956 0.673304 0.546739 0.683486 0.548566 0.691122 0.550133 0.694451 0.530030
1 0.700762 0.507425 0.695106 0.527810 0.512865 0.460540 0.543595 0.439747 0.669879 0.483575 0.671102 0.489079 0.675842 0.492544 0.681346 0.497640 0.689296 0.502125 0.696176 0.505794 0.700610 0.507425
1 0.568363 0.422624 0.544360 0.438320 0.669574 0.481128 0.671102 0.478071 0.675383 0.475217 0.684556 0.473382 0.694494 0.474605 0.704890 0.477255 0.707795 0.477867 0.709324 0.469917
1 0.569127 0.421808 0.587474 0.409374 0.712076 0.449124 0.709630 0.467674
1 0.715661 0.513324 0.710166 0.533929 0.939390 0.626877 0.905565 0.573306 0.742103 0.511035 0.735922 0.515842 0.728539 0.515614 0.722357 0.515614 0.716691 0.513324
1 0.722818 0.474777 0.721039 0.484482 0.724921 0.486207 0.731391 0.489442 0.737537 0.496343 0.742713 0.501519 0.744169 0.509068 0.904139 0.570964 0.880847 0.533438
1 0.727509 0.454289 0.723788 0.473698 0.879391 0.530850 0.862246 0.503676
1 0.732038 0.439408 0.728641 0.453426 0.861275 0.501304 0.847850 0.480815
1 0.732487 0.438107 0.734903 0.431511 0.738009 0.432431 0.739850 0.431357 0.741231 0.430590 0.835119 0.461886 0.847085 0.479068
1 0.826835 0.447619 0.832818 0.460506 0.735938 0.428136 0.738009 0.417550
1 0.820162 0.435499 0.826375 0.446698 0.737089 0.416323 0.738930 0.408192
1 0.813143 0.424454 0.819011 0.434272 0.739275 0.406965 0.740426 0.399754
1 0.742497 0.394385 0.741116 0.399141 0.811532 0.423380 0.808310 0.416476
1 0.743878 0.389476 0.743072 0.393771 0.807045 0.415402 0.800832 0.406965
1 0.744683 0.384567 0.744223 0.387942 0.799221 0.405738 0.796574 0.400521
1 0.715458 0.401442 0.715918 0.408192 0.720866 0.410647 0.722016 0.402823
1 0.000314 0.338637 0.058434 0.366433 0.000314 0.371768
1 0.000314 0.373172 -0.000107 0.400126 0.001367 0.405461 0.003894 0.413322 0.005579 0.420061 0.053591 0.450384 0.172358 0.423992 0.060750 0.368399
1 0.067278 0.367837 0.152142 0.358010 0.260380 0.404618 0.175516 0.422588
1 0.138559 0.320233 0.123739 0.320721 0.126301 0.325112 0.125569 0.330479 0.126484 0.336334 0.126118 0.342432 0.123373 0.344140 0.152647 0.356581 0.217782 0.349507
1 0.157221 0.357801 0.220709 0.350239 0.324815 0.390003 0.262791 0.403420
1 0.252142 0.336306 0.251224 0.338141 0.250766 0.341199 0.251989 0.343849 0.254741 0.345072 0.221564 0.348741 0.141146 0.319794 0.196797 0.317348
1 0.244650 0.314902 0.198326 0.316941 0.254129 0.335695 0.261162 0.334675 0.266513 0.334472 0.273393 0.334675 0.280273 0.335287 0.288376 0.336510 0.294797 0.338141 0.299995 0.340587 0.301983 0.340791 0.318495 0.338549
1 0.293852 0.350483 0.288924 0.350677 0.278633 0.350483 0.269212 0.349710 0.259935 0.347391 0.256457 0.346425 0.224569 0.350097 0.326755 0.389328 0.374731 0.379279
1 0.297476 0.350290 0.302259 0.348357 0.304433 0.346232 0.304143 0.344299 0.303274 0.341207 0.321972 0.339468 0.415171 0.370969 0.376471 0.378313
1 0.416765 0.370196 0.446044 0.364011 0.359367 0.335216 0.324870 0.339081
1 0.341264 0.317892 0.341264 0.319454 0.340709 0.320933 0.340093 0.321838 0.338181 0.322496 0.335838 0.322824 0.335283 0.323811 0.334358 0.324962 0.333865 0.327100 0.358838 0.334828 0.376658 0.332608 0.376535 0.331375 0.373082 0.327757
1 0.349527 0.310163 0.341079 0.311068 0.341449 0.314110 0.341573 0.316905 0.372650 0.326113 0.372095 0.324469 0.372342 0.321920 0.372835 0.317234
1 0.350822 0.309670 0.367840 0.307697 0.374007 0.309670 0.373267 0.312383 0.372773 0.315590 0.350945 0.309999
1 0.460162 0.343401 0.460855 0.345527 0.460716 0.348577 0.459815 0.352551 0.458983 0.353383 0.473610 0.358005 0.494684 0.353845
1 0.450595 0.331108 0.453437 0.333141 0.456765 0.335729 0.458359 0.337948 0.459954 0.342384 0.495446 0.353106 0.513886 0.349871
1 0.443940 0.327503 0.447892 0.329722 0.514925 0.349409 0.530176 0.346821 0.461201 0.326024
1 0.463558 0.325932 0.478462 0.324638 0.543070 0.343308 0.531008 0.346081
1 0.480889 0.319647 0.482206 0.321033 0.485880 0.322050 0.487336 0.322882 0.478393 0.323899 0.468965 0.321495 0.470560 0.318630 0.474234 0.317983
1 0.474996 0.313177 0.474719 0.317059 0.481097 0.318630 0.482899 0.317613 0.486920 0.317429 0.491148 0.318168
1 0.552476 0.334698 0.550561 0.334610 0.549240 0.335755 0.548447 0.335843 0.547985 0.337252 0.546334 0.337956 0.555712 0.340245 0.566872 0.338660
1 0.567401 0.329943 0.567071 0.331704 0.565750 0.332761 0.576382 0.336019 0.584241 0.334434
1 0.567863 0.326333 0.567665 0.328710 0.585165 0.334346 0.592166 0.333201
1 0.596088 0.327714 0.596423 0.328417 0.594316 0.329183 0.592448 0.329375 0.598770 0.330780 0.603848 0.329566
1 0.596711 0.325032 0.596375 0.326692 0.604950 0.329375 0.609740 0.328608
1 0.987296 0.503265 0.999893 0.514905 1.000004 0.507096
1 0.945305 0.469967 0.963869 0.484406 0.971273 0.486027 0.972489 0.483669 0.974478 0.478512
1 0.929061 0.457149 0.944974 0.469083 0.975251 0.477776 0.976577 0.475124 0.979119 0.473061
1 0.875125 0.414478 0.882524 0.420068 0.885175 0.421795 0.898926 0.424672 0.898618 0.421795
1 -0.000034 0.262382 0.034553 0.277705 0.024497 0.279031 0.022398 0.280946 0.020740 0.281683 -0.000034 0.281683
1 0.000187 0.260467 0.036100 0.262971 0.039084 0.263855 0.045603 0.265918 0.053007 0.267539 0.061737 0.268570 0.067483 0.268570 0.112236 0.286840 0.097318 0.287576 0.090136 0.283598 0.085274 0.281094 0.074223 0.278736 0.061847 0.277852 0.051681 0.276968 0.044609 0.277116 0.037095 0.277558
1 0.037205 0.256489 0.035106 0.258109 0.034885 0.261645 -0.000034 0.259583 -0.000034 0.243965 0.007480 0.244260
1 0.010424 0.243967 0.061547 0.249247 0.103429 0.265408 0.083148 0.264608 0.080748 0.262528 0.074388 0.260768 0.064907 0.259008 0.055066 0.257408 0.044746 0.255968 0.039465 0.255808
1 0.083988 0.265728 0.082908 0.268129 0.079908 0.268609 0.075468 0.268929 0.071147 0.268609 0.113510 0.286210 0.160913 0.286850 0.108230 0.266689
1 0.064187 0.249407 0.107630 0.252768 0.148912 0.267009 0.109190 0.265728
1 0.112795 0.267311 0.151905 0.268329 0.203511 0.287025 0.162207 0.286262
1 0.109361 0.252430 0.145132 0.255229 0.185673 0.268456 0.152954 0.267439
1 0.156293 0.268838 0.189394 0.269601 0.240237 0.286771 0.205038 0.286517
1 0.189966 0.268838 0.201604 0.268838 0.200268 0.265658 0.199791 0.263369 0.179855 0.257136 0.146372 0.254720
1 0.255482 0.280915 0.269695 0.285494 0.271126 0.284858 0.273129 0.283840 0.275991 0.281805 0.277231 0.280406 0.258058 0.273538 0.257771 0.277354 0.256531 0.278626 0.255864 0.280661
1 0.182127 0.257131 0.201205 0.257004 0.200632 0.258403 0.199869 0.260565 0.199488 0.262854
1 0.273585 0.271155 0.257263 0.266252 0.257522 0.271155
1 0.262425 0.261693 0.255070 0.261693 0.256618 0.263758 0.257393 0.264962 0.276424 0.271585 0.291649 0.271671 0.288875 0.269263
1 0.276617 0.272531 0.257973 0.272445 0.278359 0.279413 0.281004 0.278380 0.286294 0.276660
1 0.264166 0.261521 0.283069 0.262123 0.289197 0.264618 0.288230 0.268403
1 0.338505 0.269468 0.357068 0.274711 0.345156 0.275020 0.343826 0.273940 0.340645 0.271087 0.338679 0.269622
1 0.345734 0.281111 0.345098 0.282884 0.344635 0.284195 0.343189 0.284426 0.342206 0.284735 0.350244 0.287433 0.369154 0.288127
1 0.344982 0.275559 0.345676 0.278104 0.345965 0.280417 0.370600 0.287819 0.387890 0.289052
1 0.402482 0.284487 0.402239 0.285722 0.398876 0.286502 0.405796 0.288841 0.407843 0.288191 0.410816 0.287021
1 0.402628 0.280653 0.402628 0.283707 0.411499 0.286372 0.415495 0.286567 0.422269 0.286632
1 0.408964 0.278834 0.404188 0.278834 0.403457 0.280068 0.425242 0.286891 0.430506 0.288516 0.433966 0.286762
1 0.421246 0.279483 0.412571 0.279094 0.435087 0.286372 0.436842 0.285592 0.437329 0.284812
1 0.426948 0.278964 0.420515 0.279094 0.411060 0.276104 0.411986 0.274415
0 0.999887 0.471312 0.988582 0.471312 0.983509 0.471505 0.978871 0.474018 0.974812 0.477690 0.971189 0.486386 0.977566 0.491604 0.983944 0.495856 0.993220 0.499721 0.999598 0.501267
0 0.936402 0.431308 0.929155 0.429568 0.919588 0.429375 0.913066 0.431501 0.909732 0.434013 0.908283 0.437492 0.907413 0.440971 0.910457 0.443676 0.915385 0.446382 0.920313 0.449667 0.923067 0.450247 0.923212 0.451986 0.926691 0.454885 0.928865 0.456431 0.936692 0.457204 0.938576 0.454499 0.979885 0.467640 0.980755 0.470346 0.982929 0.472085 0.985973 0.471699 0.994525 0.471505 0.997858 0.471699 1.000032 0.468220 0.999887 0.446382 0.997278 0.443676 0.988437 0.437878 0.973073 0.432467 0.957419 0.428602 0.953215 0.427829 0.943794 0.429182 0.935822 0.431114
0 0.904514 0.414881 0.901035 0.419132 0.899006 0.422418 0.899151 0.425703 0.901470 0.429182 0.905384 0.432854 0.907558 0.435753 0.909877 0.433047 0.913356 0.431308 0.922777 0.429568 0.930604 0.429568 0.936402 0.431114 0.945099 0.428602 0.952636 0.427056 0.968724 0.431694 0.983944 0.435753 0.989162 0.438458 0.983509 0.427249 0.974232 0.422804 0.960753 0.417973 0.946403 0.412368 0.935387 0.411982 0.927995 0.414687 0.919733 0.414494 0.910022 0.413914 0.904659 0.415267
0 1.000032 0.438651 1.000177 0.431694 0.995684 0.426863 0.989307 0.422418 0.977711 0.419132 0.962927 0.414687 0.958578 0.414301 0.958868 0.416427 0.963362 0.418552 0.982059 0.426090 0.984089 0.428988 0.986553 0.433240 0.988582 0.437105 0.989162 0.438651 1.000467 0.439424
0 0.993075 0.424543 0.980320 0.414107 0.964956 0.409469 0.957419 0.408696 0.947418 0.411402 0.955824 0.417006 0.957999 0.417006 0.958578 0.414494 0.964376 0.415460 0.977131 0.418939 0.990901 0.423384
0 0.958144 0.400966 0.957709 0.402512 0.961767 0.403092 0.964811 0.403092 0.968145 0.405218 0.969739 0.405797 0.971768 0.405411 0.974087 0.402319 0.974087 0.399033 0.971189 0.396714 0.970174 0.394588 0.967420 0.390337 0.961477 0.389950 0.957419 0.388597 0.955245 0.389564 0.953070 0.390723 0.951331 0.392076 0.949737 0.394009 0.949012 0.395941 0.949592 0.398454 0.951476 0.399420 0.952926 0.399227
0 0.954980 0.409195 0.949656 0.403735 0.946379 0.399912 0.936140 0.394451 0.929177 0.392540 0.920576 0.391447 0.918631 0.394724 0.922522 0.397454 0.926925 0.399229 0.932556 0.401277 0.936140 0.404008 0.939417 0.411107 0.945560 0.410970 0.949144 0.410834 0.954673 0.409059
0 0.949246 0.403052 0.948939 0.397728 0.944229 0.394997 0.929894 0.390355 0.926003 0.389673 0.920167 0.389263 0.910747 0.391447 0.916174 0.394588 0.918733 0.394451 0.920064 0.391994 0.927232 0.391857 0.933990 0.393359 0.940952 0.396226 0.949246 0.402233
0 0.918426 0.389263 0.912283 0.387625 0.906446 0.388171 0.902248 0.389946 0.907880 0.391447 0.910849 0.391721 0.917300 0.389400
0 0.888323 0.397181 0.875729 0.396772 0.873374 0.396908 0.872145 0.399502 0.870404 0.400868 0.869790 0.404008 0.870916 0.406875 0.874295 0.409605 0.876343 0.412335 0.879005 0.414247 0.880848 0.415066 0.884944 0.416568 0.887299 0.416841 0.889142 0.415475 0.890473 0.414110 0.901736 0.418615 0.904808 0.414520 0.910542 0.414247 0.920576 0.414929 0.927130 0.414793 0.934911 0.411516 0.938597 0.411926 0.938495 0.408922 0.935833 0.403735 0.931020 0.401277 0.920679 0.397454 0.910542 0.394861 0.905013 0.393495 0.899893 0.394724 0.891702 0.396089 0.888118 0.396908
0 0.869790 0.404008 0.865694 0.401823 0.864363 0.398547 0.865797 0.393632 0.869688 0.392403 0.876138 0.391994 0.883306 0.392540 0.889756 0.391038 0.896412 0.389673 0.902453 0.390355 0.911054 0.392267 0.915354 0.394314 0.919041 0.395543 0.920884 0.396908 0.910337 0.395270 0.906139 0.394178 0.902965 0.394178 0.897538 0.395270 0.891497 0.396226 0.888323 0.396908 0.882282 0.397454 0.876241 0.396908 0.873067 0.396772 0.872145 0.398001 0.871428 0.399366 0.870609 0.400458 0.870200 0.401823 0.870200 0.403052
0 0.886685 0.392130 0.884432 0.389263 0.880848 0.384894 0.873169 0.380253 0.866002 0.377795 0.859960 0.377113 0.855046 0.379160 0.851052 0.378478 0.848083 0.383802 0.847571 0.386123 0.847776 0.388444 0.850438 0.390219 0.853817 0.394041 0.854636 0.395407 0.858937 0.396908 0.861701 0.396908 0.862725 0.395270 0.864466 0.395680 0.865387 0.395543 0.865694 0.393632 0.868971 0.392403 0.878493 0.391994 0.883920 0.392267 0.886992 0.391584
0 0.895183 0.389673 0.890371 0.385714 0.880746 0.381072 0.873681 0.380116 0.878186 0.384075 0.880644 0.385031 0.885763 0.391447 0.894978 0.390219
0 0.906242 0.387625 0.902453 0.381618 0.893545 0.378478 0.885354 0.379707 0.881258 0.380935 0.888016 0.384348 0.891907 0.386260 0.895388 0.389673 0.897743 0.389536 0.901429 0.390219 0.905934 0.387898
0 0.873874 0.373700 0.876924 0.376381 0.878727 0.377490 0.879073 0.378784 0.882886 0.380078 0.890442 0.378414 0.887323 0.376473 0.879073 0.374255 0.874914 0.374070
0 0.847671 0.385901 0.845453 0.386456 0.843165 0.385901 0.841640 0.384884 0.840739 0.383960 0.840115 0.382666 0.838520 0.379246 0.836441 0.378692 0.834846 0.376658 0.834569 0.375364 0.835817 0.372222 0.837065 0.368987 0.837966 0.366768 0.842541 0.364550 0.852662 0.365197 0.859802 0.368155 0.866180 0.370558 0.868259 0.374070 0.870685 0.378969 0.862090 0.377398 0.857861 0.377305 0.856059 0.378322 0.853424 0.378599 0.852246 0.378507 0.850582 0.378692 0.849681 0.379986 0.848433 0.383221 0.847602 0.385901
0 0.610358 0.388839 0.609363 0.392817 0.611794 0.395322 0.611684 0.400626 0.613452 0.405046 0.617098 0.406814 0.619529 0.407846 0.619308 0.410940 0.621408 0.416096 0.624391 0.418012 0.630579 0.418601 0.633121 0.416981 0.636105 0.414328 0.683952 0.427589 0.685057 0.430830 0.686494 0.434219 0.689256 0.435250 0.693787 0.436724 0.697102 0.436871 0.702958 0.434808 0.704063 0.430535 0.711025 0.429209 0.713346 0.425968 0.713346 0.413150 0.712683 0.401805 0.711578 0.397385 0.706384 0.390607 0.703179 0.383535 0.691356 0.378378 0.677101 0.373811 0.666935 0.370864 0.661189 0.371601 0.650801 0.374842 0.644061 0.377936 0.632127 0.376168 0.626601 0.376758 0.620303 0.377936 0.614336 0.382062 0.612678 0.385598 0.610800 0.389134
0 0.649586 0.375432 0.643287 0.373811 0.643840 0.370275 0.644061 0.367770 0.643508 0.366150 0.644503 0.363792 0.645608 0.362024 0.645829 0.359077 0.648812 0.356720 0.651796 0.355983 0.659200 0.355247 0.667266 0.355836 0.674891 0.353479 0.683731 0.352153 0.691577 0.352300 0.699201 0.355247 0.709589 0.362466 0.715114 0.366444 0.718097 0.371454 0.718318 0.377347 0.719092 0.381620 0.718539 0.387219 0.717766 0.389576 0.712572 0.390902 0.712462 0.390755 0.710915 0.392523 0.708594 0.394438 0.705058 0.387366 0.701964 0.382062 0.688262 0.377642 0.675443 0.373516 0.666714 0.371454 0.656437 0.372043 0.649917 0.375284
0 0.667342 0.349266 0.659138 0.348630 0.652365 0.348885 0.649885 0.350920 0.647405 0.353209 0.647214 0.355625 0.648645 0.356643 0.651507 0.355753 0.659520 0.355371 0.666674 0.356261 0.675545 0.353845 0.684989 0.352319 0.691285 0.352191 0.695768 0.353718 0.702350 0.357152 0.709123 0.361603 0.714179 0.366436 0.716945 0.369616 0.718757 0.366055 0.719425 0.359823 0.717422 0.355244 0.706833 0.350792 0.691189 0.346086 0.681841 0.344942 0.675545 0.346977 0.668105 0.348249
0 0.666006 0.349139 0.662954 0.347231 0.663145 0.343161 0.664385 0.340617 0.665243 0.337819 0.666769 0.335403 0.668677 0.333876 0.670585 0.332096 0.675164 0.331587 0.681269 0.332605 0.687851 0.334131 0.694719 0.336039 0.703781 0.339981 0.706738 0.344560 0.710363 0.351174 0.716659 0.353972 0.716850 0.355244 0.708741 0.352319 0.700538 0.350156 0.688995 0.346595 0.679456 0.345832 0.675450 0.346341 0.671634 0.347613 0.665911 0.349012
0 0.748247 0.364991 0.749446 0.360195 0.750830 0.358842 0.757471 0.359088 0.763189 0.360564 0.771860 0.363392 0.773704 0.365852 0.781083 0.372124 0.783574 0.375199 0.790953 0.379872 0.795841 0.385037 0.796210 0.389219 0.795288 0.395368 0.791045 0.395122 0.787448 0.393646 0.784865 0.395245 0.781360 0.395737 0.778501 0.394630 0.777671 0.393277 0.775918 0.390203 0.770476 0.388604 0.754704 0.384054 0.749723 0.383070 0.747232 0.384423 0.743912 0.383439 0.748062 0.364130
0 0.752398 0.352324 0.761806 0.349495 0.770292 0.349126 0.778316 0.350356 0.786710 0.353308 0.791045 0.356259 0.793443 0.359703 0.792705 0.366590 0.791967 0.371263 0.791414 0.374461 0.790215 0.375937 0.785419 0.374338 0.780714 0.372985 0.778501 0.369911 0.774811 0.367205 0.773059 0.365114 0.770015 0.363023 0.765034 0.361179 0.758577 0.359457 0.753043 0.358842 0.750553 0.358965
0 0.000183 0.401432 0.003449 0.412321 0.006988 0.424661 0.007532 0.432283 0.003721 0.435912 0.000455 0.437727 -0.001451 0.438453
0 0.006382 0.289952 0.001682 0.291518 -0.000276 0.293868 -0.000276 0.318148 0.001291 0.320758 0.005011 0.328068 0.008144 0.331462 0.016368 0.330940 0.015389 0.325980 0.047696 0.340077 0.049262 0.346604 0.050829 0.350520 0.054157 0.353131 0.056311 0.353131 0.058857 0.352348 0.062577 0.348954 0.064339 0.345560 0.080003 0.347648 0.101346 0.346865 0.106632 0.344777 0.109765 0.350781 0.118380 0.350781 0.119947 0.347387 0.121317 0.343732 0.124646 0.342427 0.125429 0.341122 0.126212 0.334856 0.126996 0.327807 0.126212 0.324413 0.122688 0.318931 0.122688 0.314754 0.121317 0.313448 0.121513 0.310838 0.114856 0.306138 0.106828 0.296740 0.096451 0.286819 0.084898 0.280815 0.058073 0.277160 0.037318 0.277682 0.026549 0.279770 0.015389 0.287863 0.011472 0.287602 0.006382 0.289952
0 0.267733 0.286582 0.261168 0.286582 0.256309 0.288858 0.254865 0.291134 0.253683 0.295685 0.253027 0.297961 0.252633 0.303389 0.252502 0.307240 0.255390 0.309691 0.255784 0.311792 0.257622 0.316169 0.259198 0.317394 0.263662 0.318970 0.266026 0.318094 0.268914 0.314593 0.293993 0.321246 0.296751 0.325973 0.298326 0.328424 0.300690 0.330174 0.302659 0.330700 0.306204 0.330174 0.308568 0.328599 0.309881 0.325973 0.314870 0.324922 0.320385 0.325798 0.323011 0.324747 0.324061 0.327548 0.325112 0.329124 0.328788 0.329999 0.331677 0.329124 0.333909 0.326498 0.335222 0.323872 0.339424 0.322646 0.341393 0.320020 0.341787 0.317394 0.340474 0.307590 0.340080 0.304089 0.339818 0.299362 0.338242 0.294460 0.333121 0.286407 0.328001 0.283606 0.318022 0.280454 0.303710 0.277303 0.294387 0.275903 0.287297 0.276778 0.283752 0.278003 0.278368 0.279929 0.274954 0.282380 0.269702 0.286582 0.267733 0.287457
0 0.384067 0.307940 0.378027 0.307940 0.375138 0.308991 0.373956 0.309691 0.373431 0.311092 0.372906 0.316519 0.372118 0.320896 0.371856 0.324747 0.372381 0.327898 0.374482 0.329299 0.375795 0.331925 0.377108 0.333676 0.377764 0.333851 0.378289 0.334551 0.379996 0.338403 0.380784 0.340153 0.384329 0.341904 0.386036 0.341904 0.387612 0.341379 0.390369 0.338928 0.390369 0.338403 0.422276 0.349607 0.423851 0.351708 0.426084 0.354509 0.428972 0.356260 0.433043 0.356610 0.435537 0.355209 0.436982 0.353108 0.441840 0.354509 0.449587 0.355559 0.454314 0.355384 0.458515 0.354159 0.460747 0.352408 0.460879 0.345055 0.458647 0.338928 0.455627 0.334726 0.444203 0.328599 0.440789 0.324572 0.433568 0.315468 0.430810 0.312667 0.423851 0.308115 0.411640 0.304614 0.399035 0.302863 0.388794 0.305664 0.383410 0.307765
0 0.430889 0.288803 0.435225 0.286149 0.439348 0.284348 0.445462 0.284159 0.454774 0.286054 0.459537 0.287097 0.464797 0.288803 0.469774 0.291267 0.470627 0.292215 0.471409 0.295343 0.472262 0.298850 0.473897 0.301599 0.474750 0.304442 0.474750 0.308423 0.474323 0.310508 0.474465 0.312973 0.474607 0.314395 0.474110 0.316954 0.471835 0.318565 0.470413 0.319513 0.469063 0.321314 0.467712 0.321977 0.465793 0.322356 0.463731 0.322072 0.462736 0.320840 0.461456 0.319039 0.459253 0.317996 0.458826 0.319228 0.458115 0.321124 0.457120 0.322546 0.453850 0.322356 0.452428 0.322072 0.450296 0.320745 0.449656 0.318849 0.450935 0.317807 0.451717 0.316954 0.452286 0.311646 0.451504 0.307760 0.451575 0.306243 0.450864 0.302736 0.448732 0.299987 0.445817 0.297997 0.440628 0.294016 0.436576 0.290035 0.431813 0.288898
0 0.400606 0.292120 0.394776 0.291457 0.390938 0.292974 0.388023 0.293732 0.386672 0.297144 0.385464 0.299229 0.385251 0.301504 0.385464 0.305106 0.386886 0.306622 0.389445 0.305580 0.399468 0.303021 0.403947 0.303684 0.410842 0.304821 0.418662 0.306717 0.424988 0.308234 0.430533 0.311930 0.434656 0.316195 0.436647 0.319418 0.437784 0.321219 0.439419 0.322262 0.442831 0.321503 0.444680 0.319987 0.449727 0.318849 0.451931 0.316575 0.452144 0.311930 0.451433 0.306717 0.450722 0.302452 0.448021 0.300177 0.442974 0.295817 0.437500 0.290983 0.433661 0.289277 0.426979 0.288045 0.422358 0.287097 0.416600 0.287002 0.411340 0.286813 0.408283 0.287476 0.406577 0.288045 0.403662 0.289846 0.401387 0.291647
0 0.510762 0.308280 0.506386 0.307696 0.501133 0.307793 0.498070 0.308766 0.496173 0.309544 0.494131 0.311295 0.493328 0.313045 0.493182 0.316644 0.493036 0.319756 0.492891 0.321702 0.494204 0.323258 0.495298 0.324036 0.496465 0.324911 0.497194 0.326468 0.497924 0.327926 0.499383 0.329483 0.502009 0.330650 0.504343 0.330552 0.506240 0.327926 0.506459 0.327148 0.507261 0.328218 0.510106 0.329483 0.510908 0.329288 0.512075 0.328315 0.532500 0.333373 0.532135 0.335707 0.533521 0.337069 0.534616 0.338528 0.537606 0.339890 0.537898 0.339792 0.541983 0.339209 0.542275 0.338528 0.545703 0.338431 0.546579 0.337166 0.548694 0.334151 0.552487 0.333762 0.553509 0.331622 0.554019 0.329094 0.553290 0.327246 0.553363 0.325203 0.553582 0.321313 0.553582 0.319173 0.551758 0.315866 0.548402 0.310614 0.541181 0.307696 0.532719 0.306140 0.526810 0.305070 0.520318 0.304973 0.516014 0.305459 0.510471 0.308474
0 0.523893 0.304292 0.525935 0.301277 0.531479 0.301180 0.538555 0.301860 0.545558 0.304195 0.550737 0.307599 0.554530 0.311976 0.557229 0.314893 0.563502 0.317811 0.566785 0.321993 0.567295 0.325981 0.567368 0.330261 0.566347 0.332692 0.564669 0.334054 0.559125 0.333081 0.557521 0.333081 0.556572 0.333762 0.554895 0.333957 0.553800 0.333957 0.553217 0.332984 0.554019 0.329580 0.553290 0.325884 0.553654 0.319465 0.552414 0.317130 0.548256 0.310614 0.542713 0.308280 0.536804 0.306723 0.528561 0.305556 0.524184 0.304681
0 0.535856 0.289022 0.539503 0.290286 0.543223 0.292037 0.543661 0.295928 0.542859 0.300888 0.542275 0.303125 0.539576 0.301569 0.536950 0.301471 0.533813 0.301471
0 0.548986 0.306043 0.554530 0.301374 0.561241 0.301471 0.565982 0.302152 0.574225 0.305459 0.576851 0.306529 0.580134 0.310711 0.584292 0.312656 0.588450 0.315769 0.591878 0.317617 0.595088 0.320632 0.596109 0.323258 0.596255 0.326565 0.595234 0.329677 0.591878 0.329483 0.589398 0.329483 0.586334 0.329483 0.585532 0.329872 0.582979 0.329872 0.580280 0.328996 0.579258 0.327537 0.576559 0.326078 0.567660 0.324814 0.566493 0.320826 0.563429 0.318395 0.558323 0.316644 0.556135 0.314115 0.551904 0.309252 0.548986 0.305848
0 0.543588 0.292523 0.549642 0.293301 0.556572 0.294858 0.559198 0.295636 0.562335 0.297192 0.562408 0.300207 0.563065 0.302055 0.557448 0.300888 0.553946 0.301180 0.551028 0.303319 0.548986 0.305070 0.547308 0.304778 0.543223 0.302833 0.542494 0.302639 0.543515 0.299526 0.543588 0.296219 0.543442 0.291843
0 0.560074 0.295344 0.563429 0.294080 0.568827 0.294469 0.572912 0.294858 0.578529 0.297678 0.581666 0.299818 0.583125 0.301471 0.583854 0.304584 0.584438 0.306140 0.584292 0.307599 0.581666 0.307502 0.578967 0.307696 0.578091 0.307696 0.576705 0.306140 0.574225 0.305556 0.570870 0.304195 0.567368 0.302833 0.564669 0.302055 0.561679 0.301860 0.562627 0.299429 0.562408 0.297289 0.560657 0.296122
0 0.561387 0.294566 0.561533 0.293593 0.564961 0.290773 0.568025 0.290578 0.574444 0.291745 0.580207 0.294371 0.582541 0.295733 0.585313 0.299040 0.588814 0.300888 0.590930 0.302736 0.592170 0.304876 0.592170 0.306529 0.589398 0.307793 0.588158 0.308085 0.585678 0.307696 0.584365 0.307696 0.584292 0.305362 0.582979 0.301277 0.581666 0.298845 0.576195 0.295928 0.571891 0.294566 0.565253 0.293982 0.562408 0.294080 0.561241 0.294760
0 0.578967 0.307696 0.586115 0.308182 0.591149 0.307502 0.593556 0.305556 0.598808 0.305556 0.603695 0.306334 0.608145 0.308085 0.612449 0.309350 0.615731 0.311976 0.620108 0.314602 0.622297 0.316450 0.622297 0.320924 0.622369 0.324036 0.621421 0.326078 0.619233 0.327246 0.616461 0.326759 0.615002 0.326565 0.613178 0.327537 0.611282 0.328121 0.609823 0.327926 0.607197 0.327148 0.606030 0.326759 0.605300 0.325300 0.603258 0.324425 0.598735 0.323452 0.596620 0.323161 0.594869 0.320924 0.592316 0.318784 0.590054 0.316741 0.587137 0.314699 0.585532 0.313435 0.582395 0.312073 0.580134 0.311100 0.578237 0.307696
0 0.613803 0.299511 0.612970 0.294698 0.608472 0.293810 0.604419 0.292403 0.597367 0.291589 0.593813 0.291145 0.592148 0.291885 0.591759 0.292477 0.595424 0.292699 0.596534 0.293884 0.597922 0.294624 0.599255 0.296623 0.600088 0.299511 0.600421 0.300325 0.603419 0.300621 0.605974 0.301213 0.609583 0.301806 0.610471 0.301510 0.611970 0.299807 0.613803 0.299140
0 0.579155 0.292921 0.584374 0.291293 0.588150 0.291589 0.594646 0.293440 0.597256 0.294920 0.598644 0.297290 0.599699 0.300029 0.598700 0.300621 0.596701 0.300991 0.594036 0.304397 0.593258 0.305211 0.591981 0.305878 0.591481 0.303360 0.589371 0.301732 0.587150 0.300251 0.585651 0.299511 0.584707 0.299066 0.583597 0.297141 0.581542 0.295587 0.579599 0.294254 0.578710 0.293514
0 0.593702 0.305211 0.597312 0.301435 0.601587 0.300695 0.606918 0.302102 0.614969 0.303434 0.618023 0.306840 0.621188 0.311874 0.626019 0.313799 0.629794 0.316390 0.630960 0.319278 0.628961 0.323942 0.627573 0.324312 0.624519 0.325275 0.622909 0.325497 0.622520 0.324534 0.622465 0.321647 0.622354 0.318389 0.621910 0.316316 0.617967 0.313577 0.613525 0.310912 0.609805 0.308469 0.603975 0.306470 0.600477 0.305359 0.593258 0.304841
0 0.615635 0.303657 0.622243 0.304767 0.625907 0.306544 0.629183 0.309505 0.631793 0.312541 0.637457 0.316020 0.639567 0.317353 0.640067 0.320907 0.640011 0.324164 0.637457 0.324016 0.634570 0.324534 0.634236 0.324534 0.631016 0.324312 0.629850 0.323794 0.629517 0.322535 0.631016 0.320536 0.631127 0.318908 0.629572 0.315724 0.626518 0.314021 0.623631 0.312541 0.621132 0.311948 0.615691 0.303582
0 0.610804 0.302102 0.612970 0.299881 0.617356 0.299733 0.625796 0.302250 0.629572 0.305952 0.634236 0.310468 0.637790 0.313059 0.639956 0.316168 0.640011 0.317057 0.637179 0.315724 0.633237 0.313651 0.631571 0.312096 0.628906 0.309431 0.626130 0.307136 0.624242 0.305359 0.621077 0.304767 0.617468 0.304249 0.612637 0.303508 0.610693 0.302916
0 0.624908 0.301510 0.626574 0.301139 0.630627 0.301880 0.634958 0.303434 0.638179 0.305137 0.642732 0.308913 0.646341 0.310690 0.648729 0.313355 0.649006 0.316761 0.648451 0.318686 0.647563 0.320166 0.645342 0.320166 0.643620 0.320388 0.642676 0.320536 0.640677 0.320388 0.640455 0.320092 0.639900 0.318093 0.639456 0.315428 0.637790 0.313577 0.636013 0.311208 0.633959 0.309431 0.632071 0.307580 0.629517 0.305655 0.628240 0.304545 0.624964 0.301880
0 0.029220 0.197051 0.023524 0.206288 0.023216 0.212958 0.023986 0.216858 0.025987 0.219014 0.026064 0.219937 0.028219 0.224761 0.029835 0.227942 0.033607 0.226711 0.034454 0.226505 0.035916 0.223940 0.040303 0.225274 0.044998 0.226505 0.047000 0.226711 0.048308 0.227532 0.049386 0.229995 0.051079 0.232971 0.052849 0.233279 0.054774 0.232868 0.056159 0.231945 0.057083 0.230405 0.062702 0.230918 0.066088 0.230713 0.071399 0.231739 0.072323 0.232047 0.076633 0.236563 0.079558 0.234613 0.080097 0.233484 0.082483 0.226300 0.080559 0.219321 0.076787 0.216037 0.072246 0.213677 0.072015 0.212343 0.068321 0.209982 0.064318 0.204030 0.061316 0.201875 0.052080 0.199104 0.043305 0.198385 0.036455 0.196743 0.028912 0.196949
0 0.167140 0.224917 0.171572 0.226922 0.174026 0.229138 0.175847 0.233782 0.176638 0.237792 0.176005 0.241275 0.174659 0.242753 0.173472 0.243386 0.171097 0.243808 0.169514 0.242436 0.169039 0.241697 0.166348 0.240325 0.163024 0.239798 0.159303 0.239481 0.158037 0.240431 0.155900 0.241275 0.151388 0.241275 0.150438 0.240536 0.148934 0.238109 0.146718 0.235787 0.137378 0.234204 0.137061 0.236209 0.134607 0.237476 0.132154 0.237054 0.130254 0.235048 0.129462 0.232410 0.128275 0.227766 0.128038 0.224389 0.127958 0.222806 0.128592 0.219323 0.129779 0.216579 0.132787 0.212463 0.138407 0.211724 0.145926 0.211724 0.154713 0.213941 0.158670 0.214996 0.162074 0.219323 0.165240 0.222806 0.167456 0.225233
0 0.143394 0.210880 0.146876 0.207925 0.153367 0.207081 0.163024 0.208769 0.166427 0.210880 0.168090 0.212885 0.169989 0.214890 0.173472 0.216790 0.174501 0.218901 0.175134 0.222489 0.174897 0.225550 0.174026 0.226922 0.169435 0.226289 0.168169 0.225655 0.166111 0.224811 0.164923 0.221856 0.162470 0.217846 0.158908 0.214890 0.152813 0.212357 0.145531 0.211408 0.143235 0.211302
0 0.164607 0.209613 0.161441 0.205497 0.157166 0.201698 0.148143 0.198637 0.143710 0.199060 0.139911 0.199904 0.138486 0.201593 0.138169 0.204759 0.138249 0.207081 0.139357 0.209825 0.140781 0.211724 0.143235 0.210141 0.147035 0.208453 0.151309 0.207186 0.156929 0.207186 0.163419 0.208664
0 0.201790 0.255871 0.200152 0.259011 0.199947 0.261741 0.200254 0.264199 0.200663 0.265564 0.201380 0.267748 0.201687 0.269933 0.203428 0.271844 0.204657 0.273073 0.208138 0.273892 0.209674 0.272390 0.217251 0.273619 0.226261 0.276486 0.226671 0.279762 0.228821 0.281127 0.230767 0.282083 0.234350 0.282220 0.237320 0.279353 0.243566 0.279899 0.248276 0.279353 0.249300 0.282493 0.250938 0.283175 0.254214 0.283175 0.255853 0.280445 0.257798 0.273755 0.257389 0.266792 0.254829 0.261741 0.250324 0.255734 0.248480 0.253550 0.238036 0.250273 0.228002 0.248772 0.218992 0.248635 0.213155 0.251775 0.211415 0.253004 0.209264 0.252867 0.207524 0.254915 0.204042 0.255188 0.201175 0.255734
0 0.297424 0.252594 0.292202 0.255325 0.289744 0.258328 0.289028 0.262151 0.288516 0.267066 0.290052 0.268977 0.291690 0.270888 0.292407 0.272117 0.293123 0.274028 0.294352 0.275666 0.295581 0.276486 0.297936 0.276486 0.300598 0.276486 0.306537 0.277851 0.315035 0.280308 0.320769 0.281400 0.323943 0.282083 0.328141 0.283721 0.333363 0.285360 0.337561 0.286042 0.338483 0.286315 0.341452 0.285633 0.343193 0.284404 0.345855 0.281810 0.345753 0.279216 0.344729 0.274301 0.342169 0.271571 0.335309 0.267475 0.333363 0.267202 0.328551 0.261195 0.323431 0.256280 0.317800 0.253550 0.309506 0.252731 0.303567 0.251912 0.297424 0.252048
0 0.245613 0.236075 0.240596 0.236211 0.239470 0.238396 0.239060 0.241945 0.239572 0.244130 0.241825 0.248362 0.244590 0.248089 0.246535 0.246997 0.254726 0.249045 0.256672 0.251638 0.259334 0.252458 0.260767 0.251912 0.261996 0.250546 0.267730 0.250273 0.269164 0.250819 0.269471 0.253004 0.271211 0.253823 0.272338 0.253004 0.274590 0.250819 0.275921 0.249318 0.275717 0.247543 0.275410 0.240990 0.271826 0.238123 0.267730 0.233481 0.261894 0.232662 0.258003 0.232116 0.254214 0.231843 0.252986 0.231706 0.248992 0.233618 0.247354 0.234983 0.246740 0.235392 0.245716 0.235665 0.245306 0.236075
0 0.208445 0.226518 0.204657 0.226791 0.201892 0.228020 0.201380 0.228703 0.200663 0.231160 0.200663 0.233344 0.200971 0.236075 0.203121 0.238532 0.205169 0.238396 0.206807 0.237304 0.215101 0.238805 0.215613 0.240307 0.216739 0.240990 0.219401 0.242355 0.220118 0.242355 0.223599 0.242628 0.224930 0.241945 0.225442 0.240990 0.231791 0.241672 0.232815 0.243447 0.233224 0.243857 0.235272 0.243857 0.236603 0.243720 0.237934 0.241536 0.239572 0.240444 0.239880 0.238396 0.240699 0.236211 0.239880 0.234573 0.238446 0.229249 0.234965 0.225699 0.229743 0.224061 0.220630 0.222832 0.216329 0.222423 0.212131 0.222969 0.208548 0.226109
0 0.457708 0.273939 0.459539 0.275435 0.464145 0.278033 0.466270 0.280553 0.466802 0.285907 0.470876 0.286301 0.472176 0.273939 0.469164 0.273231 0.464086 0.274254 0.458062 0.273703
0 0.434619 0.265987 0.433379 0.268349 0.431017 0.270317 0.430190 0.271656 0.430249 0.274569 0.430840 0.278112 0.431312 0.280159 0.433792 0.282128 0.435859 0.281734 0.436686 0.280947 0.439107 0.281498 0.439284 0.283860 0.441055 0.284332 0.442177 0.283624 0.445012 0.283545 0.450622 0.285592 0.454933 0.285986 0.459716 0.287246 0.461783 0.287797 0.465503 0.288112 0.466802 0.287246 0.466979 0.284254 0.466211 0.280710 0.463967 0.278191 0.460838 0.276144 0.458358 0.274333 0.456527 0.272522 0.454873 0.271262 0.452570 0.269373 0.449264 0.267089 0.444362 0.265436 0.439225 0.265121 0.435150 0.265357
0 0.457767 0.273703 0.460247 0.273467 0.460542 0.271184 0.458003 0.266774 0.456173 0.264570 0.450031 0.262601 0.442650 0.261814 0.442000 0.262286 0.444539 0.263546 0.445957 0.264491 0.446252 0.265751 0.449146 0.267325 0.449795 0.267640 0.452866 0.269294 0.454696 0.270947 0.457354 0.273231 0.457826 0.273703
0 0.451035 0.262444 0.458417 0.263625 0.463082 0.265436 0.464617 0.267404 0.465207 0.270160 0.465089 0.272050 0.464381 0.274254 0.462491 0.274175 0.460779 0.274097 0.460661 0.273309 0.460779 0.271026 0.458062 0.266617 0.456291 0.264334 0.451567 0.262680
0 0.453870 0.262523 0.455995 0.260003 0.463259 0.260712 0.468869 0.261972 0.472884 0.264097 0.476191 0.266853 0.476663 0.268270 0.474360 0.269845 0.472648 0.271420 0.472294 0.272601 0.471585 0.273309 0.469813 0.273152 0.468396 0.273152 0.467570 0.273388 0.467392 0.271420 0.465562 0.269136 0.464912 0.267325 0.464086 0.265830 0.460956 0.264097 0.456645 0.263153 0.455110 0.263074
0 0.433838 0.267610 0.429534 0.262553 0.423188 0.257592 0.415237 0.254674 0.409182 0.254188 0.402398 0.252826 0.400940 0.253507 0.399554 0.254577 0.401523 0.257009 0.406410 0.257689 0.407942 0.259343 0.411152 0.262650 0.414362 0.264984 0.415018 0.267999 0.415529 0.271209 0.415675 0.272959 0.421364 0.274905 0.422094 0.275294 0.424428 0.277239 0.425376 0.277628 0.427711 0.276266 0.430701 0.276947 0.430410 0.272181 0.432452 0.268972 0.434203 0.267221
0 0.379275 0.258759 0.383433 0.259051 0.386277 0.258273 0.391821 0.255841 0.394520 0.255258 0.403493 0.257300 0.406848 0.258857 0.410204 0.262066 0.413267 0.264206 0.414653 0.266248 0.415237 0.269653 0.415820 0.271792 0.414872 0.274710 0.413267 0.274516 0.411152 0.274516 0.410860 0.275780 0.409693 0.277823 0.407505 0.276558 0.406556 0.275099 0.404149 0.273154 0.403857 0.273543 0.402836 0.275196 0.401815 0.275294 0.399189 0.274516 0.397365 0.273154 0.395104 0.271598 0.393061 0.270236 0.391019 0.267124 0.387153 0.264206 0.381682 0.262163 0.377670 0.260899 0.379202 0.259148
0 0.361761 0.258583 0.360338 0.259082 0.358391 0.260580 0.356743 0.262178 0.355919 0.263776 0.355170 0.265374 0.355170 0.268570 0.354721 0.270967 0.355245 0.272965 0.358541 0.274063 0.359514 0.276860 0.360413 0.278458 0.361687 0.279356 0.364084 0.279456 0.365657 0.278358 0.368428 0.277758 0.369926 0.279356 0.376368 0.281454 0.382360 0.283152 0.383034 0.285049 0.385356 0.285948 0.386630 0.286947 0.389326 0.286547 0.390450 0.286148 0.393746 0.286647 0.394120 0.287146 0.396742 0.287945 0.398839 0.287945 0.398839 0.286747 0.401685 0.285748 0.402135 0.285349 0.402434 0.282652 0.402135 0.279356 0.401161 0.275761 0.397266 0.273564 0.393820 0.271566 0.392023 0.268870 0.386480 0.263976 0.381761 0.261979 0.376967 0.260580 0.372323 0.259781 0.363484 0.257584 0.361162 0.257984
0 0.399738 0.254388 0.396742 0.249794 0.390525 0.247597 0.384383 0.245999 0.378465 0.246698 0.376068 0.248296 0.373072 0.249395 0.371050 0.249495 0.369477 0.250693 0.369327 0.252191 0.370975 0.254588 0.370450 0.257185 0.371499 0.258583 0.373671 0.258883 0.374196 0.257384 0.377641 0.258183 0.377866 0.258483 0.380787 0.258883 0.383633 0.259082 0.385731 0.258183 0.389401 0.256885 0.391648 0.255687 0.394644 0.255487 0.399363 0.255986 0.399438 0.253789
0 0.332260 0.245212 0.332118 0.246349 0.329630 0.248339 0.328279 0.249477 0.328279 0.252131 0.329914 0.254311 0.333966 0.257533 0.335672 0.258102 0.336241 0.259808 0.336668 0.264168 0.336739 0.265685 0.340506 0.265969 0.340720 0.266064 0.341928 0.267865 0.343990 0.268907 0.345909 0.267865 0.348753 0.268054 0.349037 0.269950 0.351027 0.272699 0.352591 0.272604 0.354226 0.272130 0.354440 0.269760 0.355293 0.265685 0.356643 0.262746 0.359345 0.259145 0.360980 0.258102 0.362970 0.257059 0.359700 0.254785 0.354155 0.249192 0.349037 0.247771 0.343492 0.246633 0.336597 0.245591 0.332402 0.245117
0 0.334464 0.243126 0.335886 0.245117 0.346122 0.247012 0.354724 0.249003 0.358278 0.253268 0.360269 0.255732 0.361548 0.256870 0.364321 0.256112 0.363823 0.252699 0.363254 0.250045 0.363041 0.246254 0.361690 0.242652 0.357994 0.241041 0.350459 0.239525 0.344416 0.239430 0.338303 0.241989 0.334393 0.242463
0 0.362259 0.242937 0.366027 0.245780 0.369012 0.247012 0.370150 0.250425 0.368941 0.253079 0.366951 0.254690 0.366098 0.256112 0.364676 0.255638 0.364179 0.253837 0.363254 0.248434 0.362259 0.242937
0 0.361193 0.241705 0.366027 0.241136 0.370932 0.241894 0.374273 0.243505 0.376903 0.246823 0.372282 0.249098 0.370861 0.249666 0.369368 0.248908 0.368657 0.246538 0.366098 0.246159 0.363752 0.244358 0.360980 0.242368
0 0.372709 0.242747 0.373917 0.241136 0.378965 0.240852 0.378467 0.237439 0.375766 0.233838 0.367733 0.232511 0.365174 0.232131 0.361975 0.233743 0.360269 0.234122 0.360198 0.235733 0.360198 0.238671 0.360269 0.240093 0.360980 0.240378 0.364036 0.240188 0.366738 0.240188 0.369226 0.240283 0.371287 0.241136 0.373420 0.241705
0 0.387211 0.246254 0.387708 0.244358 0.381168 0.241325 0.375410 0.241041 0.373562 0.241705 0.373491 0.242558 0.377472 0.245022 0.377472 0.246349 0.384296 0.246633 0.387993 0.246349
0 0.289483 0.258821 0.290067 0.253082 0.293568 0.251234 0.298674 0.250651 0.301155 0.250456 0.306844 0.247247 0.313920 0.247344 0.321871 0.248900 0.325956 0.250456 0.329020 0.252304 0.330406 0.254833 0.334053 0.258043 0.335804 0.258626 0.336752 0.262906 0.336679 0.265434 0.336023 0.267282 0.333980 0.266893 0.331281 0.263781 0.327926 0.259793 0.324424 0.257264 0.319610 0.254152 0.315379 0.253277 0.308814 0.252499 0.302395 0.251721 0.297653 0.252110 0.296194 0.252401 0.293641 0.253958 0.292036 0.255514 0.290359 0.257945 0.289702 0.258821
0 0.335355 0.231396 0.338581 0.230364 0.341871 0.228987 0.346516 0.228729 0.349677 0.229159 0.352645 0.230364 0.353935 0.232772 0.354644 0.235095 0.354257 0.238105 0.353290 0.239653 0.351032 0.239826 0.349612 0.239395 0.348258 0.237245 0.346903 0.235267 0.344774 0.233976 0.342194 0.232944 0.339161 0.232686 0.336452 0.232170
0 0.332259 0.230880 0.332388 0.228557 0.328194 0.225117 0.320646 0.223912 0.319614 0.223912 0.315098 0.226149 0.312389 0.226665 0.311937 0.227525 0.312776 0.228213 0.315614 0.227955 0.318646 0.228385 0.319937 0.228729 0.323291 0.230106 0.326839 0.230794 0.332581 0.230794
0 0.338452 0.237417 0.341742 0.239223 0.340774 0.240858 0.337032 0.241374 0.334904 0.241460 0.333162 0.241116 0.329936 0.240084 0.328001 0.239481 0.325420 0.238965 0.320517 0.237417 0.320066 0.236815 0.320259 0.234923 0.321936 0.233030 0.324582 0.230622 0.330065 0.231396 0.333484 0.232084 0.335162 0.233632 0.336710 0.235353 0.338839 0.237503
0 0.319679 0.236901 0.318517 0.233460 0.318066 0.232170 0.315098 0.230880 0.306776 0.229331 0.304970 0.229245 0.300905 0.229159 0.297551 0.228815 0.294454 0.230880 0.292132 0.231654 0.290003 0.232342 0.289745 0.233202 0.293035 0.234837 0.295486 0.235095 0.297938 0.235869 0.300131 0.236729 0.301809 0.237073 0.303679 0.238019 0.303937 0.238879 0.305034 0.240514 0.308002 0.239826 0.310711 0.238363 0.314840 0.237417 0.320001 0.236815
0 0.305615 0.240772 0.306970 0.243782 0.306453 0.247567 0.311227 0.247825 0.317163 0.247825 0.322711 0.249803 0.327614 0.251352 0.328194 0.249717 0.331613 0.246449 0.332259 0.245331 0.335484 0.245417 0.333742 0.242320 0.329872 0.239998 0.325549 0.239137 0.320001 0.237847 0.317937 0.237417 0.314776 0.237503 0.310195 0.238707 0.308195 0.239223 0.305615 0.240170
0 0.271875 0.237847 0.276584 0.236901 0.283035 0.233890 0.290067 0.235181 0.294648 0.235697 0.299809 0.236901 0.303744 0.239051 0.305744 0.241890 0.306195 0.246363 0.305228 0.247481 0.302131 0.248943 0.298776 0.250148 0.295809 0.250320 0.292519 0.250492 0.290648 0.251954 0.287874 0.251954 0.284326 0.250406 0.281874 0.249717 0.276197 0.248255 0.275100 0.239998 0.272197 0.237847
0 0.271833 0.237779 0.274121 0.237225 0.274051 0.235284 0.270169 0.230570 0.268159 0.229276 0.259424 0.227889 0.251799 0.227427 0.248818 0.228351 0.245214 0.229553 0.241678 0.230755 0.239183 0.231217 0.239876 0.233343 0.240430 0.235561 0.242025 0.236115 0.246045 0.236115 0.250066 0.232788 0.252978 0.231679 0.267466 0.233343 0.272041 0.237502
0 0.271486 0.231124 0.272734 0.227982 0.270724 0.224839 0.266565 0.224007 0.265386 0.219848 0.261019 0.217815 0.253948 0.216890 0.250967 0.216705 0.248541 0.216983 0.247016 0.219201 0.247917 0.220772 0.250274 0.221974 0.252007 0.225209 0.253671 0.226965 0.264554 0.228814 0.271278 0.230847
0 0.253601 0.227057 0.250967 0.224192 0.248749 0.221419 0.243689 0.220125 0.238420 0.219293 0.235925 0.219848 0.236133 0.221419 0.237588 0.223360 0.240292 0.225579 0.242233 0.227242 0.243134 0.229183 0.242926 0.229738 0.247224 0.229461 0.250551 0.227982 0.254087 0.227335
0 0.239460 0.231402 0.242787 0.230292 0.243065 0.228259 0.239876 0.224932 0.237172 0.223360 0.233984 0.219571 0.231696 0.218277 0.227259 0.217445 0.221436 0.216428 0.216445 0.216151 0.214782 0.217815 0.213395 0.221512 0.213534 0.222991 0.218386 0.222991 0.221714 0.223175 0.226497 0.224469 0.229339 0.225116 0.237034 0.226780 0.238628 0.229183 0.239183 0.231679
0 0.167702 0.212241 0.172970 0.210577 0.178863 0.211317 0.184894 0.212888 0.188498 0.213812 0.190717 0.216215 0.192865 0.219913 0.193697 0.223240 0.193073 0.227492 0.191687 0.228971 0.190162 0.230912 0.187805 0.229987 0.186835 0.227399 0.184547 0.226845 0.181566 0.227677 0.178516 0.228046 0.176852 0.228046 0.175604 0.227307 0.174842 0.225458 0.175050 0.222870 0.174703 0.220375 0.173941 0.217417 0.172416 0.216215 0.170267 0.215106 0.169019 0.213812 0.167563 0.212149
0 0.174634 0.209561 0.176714 0.208082 0.183854 0.208821 0.187458 0.209561 0.190994 0.210670 0.193351 0.213812 0.196262 0.216400 0.199520 0.218988 0.200907 0.221761 0.200491 0.225273 0.197649 0.227307 0.196124 0.225643 0.193905 0.225551 0.193351 0.225828 0.193212 0.222223 0.192588 0.218803 0.191063 0.216400 0.189330 0.214367 0.186627 0.213073 0.181289 0.211964 0.177199 0.211039 0.175050 0.210670 0.174218 0.210300
0 0.190023 0.210670 0.190717 0.208451 0.199382 0.208451 0.203056 0.209376 0.206799 0.211409 0.209572 0.213905 0.211513 0.216678 0.214840 0.217232 0.213593 0.221854 0.213038 0.223240 0.211236 0.223795 0.209849 0.225089 0.209017 0.225736 0.207354 0.226198 0.205898 0.226290 0.203541 0.226660 0.202570 0.226198 0.201600 0.225551 0.201184 0.223702 0.200768 0.221946 0.199867 0.219543 0.198203 0.217417 0.195708 0.215661 0.193628 0.213627 0.192034 0.211132 0.189885 0.210300
0 0.180596 0.207989 0.178793 0.205863 0.174634 0.201797 0.168395 0.199671 0.162018 0.199116 0.157026 0.197453 0.155917 0.199209 0.155501 0.200595 0.158898 0.202536 0.160562 0.204200 0.161879 0.206048 0.163127 0.208359 0.164652 0.210208 0.166315 0.211594 0.167979 0.212241 0.172000 0.211132 0.173525 0.210300 0.174634 0.208914 0.175951 0.207712 0.180388 0.207897
0 0.125935 0.197514 0.127380 0.199056 0.128363 0.199904 0.130214 0.198979 0.132643 0.198748 0.135418 0.199365 0.135534 0.200675 0.137095 0.200984 0.138136 0.199133 0.137674 0.195587 0.135361 0.190652 0.133394 0.189495 0.128884 0.188647 0.126050 0.188570 0.123506 0.188416 0.122118 0.188416 0.121366 0.190112 0.123622 0.191654 0.125125 0.193813 0.125703 0.196203 0.125993 0.197591
0 0.119632 0.197591 0.122060 0.198285 0.123217 0.198979 0.125356 0.196743 0.124663 0.194893 0.123679 0.191963 0.121309 0.190421 0.119342 0.189418 0.117087 0.187722 0.114254 0.187259 0.110610 0.186951 0.108124 0.186874 0.106967 0.187337 0.108239 0.189187 0.113328 0.189495 0.116162 0.190112 0.116682 0.191115 0.118186 0.194430 0.119574 0.197437
0 0.098062 0.190806 0.100838 0.190729 0.103093 0.188108 0.107025 0.188724 0.109974 0.189495 0.115641 0.190266 0.117608 0.192888 0.117955 0.194893 0.118475 0.196820 0.118186 0.199056 0.117839 0.201138 0.117203 0.201678 0.116046 0.201215 0.114947 0.199673 0.111709 0.199365 0.109743 0.199133 0.108991 0.199673 0.108066 0.199981 0.106389 0.199596 0.105001 0.199210 0.104134 0.198671 0.100722 0.197977 0.098293 0.198285 0.098120 0.190960
0 0.142994 0.198594 0.143399 0.196589 0.145133 0.194430 0.146290 0.194122 0.149297 0.193042 0.151032 0.192888 0.156583 0.193890 0.158896 0.194584 0.160747 0.195355 0.161152 0.195510 0.160805 0.198285 0.158318 0.197977 0.156872 0.197745 0.155889 0.199519 0.155080 0.200598 0.152362 0.199827 0.146001 0.198362 0.143630 0.199133
0 0.187710 0.203736 0.187313 0.198100 0.178464 0.196691 0.170870 0.195283 0.165917 0.198541 0.170671 0.199685 0.174898 0.201975 0.176879 0.203824 0.179257 0.206729 0.181238 0.208138 0.182757 0.208314 0.183549 0.205409 0.186983 0.205056 0.188172 0.203383
0 0.168624 0.196691 0.166511 0.195987 0.161096 0.195371 0.160831 0.198805 0.166181 0.199509 0.168228 0.196691
0 -0.000086 0.169174 0.002099 0.170434 0.005052 0.172166 0.007532 0.172717 0.008890 0.171615 0.012669 0.172324 0.013673 0.172639 0.015740 0.174056 0.016921 0.173032 0.016803 0.170749 0.016744 0.168072 0.012551 0.164057 0.011311 0.162009 0.007886 0.160986 0.004638 0.159962 -0.000676 0.158781
0 0.025484 0.169411 0.023476 0.171615 0.023003 0.175158 0.023122 0.176733 0.023653 0.178701 0.024185 0.180040 0.024834 0.181063 0.026488 0.181772 0.027314 0.180670 0.028791 0.180906 0.031153 0.182166 0.031802 0.183189 0.035877 0.185000 0.039774 0.185551 0.044144 0.186024 0.046211 0.186181 0.047215 0.184606 0.046270 0.180197 0.044734 0.177993 0.040542 0.174765 0.037530 0.172481 0.034932 0.170828 0.031153 0.169962 0.026074 0.169804
0 0.022649 0.169568 0.026606 0.167049 0.030621 0.165868 0.038121 0.167600 0.042786 0.168308 0.045974 0.171851 0.048218 0.174213 0.048159 0.176890 0.047510 0.179410 0.046860 0.180591 0.045974 0.179410 0.044380 0.177442 0.042490 0.175867 0.039656 0.173584 0.038180 0.172639 0.033751 0.170434 0.029912 0.170040 0.026842 0.169647 0.025011 0.169647 0.023181 0.172088 0.022826 0.173347 0.022590 0.172009 0.023181 0.169411
0 0.297588 0.228908 0.296602 0.226935 0.293765 0.225620 0.289326 0.224633 0.285379 0.224469 0.281988 0.225291 0.280816 0.226195 0.279275 0.226606 0.276254 0.227182 0.275082 0.227593 0.273540 0.229073 0.273355 0.230470 0.273479 0.233101 0.273849 0.234499 0.274219 0.236143 0.275514 0.237130 0.279337 0.235486 0.282666 0.233266 0.288894 0.234828 0.289696 0.232937 0.294814 0.230553 0.298328 0.228497
0 0.283715 0.224633 0.280323 0.220687 0.275884 0.217974 0.268423 0.217891 0.267128 0.217809 0.265278 0.221098 0.266943 0.223071 0.266758 0.224058 0.271012 0.224551 0.273417 0.227511 0.274835 0.227757 0.277055 0.227017 0.282296 0.226606 0.283653 0.224962
0 0.253007 0.216412 0.251219 0.214438 0.243203 0.212794 0.241353 0.213616 0.239257 0.215918 0.240182 0.218056 0.241415 0.219536 0.246039 0.220029 0.247581 0.218220 0.248691 0.216576
0 0.240243 0.219042 0.238578 0.216823 0.233769 0.215096 0.229699 0.214932 0.224088 0.213781 0.221190 0.215507 0.221868 0.216494 0.227171 0.217645 0.229761 0.218385 0.232782 0.218960 0.234509 0.220111 0.235742 0.221344 0.235804 0.220029 0.237838 0.219371 0.240428 0.219207
0 0.238455 0.216905 0.236174 0.211890 0.231734 0.210821 0.226678 0.210410 0.223780 0.210328 0.222670 0.212959 0.222423 0.214438 0.224088 0.213863 0.226801 0.214274 0.231857 0.215343 0.234200 0.215096 0.238147 0.217234
0 0.205836 0.210163 0.207378 0.208190 0.213359 0.209834 0.218168 0.210245 0.222176 0.213534 0.221252 0.215672 0.218847 0.216576 0.216504 0.215918 0.215024 0.217398 0.212002 0.216494 0.210769 0.215918 0.208549 0.212630 0.206083 0.210328
0 0.497824 0.271586 0.500125 0.268671 0.508179 0.270052 0.517844 0.272967 0.521296 0.277262
0 0.523252 0.279103 0.527854 0.278336 0.535793 0.275421 0.542927 0.277109 0.549140 0.278950 0.550636 0.282938 0.551211 0.287694 0.549831 0.290762 0.547990 0.291990 0.547069 0.291990 0.545688 0.292757 0.542697 0.292143 0.538095 0.289535 0.536369 0.288922 0.535793 0.285853 0.534643 0.284166 0.532687 0.280944 0.529120 0.279563 0.524057 0.278643
0 0.840700 0.359633 0.832738 0.361813 0.825842 0.361908 0.823070 0.363235 0.822501 0.365415 0.822715 0.368258 0.824207 0.369775 0.826482 0.370817 0.827762 0.371955 0.829539 0.372523 0.831316 0.370817 0.832951 0.368922 0.835510 0.368163 0.837216 0.367689 0.838141 0.366078 0.842050 0.364656 0.852429 0.365036 0.866149 0.370249 0.864087 0.367405 0.849230 0.361623 0.840202 0.359443
0 0.866575 0.370912 0.873258 0.373282 0.877096 0.376978 0.878518 0.377831 0.878660 0.379916 0.877167 0.380770 0.872049 0.379727 0.871125 0.379443 0.866575 0.371102