1 0.373878 0.852242 0.479046 0.999334 0.211618 0.999334 0.209472 0.986743 0.206896 0.981592 0.373449 0.852814
1 0.862374 1.000479 0.537855 0.716024 0.383751 0.844801 0.497504 0.999334 0.861515 1.000479
1 0.544036 0.710682 0.629601 0.637269 0.999765 0.888757 0.999765 0.999372 0.878857 0.999868 0.544408 0.711674
1 0.733102 0.612990 1.000078 0.765324 1.000078 0.880064 0.633243 0.633745 0.667900 0.605158 0.679648 0.610249 0.691984 0.613773 0.702851 0.617297 0.719005 0.617689 0.729578 0.616123 0.732515 0.613381
1 0.726852 0.552542 0.708995 0.568316 0.715245 0.572780 0.723281 0.578732 0.729531 0.585578 0.733549 0.593911 0.734888 0.600756 0.734888 0.607006 0.734218 0.610875 1.000067 0.762066 0.982656 0.683494 0.726852 0.552542
1 0.767745 0.488177 0.769496 0.489782 0.772669 0.491825 0.775952 0.493867 0.780110 0.495618 0.782298 0.496639 0.784158 0.497223 0.783064 0.498390 0.777265 0.497806 0.771247 0.498098 0.767636 0.499265 0.765010 0.500432 0.763368 0.501016 0.758992 0.498682 0.762712 0.496056 0.765119 0.493430 0.766870 0.490366 0.768183 0.487740
1 0.807136 0.480883 0.820266 0.486281 0.820047 0.487594 0.820047 0.488615 0.819391 0.489636 0.818734 0.491241 0.818187 0.492262 0.817531 0.493867 0.815452 0.492408 0.812388 0.490512 0.806698 0.487594 0.802322 0.485697 0.807136 0.480883
1 0.770699 0.466585 0.803525 0.479570 0.798492 0.484384 0.791598 0.481612 0.783064 0.479132 0.775514 0.477673 0.771684 0.477673 0.770371 0.477965 0.769934 0.475193 0.769386 0.472275 0.770043 0.469357 0.770699 0.467023
1 0.685025 0.494597 0.750238 0.524067 0.749801 0.526109 0.724087 0.548285 0.678459 0.526109 0.680320 0.524359 0.682399 0.520420 0.683821 0.515022 0.685462 0.510061 0.686338 0.504809 0.685791 0.502183 0.684149 0.500432 0.684806 0.497515 0.685353 0.494597
1 0.183230 0.570093 -0.000301 0.623003 -0.000921 0.949557 0.027600 0.933850 0.050542 0.923102 0.092084 0.909875 0.125567 0.906568 0.150988 0.912355 0.165249 0.919796 0.186951 0.937983 0.195011 0.952864 0.203692 0.969399 0.367382 0.842084 0.183850 0.569266
1 0.431120 0.502489 0.370268 0.518078 0.380897 0.527999 0.389666 0.536502 0.401093 0.550675 0.412785 0.567681 0.422617 0.581145 0.436435 0.601695 0.447330 0.614450 0.453973 0.621891 0.457959 0.628268 0.459819 0.633583 0.460085 0.638897 0.537413 0.705153 0.623775 0.633228 0.430855 0.502489
1 0.503689 0.482905 0.434357 0.500717 0.627133 0.629911 0.661292 0.601502 0.654190 0.595640 0.644551 0.586621 0.637956 0.578278 0.635250 0.571289 0.635419 0.566554 0.638294 0.559114 0.503520 0.483130
1 0.973626 0.628073 0.975200 0.597166 0.973483 0.604225 0.970908 0.610712 0.971766 0.614718 0.971766 0.619297 0.971194 0.623685 0.970335 0.626928 0.973483 0.627691
1 0.817304 0.440917 0.833481 0.446779 0.832354 0.447305 0.831452 0.447531 0.830494 0.447606 0.830099 0.447982 0.829535 0.447982 0.826266 0.446779 0.824068 0.446178 0.821982 0.445802 0.820066 0.445502 0.818318 0.445577 0.817924 0.445577 0.817417 0.444449 0.816515 0.443472 0.816853 0.442044 0.817191 0.441218
1 0.058199 0.366647 0.092836 0.421809 0.000279 0.428737 -0.000106 0.367673 0.058199 0.366391
1 0.064164 0.366391 0.098224 0.420526 0.203096 0.412573 0.151333 0.364595 0.064357 0.366391
1 0.156356 0.364961 0.207635 0.412017 0.289983 0.405581 0.227694 0.362950 0.156657 0.364759
1 0.232369 0.362950 0.293602 0.404978 0.360717 0.400554 0.303707 0.368379 0.294382 0.367442 0.285432 0.366319 0.277220 0.364073 0.270376 0.361967 0.232577 0.362950
1 0.318279 0.361465 0.318441 0.363945 0.317956 0.365131 0.317228 0.366317 0.315772 0.367180 0.313912 0.367827 0.311001 0.368366 0.308655 0.368689 0.307361 0.368689 0.363812 0.400285 0.419211 0.397157 0.346909 0.361357 0.318279 0.361788
1 0.466001 0.394294 0.420873 0.396451 0.350350 0.361297 0.393780 0.361081 0.465839 0.394078
1 0.530394 0.373724 0.567948 0.387533 0.540700 0.389410 0.528684 0.384315 0.529438 0.383444 0.529338 0.381835 0.529087 0.381165 0.529137 0.379556 0.529941 0.379087 0.530343 0.377344 0.530444 0.375668 0.530595 0.374059
1 0.578974 0.380064 0.580063 0.379218 0.580744 0.377766 0.581243 0.376435 0.581742 0.376616 0.582695 0.377342 0.583602 0.377705 0.584373 0.377826 0.585008 0.378068 0.586959 0.379339 0.587685 0.379460 0.588366 0.378976 0.588819 0.378250 0.588774 0.377282 0.588048 0.376919 0.587867 0.377282 0.587685 0.378008 0.587322 0.378189 0.586959 0.378129 0.586097 0.377584 0.585326 0.376858 0.584736 0.376072 0.584645 0.375649 0.585417 0.375588 0.586233 0.376314 0.587322 0.375891 0.587685 0.375286 0.588592 0.375649 0.615451 0.384964 0.594218 0.385811 0.579156 0.380004
1 0.633598 0.370694 0.667008 0.381687 0.652139 0.381879 0.632338 0.375159 0.633202 0.372998 0.633598 0.370838
1 0.622690 0.378567 0.624814 0.378039 0.627406 0.378279 0.630070 0.378039 0.631150 0.377895 0.631834 0.376887 0.631942 0.376119 0.651167 0.382599 0.635362 0.383223 0.623086 0.378759
1 0.692643 0.380199 0.682462 0.381139 0.673063 0.377484 0.673690 0.377170 0.677292 0.377223 0.679133 0.377118 0.680034 0.377066 0.680973 0.376074 0.692095 0.380199
1 0.716301 0.380521 0.708084 0.380477 0.699705 0.376466 0.701614 0.375776 0.704105 0.375776 0.705593 0.376294 0.715880 0.380521
1 0.035343 0.333383 -0.000081 0.335324 -0.000242 0.365733 0.056693 0.364439 0.035019 0.333814
1 0.039225 0.332951 0.116864 0.334677 0.150185 0.363360 0.063163 0.364870 0.039710 0.332951
1 0.337184 0.338355 0.391202 0.360141 0.348166 0.360379 0.324595 0.350260 0.325131 0.347879 0.329149 0.347522 0.331470 0.344189 0.331559 0.339784 0.337184 0.338474
1 0.241738 0.336331 0.272899 0.352403 0.269506 0.353236 0.268166 0.354069 0.267631 0.355022 0.267274 0.356093 0.267184 0.357879 0.267274 0.359546 0.267988 0.361212 0.230131 0.361569 0.208702 0.349069 0.208881 0.347403 0.208345 0.343593 0.208702 0.340617 0.208970 0.337403 0.208881 0.335855 0.241559 0.336212
1 0.000891 0.285342 0.012622 0.301852 0.000158 0.301852 -0.000005 0.285777
1 0.004312 0.285342 0.016451 0.301961 0.083822 0.306632 0.065493 0.290556 0.004801 0.285777
1 0.070706 0.291534 0.086511 0.306523 0.135471 0.308804 0.135553 0.307283 0.136530 0.306414 0.137019 0.306089 0.119015 0.294249 0.070951 0.291316
1 0.239301 0.313539 0.199854 0.312279 0.197433 0.309129 0.195603 0.307397 0.195484 0.306610 0.194599 0.304090 0.192059 0.301492 0.188930 0.299287 0.188930 0.298736 0.210838 0.299760 0.238769 0.313302
1 0.275321 0.303525 0.266282 0.303256 0.266282 0.304872 0.266383 0.306084 0.266181 0.307902 0.267948 0.309114 0.269817 0.306690 0.272544 0.305006 0.274816 0.303794
1 0.344997 0.317030 0.321441 0.308801 0.319795 0.308595 0.317686 0.308458 0.316400 0.307978 0.319178 0.309761 0.321646 0.311201 0.322521 0.311887 0.323858 0.314013 0.325555 0.317304 0.326121 0.318744 0.344534 0.317099
1 0.303388 0.302766 0.285696 0.296114 0.264506 0.295977 0.279987 0.302012 0.283895 0.302149 0.286827 0.302423 0.289553 0.302766 0.291456 0.302835 0.295828 0.303315 0.298502 0.303864 0.299531 0.303315 0.301588 0.303315 0.303028 0.302629
1 0.433914 0.324724 0.409510 0.322802 0.405451 0.320951 0.403689 0.319456 0.402354 0.318957 0.401927 0.317604 0.399150 0.313973 0.398509 0.312692 0.433006 0.324582
1 0.405612 0.322161 0.408602 0.323300 0.405078 0.323229 0.405451 0.322019
1 0.187001 0.289775 0.206927 0.298704 0.189070 0.298051 0.188526 0.296381 0.187546 0.294784 0.186893 0.291953 0.187219 0.289485
1 0.187437 0.288469 0.217217 0.287307 0.216999 0.288687 0.216673 0.291009 0.216836 0.292752 0.216890 0.297034 0.217435 0.297688 0.217598 0.299067 0.210956 0.299067 0.187818 0.288832
1 0.218850 0.279831 0.192663 0.278524 0.187056 0.275475 0.187274 0.273588 0.187491 0.271918 0.187655 0.270829 0.201374 0.272063 0.218360 0.279685
1 0.212045 0.267853 0.193752 0.267273 0.193752 0.267926 0.203770 0.272063 0.219449 0.272572 0.219721 0.271846 0.220375 0.271338 0.212099 0.267926
1 0.206002 0.272935 0.219395 0.273515 0.221191 0.274096 0.221736 0.274822 0.222062 0.275403 0.222280 0.276201 0.221627 0.277580 0.220919 0.278451 0.220211 0.279322 0.206328 0.273152
1 0.455935 0.321131 0.460955 0.322566 0.459879 0.323343 0.457728 0.323940 0.456786 0.324418 0.454232 0.324598 0.452618 0.324777 0.450646 0.324179 0.452170 0.322566 0.454725 0.322386 0.455935 0.321072
1 0.554557 0.329194 0.561425 0.331156 0.558972 0.331592 0.555783 0.331538 0.554312 0.331374 0.552104 0.330447 0.553780 0.330011 0.554475 0.329357
1 0.534198 0.329303 0.541148 0.331756 0.539758 0.332955 0.538082 0.333336 0.533994 0.333990 0.531786 0.332464 0.530805 0.330611 0.534239 0.329466
1 0.109170 0.265124 0.120870 0.272924 0.111172 0.273129 0.111018 0.270256 0.110017 0.266972 0.109555 0.265432
1 0.122640 0.272719 0.141036 0.271590 0.141729 0.269948 0.143730 0.268203 0.140189 0.266561 0.114250 0.266561 0.122948 0.272821
1 0.134145 0.261656 0.150283 0.261028 0.150912 0.263263 0.151174 0.264870 0.151384 0.265429 0.150493 0.265569 0.148816 0.265150 0.147663 0.265150 0.146773 0.265289 0.145934 0.265918 0.144362 0.266407 0.143838 0.266687 0.134564 0.261796
1 0.142753 0.249559 0.132588 0.249651 0.133309 0.251299 0.133481 0.251757 0.141482 0.255649 0.150445 0.253863 0.150239 0.252536 0.142959 0.249605
1 0.098809 0.246709 0.077699 0.246939 0.072941 0.241056 0.086957 0.241056 0.098204 0.246593
0 0.189817 0.510586 0.189817 0.513292 0.187449 0.518703 0.185420 0.523212 0.184744 0.545759 0.186096 0.566953 0.187111 0.569659 0.189140 0.569208 0.192184 0.584540 0.193537 0.593108 0.196242 0.597617 0.199286 0.599872 0.202330 0.599872 0.207065 0.598519 0.210109 0.598068 0.222622 0.613851 0.268956 0.682393 0.277411 0.695922 0.281470 0.716665 0.288910 0.737859 0.294321 0.746878 0.306497 0.748681 0.312584 0.745525 0.317319 0.739663 0.349449 0.761758 0.363991 0.764915 0.371770 0.762660 0.393077 0.756798 0.414384 0.744172 0.431294 0.732898 0.447189 0.719821 0.458012 0.699980 0.462747 0.683295 0.463423 0.661199 0.460041 0.653082 0.460379 0.636398 0.459365 0.629634 0.451248 0.617909 0.437043 0.601676 0.425883 0.585442 0.409649 0.561993 0.399503 0.548014 0.376505 0.525016 0.344376 0.499764 0.334906 0.491647 0.328142 0.491196 0.303453 0.491647 0.290263 0.492999 0.280117 0.489843 0.267942 0.488039 0.255090 0.488039 0.237503 0.489392 0.223975 0.492098 0.209432 0.498862 0.200639 0.503822 0.190155 0.510586
0 0.510382 0.438841 0.508241 0.443326 0.507018 0.444753 0.506559 0.446588 0.505642 0.450664 0.504572 0.458003 0.504113 0.461876 0.505642 0.465342 0.507630 0.466769 0.508853 0.469826 0.510076 0.470642 0.513592 0.479611 0.515733 0.480834 0.518790 0.482873 0.522001 0.483484 0.525211 0.481853 0.527505 0.479407 0.529645 0.478388 0.599973 0.514265 0.603795 0.517119 0.603795 0.524050 0.606853 0.527312 0.612357 0.533223 0.617555 0.534650 0.621683 0.533427 0.624588 0.532815 0.627493 0.530981 0.630092 0.528535 0.638653 0.532204 0.645992 0.533019 0.654553 0.536077 0.657917 0.537504 0.663268 0.536077 0.667396 0.533835 0.673970 0.529758 0.678404 0.526904 0.680850 0.524662 0.682073 0.520788 0.685131 0.511208 0.686354 0.505092 0.685742 0.502646 0.684213 0.501219 0.684978 0.494900 0.685742 0.485726 0.685895 0.483892 0.685742 0.483280 0.684978 0.482057 0.676875 0.476757 0.671371 0.472680 0.663115 0.463303 0.656082 0.455965 0.649967 0.450257 0.642934 0.445364 0.628869 0.437618 0.615567 0.432114 0.600585 0.427833 0.594010 0.427630 0.583003 0.429057 0.574594 0.430891 0.566338 0.432726 0.553648 0.430687 0.546921 0.430280 0.539124 0.429872 0.533773 0.429464 0.526129 0.430280 0.519096 0.432726 0.514662 0.434764 0.512981 0.435987 0.510840 0.438434
0 0.782748 0.498385 0.774720 0.498385 0.768846 0.498907 0.762776 0.500734 0.758860 0.503345 0.756902 0.505434 0.756314 0.509089 0.755140 0.514049 0.753182 0.516137 0.751224 0.520053 0.750049 0.527886 0.748874 0.531541 0.748678 0.537023 0.751419 0.542244 0.754552 0.546160 0.757293 0.550338 0.760426 0.551904 0.763168 0.553470 0.764930 0.554515 0.767671 0.565218 0.770021 0.570179 0.774916 0.574356 0.778636 0.575661 0.784706 0.575922 0.791755 0.572006 0.795866 0.570440 0.798020 0.570701 0.893572 0.616649 0.895530 0.622654 0.900816 0.635968 0.906103 0.641451 0.910215 0.642495 0.920984 0.644584 0.929012 0.641451 0.934886 0.637013 0.936257 0.634402 0.957207 0.638318 0.960732 0.638840 0.963277 0.637535 0.968564 0.631530 0.970913 0.624481 0.971892 0.617432 0.971109 0.610645 0.973459 0.604379 0.975809 0.594458 0.977375 0.592631 0.977375 0.587148 0.978158 0.584015 0.975613 0.576706 0.971892 0.568873 0.965235 0.556864 0.965823 0.551643 0.962494 0.547466 0.957012 0.541983 0.947613 0.535979 0.940564 0.531279 0.934299 0.526580 0.917264 0.519270 0.899250 0.510916 0.879474 0.504128 0.866747 0.500473 0.859894 0.500212 0.854215 0.499690 0.837964 0.501518 0.825433 0.503606 0.817405 0.504389 0.812118 0.503867 0.803503 0.502562 0.793517 0.500212 0.782552 0.498646
0 0.827103 0.479863 0.823914 0.481409 0.822465 0.482955 0.821160 0.486240 0.819711 0.489526 0.818551 0.492618 0.817391 0.494744 0.817102 0.497063 0.817102 0.499189 0.817826 0.501121 0.818406 0.502667 0.818696 0.503827 0.824204 0.504020 0.834785 0.501894 0.840438 0.501315 0.849279 0.500155 0.853773 0.499575 0.866528 0.500348 0.870151 0.501508 0.898415 0.510398 0.908272 0.515036 0.934217 0.526245 0.941029 0.531270 0.954799 0.540160 0.956828 0.541706 0.966249 0.550982 0.965525 0.557166 0.969438 0.563737 0.971177 0.566829 0.979004 0.568569 0.980309 0.569149 0.984222 0.567216 0.987121 0.563158 0.987411 0.561998 0.985527 0.560645 0.988281 0.554654 0.989440 0.549823 0.990310 0.545764 0.989875 0.542286 0.989151 0.537454 0.987556 0.535135 0.984947 0.532429 0.984222 0.531270 0.978135 0.528757 0.969148 0.524892 0.963350 0.522766 0.955523 0.512717 0.950161 0.504987 0.947696 0.501508 0.935956 0.495324 0.913490 0.486820 0.901169 0.483341 0.893777 0.481022 0.890443 0.481795 0.885081 0.483921 0.877254 0.486240 0.868267 0.488366 0.859570 0.486240 0.851453 0.483921 0.841452 0.481602 0.832901 0.479863 0.828842 0.479476 0.827248 0.479670
0 0.955677 0.512062 0.956527 0.511211 0.956527 0.509086 0.956527 0.507385 0.955464 0.505117 0.948661 0.499165 0.937819 0.492220 0.924533 0.484284 0.918049 0.481166 0.907313 0.468836 0.902955 0.463451 0.897216 0.458632 0.891901 0.453955 0.880847 0.450979 0.867879 0.447294 0.854699 0.444035 0.844601 0.441625 0.840881 0.440491 0.839605 0.440775 0.838755 0.442192 0.839180 0.443326 0.838223 0.444460 0.832483 0.448428 0.830039 0.450554 0.828551 0.451971 0.826744 0.455939 0.826000 0.459199 0.823661 0.461041 0.822811 0.462459 0.822067 0.464301 0.821535 0.468694 0.821216 0.472663 0.822173 0.474930 0.823980 0.476773 0.826531 0.478898 0.827700 0.479465 0.844069 0.482016 0.856187 0.485276 0.863840 0.488110 0.868623 0.488536 0.884142 0.484001 0.893177 0.480883 0.902318 0.483575 0.915392 0.487402 0.921663 0.489953 0.937394 0.496047 0.947279 0.501149 0.951956 0.507101 0.955570 0.511920
0 0.848534 0.442192 0.851404 0.441200 0.856080 0.440491 0.864690 0.441767 0.880103 0.445168 0.885417 0.444885 0.894665 0.442192 0.903381 0.442050 0.914222 0.444035 0.927828 0.448286 0.932080 0.449703 0.944091 0.457498 0.948661 0.460900 0.956527 0.468694 0.961097 0.472237 0.964180 0.473371 0.966412 0.473655 0.968432 0.475355 0.969601 0.476631 0.969069 0.479607 0.968325 0.482867 0.967688 0.484567 0.966731 0.486977 0.967688 0.490803 0.967050 0.495055 0.966306 0.497889 0.966306 0.499307 0.964924 0.500299 0.962798 0.501007 0.960353 0.501574 0.950893 0.499874 0.948874 0.499023 0.940796 0.493779 0.929741 0.487544 0.923045 0.484142 0.918899 0.481308 0.909971 0.471954 0.901255 0.462600 0.895834 0.456931 0.891688 0.453388 0.878614 0.450129 0.864796 0.446586 0.853529 0.443751 0.848534 0.442476
0 0.949204 0.461118 0.949204 0.459503 0.947734 0.456850 0.944619 0.454543 0.937438 0.449929 0.931209 0.446929 0.928613 0.445084 0.920308 0.435509 0.914511 0.429511 0.910099 0.426165 0.904215 0.423166 0.893055 0.419821 0.882240 0.417629 0.875146 0.418090 0.872031 0.417744 0.863379 0.420628 0.860438 0.422243 0.857064 0.424204 0.855506 0.428703 0.854468 0.433087 0.852911 0.436432 0.853430 0.439431 0.856977 0.440354 0.860611 0.441046 0.878952 0.445430 0.883451 0.445199 0.886652 0.444853 0.890027 0.443930 0.897207 0.442200 0.904821 0.441623 0.919269 0.445776 0.926710 0.447852 0.934064 0.450851 0.941331 0.455581 0.949031 0.461234
0 0.897941 0.420785 0.907618 0.419753 0.915682 0.419581 0.928198 0.422763 0.935617 0.425000 0.942455 0.427322 0.945874 0.429301 0.948132 0.430247 0.951874 0.432053 0.953422 0.432655 0.953229 0.434548 0.952906 0.435236 0.956197 0.441773 0.957293 0.443751 0.957293 0.445386 0.956842 0.446848 0.956003 0.448568 0.955745 0.449343 0.955035 0.451493 0.954455 0.453815 0.955035 0.455536 0.955035 0.457686 0.954971 0.460095 0.953422 0.461729 0.951616 0.462331 0.950713 0.462073 0.949616 0.460955 0.948971 0.458976 0.948261 0.457428 0.947100 0.455708 0.935488 0.449343 0.931230 0.447106 0.928714 0.444784 0.922843 0.438332 0.914199 0.429215 0.910134 0.426462 0.904457 0.423623 0.898200 0.421129
0 0.923648 0.421124 0.920178 0.418503 0.914453 0.412951 0.910058 0.410561 0.904275 0.408788 0.900285 0.408017 0.895428 0.407477 0.890108 0.407092 0.885250 0.406937 0.880740 0.407246 0.878311 0.406629 0.877386 0.407400 0.876634 0.409713 0.876865 0.411487 0.876923 0.412874 0.875824 0.414494 0.873453 0.415959 0.872008 0.417732 0.874726 0.417886 0.881318 0.417423 0.888142 0.418811 0.897278 0.420662 0.903003 0.420199 0.912776 0.419428 0.916477 0.419582 0.923416 0.421279
0 0.620948 0.434476 0.622436 0.429232 0.623818 0.425406 0.626157 0.422004 0.632640 0.418603 0.635192 0.417186 0.644333 0.417611 0.656769 0.418461 0.668886 0.420445 0.671331 0.420587 0.679834 0.418461 0.685362 0.415627 0.693334 0.414635 0.706408 0.415627 0.715230 0.417753 0.722883 0.421863 0.737020 0.428099 0.743504 0.431358 0.756790 0.439295 0.761254 0.442271 0.763061 0.444255 0.763699 0.445247 0.763061 0.446806 0.768163 0.458711 0.769864 0.462679 0.770396 0.466647 0.769864 0.470474 0.769439 0.473025 0.770502 0.477702 0.770183 0.483654 0.769014 0.486347 0.766888 0.491165 0.763593 0.495559 0.759235 0.498535 0.755196 0.501370 0.752432 0.501511 0.746373 0.501511 0.738827 0.501228 0.733300 0.499527 0.730323 0.502503 0.724584 0.505338 0.719056 0.504629 0.712891 0.502220 0.709490 0.497826 0.708108 0.490457 0.707470 0.487622 0.672075 0.473167 0.665485 0.465939 0.655919 0.455309 0.647840 0.448648 0.637636 0.442696 0.624456 0.435893 0.621480 0.434193
0 0.695194 0.414543 0.696065 0.411271 0.697173 0.406416 0.709204 0.406416 0.718386 0.407472 0.727014 0.406733 0.736038 0.403989 0.744428 0.401773 0.752897 0.401034 0.762317 0.402723 0.769441 0.404095 0.779097 0.407050 0.789387 0.410532 0.799202 0.417076 0.798807 0.418342 0.801340 0.422986 0.804268 0.430690 0.804506 0.434384 0.803635 0.437023 0.802923 0.439661 0.801656 0.443144 0.802052 0.446204 0.802685 0.449582 0.801023 0.453803 0.799361 0.455914 0.797144 0.456758 0.791920 0.457180 0.785588 0.457814 0.782343 0.458447 0.778860 0.461824 0.773161 0.463829 0.770865 0.463302 0.769836 0.462880 0.763187 0.447471 0.763979 0.445677 0.761763 0.442405 0.752818 0.436600 0.742607 0.431007 0.730418 0.425202 0.720682 0.420453 0.715537 0.417920 0.707146 0.416126 0.701289 0.415387 0.696065 0.414754
0 0.755938 0.401336 0.765479 0.399177 0.771031 0.398560 0.775657 0.399408 0.783174 0.400950 0.790866 0.403340 0.802431 0.408275 0.806999 0.410665 0.811221 0.412747 0.814748 0.415137 0.813881 0.416448 0.818391 0.426163 0.820011 0.429632 0.819895 0.431483 0.819317 0.434182 0.818681 0.436032 0.817929 0.438576 0.817061 0.441198 0.816657 0.443126 0.817582 0.444822 0.817813 0.447289 0.817235 0.449525 0.815616 0.450836 0.813476 0.451761 0.811568 0.452301 0.805727 0.452378 0.803819 0.452455 0.801795 0.452147 0.803009 0.449988 0.801795 0.442894 0.804397 0.434336 0.804224 0.431175 0.799713 0.420303 0.798904 0.418375 0.799019 0.416679 0.792832 0.412978 0.789478 0.410280 0.781266 0.408044 0.776119 0.406039 0.768949 0.403803 0.759639 0.402107 0.756169 0.401490
0 0.817745 0.439302 0.820910 0.439673 0.828240 0.438488 0.831072 0.437303 0.832626 0.434712 0.833459 0.431085 0.833848 0.426717 0.832571 0.424347 0.830294 0.421904 0.824797 0.417980 0.818079 0.414501 0.814247 0.412798 0.811416 0.410281 0.806307 0.404432 0.804253 0.401249 0.801254 0.398287 0.796312 0.396214 0.789594 0.394141 0.783264 0.391772 0.780377 0.391624 0.774435 0.392290 0.766828 0.394289 0.765162 0.394215 0.762664 0.394141 0.759499 0.394437 0.757833 0.394808 0.756945 0.395844 0.756445 0.397177 0.756334 0.399250 0.756445 0.400656 0.760554 0.399990 0.765829 0.398805 0.771048 0.398435 0.778378 0.400064 0.784152 0.400952 0.792259 0.403914 0.800033 0.407245 0.806585 0.410281 0.811860 0.413168 0.814580 0.414945 0.814136 0.416352 0.818912 0.426865 0.819966 0.429974 0.819966 0.432639 0.819356 0.434268 0.818356 0.436489 0.817523 0.439154
0 0.831352 0.437683 0.833435 0.438424 0.835519 0.438115 0.837742 0.437127 0.839456 0.434719 0.845569 0.436510 0.849968 0.437312 0.853210 0.435398 0.854414 0.432249 0.855155 0.429285 0.856220 0.426939 0.856266 0.425704 0.854877 0.424654 0.854507 0.421073 0.854043 0.419282 0.852839 0.418603 0.847931 0.416627 0.846263 0.415886 0.841355 0.410823 0.836075 0.406563 0.832417 0.404710 0.826026 0.402055 0.816903 0.400017 0.808845 0.400203 0.804445 0.401067 0.806992 0.404834 0.810605 0.408909 0.814309 0.412614 0.819589 0.415207 0.824637 0.417677 0.828017 0.419900 0.832231 0.424346 0.833760 0.426939 0.833528 0.431632 0.831444 0.437004
0 0.849883 0.417113 0.851639 0.417869 0.852205 0.415678 0.851582 0.413412 0.850562 0.411599 0.845520 0.408275 0.840365 0.405329 0.835946 0.403063 0.834076 0.401024 0.832320 0.397851 0.828921 0.394603 0.825522 0.391581 0.816740 0.387729 0.808979 0.385161 0.803427 0.383423 0.796628 0.381913 0.790963 0.381308 0.790680 0.382517 0.788924 0.383650 0.786544 0.384934 0.784845 0.385841 0.783768 0.387351 0.783088 0.389391 0.782748 0.390902 0.782692 0.391279 0.786997 0.393092 0.794192 0.395660 0.800424 0.398002 0.802690 0.399588 0.804617 0.400873 0.810112 0.400042 0.816797 0.400419 0.823709 0.401250 0.831923 0.404574 0.835946 0.406613 0.840478 0.410164 0.843141 0.412656 0.846030 0.415300 0.849996 0.417415
0 0.854769 0.421961 0.857593 0.421475 0.860554 0.418438 0.861921 0.413275 0.861420 0.412061 0.861238 0.409267 0.861511 0.407019 0.861648 0.403861 0.860646 0.402768 0.858003 0.401249 0.853266 0.397909 0.849212 0.395358 0.846979 0.393353 0.844110 0.392138 0.838871 0.389891 0.831764 0.387219 0.827665 0.386672 0.822699 0.386733 0.820330 0.386854 0.817096 0.387705 0.820513 0.389223 0.824749 0.391167 0.828302 0.394204 0.832129 0.397423 0.835864 0.402768 0.841695 0.406048 0.846478 0.408902 0.850350 0.411757 0.851808 0.413336 0.852173 0.415948 0.851808 0.417649 0.853949 0.419410 0.854724 0.421597
0 0.832675 0.387219 0.837368 0.386308 0.841285 0.386308 0.846342 0.387462 0.850442 0.388980 0.853494 0.390438 0.859233 0.395175 0.862377 0.396451 0.863014 0.399245 0.862969 0.403193 0.864381 0.404711 0.863743 0.407930 0.865110 0.409996 0.864199 0.412000 0.862741 0.413761 0.861876 0.414976 0.861420 0.411878 0.861283 0.409085 0.861830 0.406230 0.861511 0.404286 0.861329 0.403314 0.860737 0.402707 0.854678 0.398759 0.849804 0.395479 0.847025 0.393778 0.843426 0.392138 0.839326 0.390195 0.835044 0.388433 0.832903 0.387462
0 0.865383 0.409510 0.865793 0.408477 0.865429 0.406655 0.866112 0.404286 0.866932 0.400399 0.866294 0.398577 0.864654 0.394021 0.864882 0.392442 0.858915 0.389891 0.859279 0.388919 0.853630 0.387462 0.847982 0.385336 0.844064 0.384668 0.838506 0.384060 0.836821 0.383939 0.834999 0.385032 0.832858 0.386004 0.831764 0.386490 0.831582 0.386915 0.833587 0.386793 0.835773 0.386550 0.839463 0.386429 0.843563 0.386854 0.847025 0.388008 0.850259 0.388616 0.853311 0.390134 0.858140 0.394143 0.859507 0.395479 0.862559 0.396451 0.863060 0.399184 0.863151 0.401249 0.863106 0.403193 0.864427 0.404408 0.863834 0.408234 0.865338 0.409631
0 0.799758 0.381256 0.800248 0.382837 0.802824 0.383327 0.803846 0.383818 0.806217 0.384417 0.806626 0.382509 0.809324 0.381583 0.810264 0.380275 0.811123 0.377113 0.810796 0.371335 0.809692 0.368882 0.809079 0.367029 0.809079 0.365939 0.807566 0.364631 0.802251 0.361742 0.797632 0.360542 0.793012 0.359452 0.788924 0.358744 0.787043 0.358853 0.783446 0.359888 0.780380 0.361415 0.778785 0.362123 0.775556 0.362232 0.772857 0.362396 0.771631 0.362505 0.769832 0.363213 0.768851 0.364358 0.767788 0.367738 0.768483 0.369972 0.769342 0.372425 0.770036 0.373788 0.772816 0.374660 0.774983 0.374333 0.776782 0.374442 0.778295 0.375314 0.780625 0.375805 0.781688 0.377767 0.783200 0.377931 0.784713 0.377495 0.785326 0.376186 0.787779 0.377658 0.789701 0.379566 0.791786 0.380711 0.792276 0.380493 0.794238 0.379621 0.796487 0.380547 0.799512 0.381801
0 0.137389 0.306359 0.136040 0.307358 0.135666 0.309555 0.134243 0.311353 0.133344 0.313150 0.132520 0.318244 0.132745 0.324935 0.133718 0.331926 0.134093 0.336920 0.135966 0.340915 0.137838 0.341714 0.142782 0.341514 0.143681 0.338618 0.150722 0.343611 0.151995 0.349903 0.153418 0.355196 0.154317 0.356894 0.156489 0.357693 0.160309 0.358093 0.161358 0.357294 0.162032 0.352899 0.163081 0.350303 0.184354 0.349704 0.198660 0.351301 0.200982 0.357094 0.204653 0.357294 0.207948 0.354597 0.208772 0.349204 0.208922 0.346508 0.208248 0.344211 0.208623 0.340316 0.208548 0.336520 0.208023 0.329130 0.206675 0.326733 0.204578 0.323537 0.205477 0.321140 0.204952 0.318543 0.202555 0.317345 0.200833 0.314848 0.198885 0.311053 0.195889 0.307857 0.194316 0.304162 0.191170 0.301765 0.187575 0.298269 0.182256 0.296372 0.175815 0.295773 0.167126 0.294974 0.160909 0.294874 0.154617 0.294874 0.150871 0.294974 0.147950 0.296172 0.145628 0.298269 0.143456 0.300766 0.142033 0.302564 0.138662 0.302764 0.138213 0.304362 0.137239 0.306259
0 0.315232 0.348029 0.317059 0.352358 0.319359 0.352899 0.321726 0.353350 0.323958 0.351185 0.324770 0.347578 0.329031 0.347488 0.330452 0.344782 0.331399 0.340092 0.330857 0.337748 0.330790 0.333509 0.330655 0.328819 0.329437 0.326113 0.327611 0.322055 0.325108 0.317004 0.322402 0.312766 0.320441 0.311323 0.314827 0.308166 0.306574 0.305821 0.298863 0.303837 0.291152 0.302935 0.284659 0.302755 0.279045 0.302935 0.275866 0.303476 0.271198 0.306272 0.267208 0.309338 0.266328 0.310150 0.263555 0.310781 0.262202 0.311954 0.261729 0.312675 0.257400 0.314028 0.254153 0.314930 0.252327 0.316644 0.252800 0.318447 0.252056 0.321153 0.251786 0.322957 0.251650 0.324580 0.252124 0.326564 0.253003 0.328999 0.253544 0.333418 0.254829 0.337387 0.256385 0.338830 0.257941 0.339191 0.261390 0.339191 0.263758 0.339010 0.263961 0.336485 0.283306 0.344061 0.284727 0.349472 0.286215 0.351636 0.291558 0.352178 0.293114 0.350554 0.294467 0.348209 0.295278 0.347668 0.315030 0.348209
0 0.351014 0.301131 0.350473 0.302214 0.350203 0.303566 0.347294 0.307986 0.345874 0.309789 0.345265 0.311593 0.345333 0.312495 0.345671 0.315020 0.345874 0.316824 0.345197 0.319890 0.344250 0.323047 0.344047 0.328819 0.345603 0.332517 0.346753 0.331975 0.347024 0.336485 0.347700 0.339732 0.349053 0.342257 0.350947 0.342888 0.353585 0.343249 0.354870 0.343249 0.355749 0.341986 0.356764 0.340183 0.357237 0.339461 0.360687 0.338649 0.362919 0.340453 0.370224 0.342708 0.376447 0.345143 0.379153 0.346586 0.380506 0.351636 0.381723 0.353801 0.384429 0.355244 0.386661 0.355244 0.388217 0.354793 0.389434 0.353079 0.390517 0.350915 0.394846 0.351276 0.401745 0.352628 0.405668 0.352358 0.407021 0.354522 0.408374 0.355244 0.409997 0.355244 0.410403 0.354522 0.410876 0.351817 0.410741 0.349111 0.410809 0.346586 0.411079 0.344061 0.412026 0.340453 0.413650 0.337928 0.415476 0.335493 0.416220 0.333960 0.416220 0.331615 0.415679 0.329991 0.413785 0.329180 0.410809 0.327827 0.405668 0.324941 0.404653 0.324580 0.404721 0.322055 0.404789 0.321424 0.403504 0.319530 0.401948 0.319169 0.398769 0.313758 0.396537 0.310962 0.391869 0.307264 0.388623 0.305460 0.381520 0.303115 0.376515 0.302033 0.372321 0.301582 0.365760 0.301402 0.358996 0.300951 0.356223 0.300861 0.351150 0.301131
0 0.410673 0.354432 0.411553 0.357048 0.411485 0.359393 0.411823 0.363361 0.412703 0.365525 0.414056 0.367329 0.416355 0.368411 0.417708 0.368231 0.420684 0.367600 0.422240 0.365165 0.448146 0.376889 0.449296 0.376889 0.451123 0.382661 0.454099 0.384104 0.455722 0.384735 0.458766 0.383473 0.460051 0.381939 0.465868 0.383382 0.473376 0.384735 0.479532 0.385186 0.489001 0.383833 0.490219 0.381849 0.490625 0.378061 0.491166 0.374273 0.490895 0.370035 0.489813 0.367239 0.487378 0.362729 0.483117 0.358491 0.480343 0.356236 0.478991 0.353981 0.478382 0.353079 0.477570 0.352719 0.475541 0.350644 0.471888 0.345143 0.468033 0.341896 0.463027 0.337297 0.460322 0.335583 0.451393 0.332246 0.444291 0.330532 0.440165 0.329901 0.433807 0.328548 0.424946 0.329270 0.422308 0.329270 0.418723 0.331254 0.416085 0.333238 0.414935 0.335583 0.412973 0.339100 0.411418 0.342978 0.410200 0.346676 0.411012 0.348931 0.411012 0.352538 0.411012 0.354613
0 0.462554 0.336575 0.466680 0.334952 0.471753 0.333689 0.478788 0.334320 0.485078 0.334681 0.492248 0.335583 0.495495 0.337657 0.501244 0.339732 0.505168 0.342257 0.507941 0.346315 0.511188 0.351366 0.512473 0.353891 0.514434 0.355965 0.519913 0.359753 0.525054 0.363361 0.526474 0.364894 0.529045 0.368231 0.530195 0.372560 0.530533 0.374815 0.530398 0.377159 0.530127 0.379144 0.529383 0.379775 0.529451 0.381218 0.529653 0.382841 0.529248 0.383743 0.528233 0.384645 0.525054 0.385367 0.520928 0.385367 0.512270 0.384465 0.506791 0.383653 0.503071 0.382661 0.500230 0.384916 0.497862 0.384645 0.495495 0.384194 0.493669 0.382751 0.492789 0.381308 0.491639 0.376979 0.491436 0.375266 0.491166 0.374364 0.490963 0.372109 0.490557 0.369854 0.489745 0.367149 0.488528 0.364894 0.487107 0.362279 0.484131 0.359302 0.479058 0.354071 0.478179 0.352628 0.475676 0.350825 0.473850 0.347127 0.468980 0.342978 0.462757 0.336575
0 0.510511 0.349833 0.511188 0.345864 0.510444 0.343700 0.510173 0.338649 0.507941 0.335854 0.504153 0.332968 0.500500 0.328819 0.495765 0.325121 0.489475 0.322055 0.482914 0.320341 0.476420 0.319710 0.471212 0.319620 0.465462 0.320792 0.459848 0.323498 0.456940 0.324851 0.452746 0.325392 0.450379 0.325662 0.448620 0.326745 0.447876 0.327917 0.447132 0.329360 0.446185 0.330352 0.452137 0.332517 0.457346 0.334320 0.460863 0.335403 0.462351 0.336846 0.467695 0.335042 0.472227 0.333689 0.479870 0.334501 0.488731 0.334952 0.491978 0.335403 0.494954 0.337206 0.497930 0.338559 0.500906 0.339551 0.504085 0.342167 0.506453 0.343339 0.510173 0.349472
0 0.494583 0.323885 0.499227 0.322087 0.506268 0.321488 0.512111 0.321788 0.519077 0.323685 0.527241 0.327680 0.529938 0.329677 0.531136 0.331475 0.533009 0.333672 0.535930 0.334671 0.536604 0.335670 0.535031 0.337467 0.533458 0.338866 0.532110 0.339864 0.530762 0.340064 0.527766 0.339765 0.523346 0.340064 0.520575 0.340064 0.518552 0.340663 0.518103 0.341462 0.516830 0.343759 0.515781 0.345657 0.514957 0.347355 0.514208 0.349951 0.514058 0.351450 0.514058 0.352648 0.513459 0.352548 0.511586 0.351849 0.510687 0.350451 0.510463 0.349053 0.510987 0.346456 0.510388 0.343460 0.510163 0.338666 0.507841 0.335670 0.505369 0.333772 0.501100 0.329877 0.498328 0.326881 0.494583 0.324085
0 0.512860 0.353946 0.514657 0.348354 0.516155 0.345357 0.517653 0.341662 0.518627 0.340663 0.523796 0.340064 0.531661 0.340663 0.533983 0.338666 0.536829 0.335770 0.540499 0.332074 0.545218 0.331475 0.552259 0.330476 0.563794 0.331875 0.570686 0.333772 0.575779 0.334871 0.581547 0.336668 0.585292 0.337467 0.586715 0.338167 0.587314 0.339964 0.591209 0.341263 0.591359 0.342960 0.590760 0.344159 0.592633 0.355045 0.592932 0.357142 0.594056 0.359639 0.594056 0.361437 0.593756 0.363934 0.593456 0.366730 0.592558 0.369327 0.591958 0.370525 0.591434 0.372523 0.590760 0.373721 0.589561 0.374620 0.588063 0.374920 0.587764 0.375818 0.586341 0.376218 0.585367 0.376218 0.585292 0.376517 0.587614 0.378016 0.588063 0.376917 0.588962 0.377316 0.589037 0.378715 0.588363 0.379214 0.587839 0.379913 0.587165 0.380013 0.586565 0.379614 0.585067 0.379014 0.583569 0.378315 0.582296 0.378115 0.581322 0.376817 0.581022 0.378215 0.580273 0.379314 0.579300 0.380113 0.578251 0.380612 0.576453 0.380612 0.574581 0.380313 0.572783 0.379813 0.571285 0.379014 0.570611 0.378215 0.570086 0.377416 0.569637 0.376118 0.569337 0.375619 0.568663 0.377017 0.568064 0.377017 0.566716 0.376917 0.566042 0.376717 0.565517 0.377916 0.564993 0.379014 0.564019 0.380213 0.563495 0.380412 0.561922 0.381012 0.559075 0.380612 0.558102 0.380213 0.555330 0.379114 0.553982 0.378016 0.553158 0.376118 0.552484 0.373621 0.552259 0.372223 0.546117 0.369826 0.538027 0.367030 0.529563 0.364233 0.526642 0.362635 0.526118 0.363534 0.524919 0.363434 0.523047 0.362535 0.521174 0.361137 0.518253 0.359040 0.515856 0.357841 0.514657 0.356343 0.513384 0.354246 0.514358 0.351350
0 0.591785 0.342981 0.594943 0.342546 0.601312 0.342836 0.608771 0.344796 0.615250 0.347409 0.621837 0.349442 0.626465 0.352200 0.629895 0.355177 0.632943 0.360185 0.633815 0.363307 0.633542 0.365775 0.633161 0.368243 0.633597 0.370566 0.633052 0.373905 0.632508 0.375720 0.631092 0.376808 0.629132 0.377171 0.626410 0.377462 0.623362 0.377462 0.622382 0.378042 0.620694 0.379567 0.619387 0.379785 0.617754 0.379276 0.615032 0.378551 0.615195 0.377679 0.613181 0.376954 0.611384 0.376591 0.610513 0.376881 0.608989 0.379131 0.607464 0.379494 0.604742 0.379494 0.602456 0.378841 0.601639 0.377970 0.600496 0.375720 0.600169 0.374195 0.597175 0.373469 0.595051 0.372453 0.592602 0.371945 0.591894 0.371437 0.592874 0.368170 0.593963 0.365267 0.594180 0.360113 0.592983 0.356846 0.591839 0.350313 0.590914 0.344651 0.591730 0.343344
0 0.616752 0.347526 0.615391 0.336637 0.604034 0.332456 0.597665 0.330931 0.592710 0.329988 0.588518 0.329262 0.583455 0.329552 0.580515 0.330133 0.577793 0.331585 0.575017 0.333182 0.573928 0.333908 0.577848 0.335359 0.582421 0.337102 0.586341 0.337973 0.587321 0.340005 0.590914 0.341021 0.591622 0.342618 0.597719 0.342836 0.601476 0.343127 0.607900 0.344215
0 0.626193 0.351547 0.634305 0.351910 0.638388 0.349877 0.644703 0.347192 0.651944 0.347409 0.658259 0.348498 0.664248 0.350240 0.668277 0.352200 0.671162 0.354305 0.677804 0.360403 0.679818 0.362290 0.681942 0.363670 0.682649 0.365847 0.682159 0.367952 0.682595 0.369622 0.682813 0.371509 0.682214 0.373687 0.681234 0.375720 0.680091 0.376881 0.676007 0.376808 0.673612 0.376373 0.672360 0.377099 0.670509 0.378333 0.668767 0.378260 0.667623 0.377462 0.666807 0.375429 0.666317 0.376954 0.664466 0.378623 0.662941 0.378768 0.660437 0.378333 0.659021 0.377679 0.657933 0.375865 0.657116 0.373977 0.637626 0.368170 0.633597 0.366791 0.633651 0.363524 0.632835 0.359822 0.630330 0.356265 0.628806 0.353943 0.626193 0.351910
0 0.592004 0.329194 0.595500 0.329250 0.598911 0.327173 0.602407 0.326499 0.607250 0.327173 0.610746 0.327734 0.616431 0.328745 0.621443 0.329924 0.623759 0.330823 0.625444 0.331777 0.626708 0.333181 0.627929 0.334810 0.629235 0.337337 0.629824 0.341099 0.629824 0.345030 0.629277 0.346714 0.628982 0.348568 0.628350 0.349691 0.627634 0.350814 0.625570 0.350982 0.624138 0.350477 0.622243 0.349466 0.619506 0.348624 0.616895 0.347613 0.615252 0.336550 0.613104 0.335596 0.609314 0.334192 0.606618 0.333125 0.602070 0.331721 0.596974 0.330373 0.592088 0.329531
0 0.625907 0.331833 0.632899 0.332900 0.637742 0.334192 0.643259 0.335820 0.645786 0.336438 0.647471 0.339302 0.648145 0.341604 0.649155 0.343233 0.649492 0.345198 0.649492 0.346546 0.649408 0.346827 0.644775 0.346883 0.640227 0.348904 0.637531 0.350196 0.635004 0.350758 0.631930 0.350364 0.630498 0.349410 0.628729 0.348118 0.630119 0.344300 0.629782 0.340257 0.629150 0.337000 0.627676 0.334810 0.625907 0.331721
0 0.682811 0.373304 0.686194 0.373842 0.687356 0.376132 0.690133 0.377546 0.693163 0.377815 0.695234 0.376805 0.695688 0.374650 0.701850 0.373977 0.705890 0.374246 0.708667 0.372159 0.708112 0.369668 0.708213 0.365695 0.708112 0.364011 0.707304 0.362059 0.707405 0.360308 0.705233 0.356807 0.698112 0.353575 0.689022 0.350679 0.681952 0.349400 0.678518 0.349198 0.674125 0.350612 0.670993 0.351218 0.669226 0.352228 0.671347 0.353709 0.673418 0.356268 0.677862 0.360039 0.681649 0.363136 0.682760 0.366233 0.682154 0.367984 0.682760 0.370274 0.682558 0.372765
0 0.647612 0.339165 0.650541 0.337684 0.653672 0.336808 0.659732 0.337145 0.665034 0.338222 0.669781 0.340781 0.672761 0.342532 0.675185 0.345360 0.676801 0.347043 0.679528 0.348120 0.679579 0.349265 0.678165 0.348996 0.676549 0.349804 0.673822 0.350275 0.671246 0.350881 0.670185 0.351622 0.669377 0.352161 0.668721 0.351959 0.664479 0.350410 0.661196 0.349063 0.656803 0.347918 0.652359 0.347312 0.649531 0.347110 0.649228 0.343272 0.647561 0.339232
0 0.665236 0.338020 0.668973 0.337482 0.674933 0.338222 0.680336 0.339838 0.684679 0.341522 0.686194 0.342599 0.682356 0.343070 0.678569 0.342936 0.678215 0.343676 0.677508 0.344619 0.676801 0.345764 0.676145 0.345966 0.674630 0.345023 0.672610 0.342397 0.669478 0.340646 0.667408 0.339367 0.665539 0.338020
0 0.653116 0.336337 0.653470 0.335260 0.656702 0.333644 0.663115 0.333644 0.665236 0.333442 0.669428 0.331960 0.672155 0.331219 0.677912 0.331758 0.683164 0.332431 0.685437 0.333778 0.685740 0.335866 0.685033 0.339569 0.684780 0.340714 0.684477 0.340781 0.682205 0.340444 0.679276 0.339165 0.674882 0.337886 0.671448 0.337482 0.669024 0.337145 0.665893 0.337414 0.664580 0.337953 0.661550 0.337414 0.657611 0.336674 0.653470 0.336337
0 0.697001 0.352969 0.700941 0.352834 0.702961 0.352632 0.710889 0.353642 0.715889 0.358423 0.720535 0.362395 0.725787 0.365627 0.727201 0.368119 0.727050 0.372900 0.726696 0.375660 0.724575 0.377680 0.721343 0.377546 0.717959 0.376199 0.716545 0.375593 0.715889 0.376940 0.713515 0.377344 0.710536 0.376536 0.709526 0.375526 0.708314 0.373236 0.708566 0.372361 0.708566 0.370139 0.708162 0.368119 0.708465 0.365425 0.708213 0.363271 0.707102 0.360106 0.705587 0.357143 0.704880 0.356268 0.697102 0.353036
0 0.687558 0.349938 0.689780 0.344686 0.694779 0.343946 0.699830 0.345225 0.706950 0.347649 0.710182 0.350141 0.713263 0.352565 0.718111 0.356874 0.722706 0.359567 0.727858 0.362193 0.730534 0.364752 0.730686 0.367850 0.730231 0.370543 0.729272 0.371957 0.727302 0.372967 0.726999 0.367850 0.724727 0.364617 0.720737 0.361991 0.717303 0.358961 0.710788 0.353373 0.706546 0.352834 0.702708 0.352363 0.699224 0.352901 0.697708 0.352901 0.695941 0.352767 0.692911 0.351959 0.689931 0.351083 0.687608 0.349938
0 0.729221 0.371620 0.737352 0.373102 0.739069 0.371284 0.740079 0.368119 0.739422 0.364887 0.738867 0.363473 0.733211 0.360443 0.730029 0.359029 0.727252 0.355460 0.725383 0.353575 0.721545 0.348726 0.719525 0.347312 0.713818 0.345764 0.710132 0.344417 0.706193 0.343542 0.702153 0.343070 0.698163 0.342936 0.695840 0.342599 0.694830 0.343205 0.694577 0.343744 0.697456 0.344013 0.700688 0.345629 0.708011 0.348322 0.714273 0.353575 0.719272 0.357884 0.725282 0.360308 0.728009 0.361924 0.730029 0.364011 0.730938 0.365425 0.730736 0.369668 0.729625 0.371284
0 0.008702 0.243288 0.038504 0.246666 0.041400 0.249160 0.044235 0.253101 0.046467 0.257525 0.047915 0.260180 0.049785 0.261708 0.051294 0.264845 0.052259 0.268304 0.052681 0.274095 0.052379 0.278519 0.053224 0.281013 0.053164 0.282863 0.050208 0.284230 0.045985 0.283104 0.044778 0.281817 0.043572 0.280691 0.040977 0.279646 0.018777 0.276830 0.016907 0.277313 0.013950 0.281898 0.008400 0.279726 0.008581 0.276026 0.006711 0.275221 0.005746 0.273934 0.005022 0.269510 0.004720 0.267339 0.002729 0.260421 0.002186 0.255032 0.002729 0.251492 0.006168 0.247631 0.008823 0.243207
0 0.036513 0.230498 0.034100 0.234600 0.031989 0.237174 0.031506 0.241759 0.030782 0.243529 0.030903 0.244494 0.031023 0.245460 0.038021 0.246344 0.039228 0.246747 0.040435 0.248194 0.043330 0.251975 0.045140 0.255514 0.047312 0.260260 0.049966 0.261708 0.050449 0.262915 0.062153 0.263317 0.062937 0.259375 0.066255 0.258169 0.069271 0.255916 0.069030 0.249160 0.064626 0.244736 0.061549 0.238944 0.060282 0.236933 0.057326 0.234681 0.043330 0.232107 0.036815 0.230498
0 0.069161 0.249807 0.073909 0.248162 0.080753 0.248491 0.089818 0.248985 0.097834 0.249889 0.100732 0.252931 0.103137 0.256137 0.105480 0.261317 0.107083 0.263866 0.108501 0.264852 0.110413 0.269538 0.111153 0.275293 0.111338 0.279322 0.111769 0.288283 0.110906 0.291737 0.108378 0.291819 0.106035 0.291654 0.105356 0.287708 0.102890 0.287872 0.099930 0.286146 0.092407 0.285324 0.085193 0.284748 0.081000 0.284666 0.080014 0.287872 0.078472 0.289681 0.075882 0.289188 0.073847 0.288283 0.071936 0.285981 0.071504 0.282611 0.071073 0.280802 0.069099 0.280637 0.065400 0.282528 0.063858 0.280555 0.061577 0.275787 0.061453 0.269785 0.062872 0.267401 0.062255 0.262221 0.063365 0.259097 0.068976 0.255973 0.068914 0.249560
0 0.188496 0.298747 0.187756 0.295047 0.186769 0.289374 0.185413 0.283455 0.184426 0.281481 0.182330 0.280413 0.178445 0.272602 0.174437 0.269478 0.168024 0.267423 0.160008 0.266189 0.152362 0.265449 0.147738 0.265449 0.145086 0.267012 0.142928 0.269396 0.140955 0.271205 0.139599 0.272602 0.136762 0.272849 0.134172 0.273342 0.133494 0.274575 0.132939 0.278193 0.132322 0.280413 0.131521 0.283783 0.132261 0.287565 0.133124 0.292909 0.134111 0.297678 0.136824 0.299404 0.139167 0.299322 0.140030 0.296116 0.140338 0.294554 0.145148 0.297760 0.149588 0.295129 0.156247 0.295294 0.169196 0.294965 0.179555 0.295951 0.184056 0.296856 0.188188 0.298418
0 0.259655 0.309050 0.260417 0.311155 0.261832 0.311446 0.263084 0.310647 0.264119 0.310212 0.265371 0.308687 0.265807 0.307308 0.265752 0.305493 0.265970 0.301936 0.265807 0.300194 0.264010 0.296202 0.263792 0.293734 0.262050 0.292064 0.259110 0.288943 0.260961 0.288072 0.260471 0.286257 0.258457 0.285531 0.257477 0.286547 0.252795 0.280377 0.248657 0.276022 0.244520 0.274352 0.240055 0.273771 0.233141 0.273336 0.228568 0.273046 0.225791 0.273191 0.223723 0.273771 0.222960 0.276022 0.220728 0.279579 0.219149 0.280232 0.219313 0.282482 0.217353 0.286620 0.216808 0.291556 0.217353 0.297581 0.217897 0.299613 0.218659 0.301573 0.219585 0.302517 0.222416 0.302517 0.223233 0.300775 0.233032 0.304695 0.234448 0.308469 0.235918 0.309776 0.237279 0.309776 0.239184 0.309558 0.240436 0.307744 0.259600 0.309195
0 0.367807 0.301399 0.363452 0.298423 0.357028 0.289494 0.353761 0.288042 0.347228 0.286300 0.338844 0.285139 0.332529 0.283977 0.330841 0.284486 0.329534 0.286083 0.327574 0.288333 0.325887 0.290365 0.324907 0.291527 0.324526 0.295301 0.324036 0.298713 0.323763 0.300528 0.324580 0.301980 0.325397 0.303069 0.325996 0.306408 0.326921 0.308368 0.328935 0.309166 0.330732 0.309166 0.331603 0.308222 0.332420 0.306408 0.344833 0.312360 0.345922 0.309965 0.348535 0.306045 0.350114 0.303504 0.350767 0.301254 0.359859 0.300963 0.363942 0.301254 0.367862 0.301399
0 0.299700 0.295229 0.299155 0.297915 0.297413 0.298060 0.295236 0.296971 0.294691 0.293777 0.294419 0.292688 0.293112 0.291236 0.292296 0.288696 0.292568 0.285139 0.293657 0.282526 0.297631 0.280058 0.299155 0.278896 0.300408 0.275920 0.303729 0.272799 0.307485 0.271056 0.312766 0.270911 0.319789 0.271637 0.325941 0.273234 0.331930 0.274976 0.333454 0.275557 0.334216 0.277517 0.334870 0.281582 0.335033 0.283397 0.335033 0.283905 0.335033 0.284268 0.332801 0.283760 0.331549 0.283760 0.330351 0.284703 0.329153 0.286591 0.327193 0.288260 0.325560 0.290365 0.324798 0.291962 0.324145 0.297116 0.323872 0.300165 0.320279 0.299875 0.317557 0.299584 0.316631 0.300238 0.315270 0.301835 0.313256 0.301689 0.311732 0.301326 0.310861 0.299947 0.310207 0.298423 0.299754 0.295301
0 0.362091 0.283106 0.360077 0.281146 0.355776 0.275339 0.350495 0.274468 0.347010 0.274541 0.345976 0.275702 0.341784 0.275847 0.338300 0.275121 0.335523 0.274831 0.335305 0.275993 0.335251 0.278170 0.334652 0.279186 0.334924 0.281945 0.335196 0.283179 0.335632 0.284050 0.338735 0.284486 0.341947 0.286010 0.347337 0.286228 0.351584 0.287825 0.354033 0.288188 0.355231 0.287607 0.357409 0.286300 0.360131 0.284195 0.361982 0.282816
0 0.354441 0.288408 0.357858 0.285845 0.361650 0.282997 0.365014 0.282428 0.371102 0.283424 0.376442 0.284706 0.381622 0.284777 0.383811 0.285774 0.386481 0.287910 0.387335 0.289832 0.389365 0.293677 0.389792 0.296597 0.389899 0.298448 0.389899 0.300370 0.389899 0.303503 0.390005 0.305212 0.389685 0.305995 0.385039 0.304073 0.379646 0.302577 0.374679 0.301509 0.368966 0.301509 0.367791 0.301509 0.363999 0.299017 0.362985 0.297949 0.359887 0.293464 0.356950 0.289548 0.354868 0.288124
0 0.389365 0.305995 0.392302 0.307490 0.394598 0.309270 0.395559 0.307419 0.403356 0.307704 0.404050 0.310338 0.404797 0.311193 0.407094 0.311193 0.406827 0.308629 0.406613 0.305924 0.407147 0.303076 0.409390 0.301438 0.411152 0.300655 0.410351 0.296881 0.408802 0.296312 0.407094 0.295529 0.403142 0.290260 0.400579 0.288764 0.394331 0.287127 0.390433 0.286913 0.387335 0.286700 0.385306 0.286557 0.386855 0.288907 0.388724 0.292325 0.389204 0.294318 0.389845 0.297024 0.390112 0.301794 0.390112 0.303930 0.389685 0.305853
0 0.407202 0.311531 0.406748 0.306144 0.407000 0.303586 0.410687 0.301094 0.416797 0.300555 0.420838 0.297727 0.423211 0.295977 0.427504 0.295977 0.431493 0.296717 0.436897 0.297323 0.442704 0.299209 0.446543 0.301498 0.449118 0.304528 0.451542 0.307087 0.453714 0.308703 0.455178 0.310588 0.456087 0.314426 0.456239 0.318736 0.455431 0.321025 0.454875 0.321833 0.451189 0.322035 0.450027 0.324257 0.447704 0.325200 0.445533 0.323988 0.444977 0.321497 0.439169 0.321295 0.436089 0.321362 0.434271 0.322641 0.432251 0.322641 0.430938 0.322507 0.429877 0.321362 0.429120 0.319409 0.429019 0.319072 0.412858 0.313888 0.412252 0.315369 0.409323 0.315167 0.409020 0.312676 0.408667 0.311531 0.407404 0.311464
0 0.424171 0.295775 0.427100 0.294024 0.431897 0.292139 0.438260 0.292745 0.445533 0.294091 0.448007 0.295371 0.451239 0.298266 0.452906 0.299545 0.453360 0.301094 0.452603 0.306818 0.452047 0.307020 0.450078 0.305942 0.448209 0.303316 0.445785 0.301363 0.443209 0.299680 0.440533 0.298670 0.435887 0.297323 0.431089 0.296650 0.428009 0.296044 0.424575 0.295842
0 0.152010 0.265238 0.151328 0.264045 0.151328 0.259331 0.150987 0.256719 0.151115 0.253652 0.152436 0.251323 0.154736 0.247574 0.158655 0.247631 0.162361 0.248426 0.167686 0.249278 0.173650 0.250584 0.177569 0.253027 0.179102 0.256662 0.181701 0.259331 0.184044 0.262114 0.185747 0.264273 0.186685 0.266885 0.187111 0.269214 0.187111 0.271656 0.186727 0.273758 0.186216 0.275405 0.185492 0.277450 0.184171 0.277393 0.182851 0.276768 0.181999 0.274553 0.179997 0.275348 0.177995 0.272054 0.174629 0.269384 0.170242 0.268078 0.166962 0.267510 0.162787 0.266601 0.160103 0.266317 0.157036 0.265863 0.153671 0.265863 0.151626 0.265465
0 0.161765 0.248313 0.164065 0.243769 0.166152 0.241270 0.168964 0.240986 0.174161 0.242008 0.179954 0.242690 0.183064 0.243598 0.186173 0.246325 0.188474 0.249505 0.190944 0.253027 0.193160 0.256378 0.194054 0.258763 0.193117 0.260581 0.193245 0.262512 0.193117 0.268589 0.192393 0.269328 0.191200 0.269157 0.189709 0.268362 0.188729 0.266715 0.186983 0.266942 0.185790 0.264670 0.184299 0.262228 0.182851 0.260410 0.180593 0.258366 0.178847 0.256321 0.177611 0.252856 0.173650 0.250528 0.169305 0.249505 0.163767 0.248653 0.162148 0.248256
0 0.099759 0.251609 0.099972 0.246017 0.100541 0.243648 0.103349 0.243458 0.104735 0.241657 0.106156 0.240046 0.108573 0.237582 0.113585 0.237771 0.117779 0.238340 0.122862 0.239098 0.126061 0.240946 0.127731 0.242889 0.129793 0.245022 0.131677 0.248719 0.133312 0.253079 0.133490 0.256917 0.133952 0.260993 0.133454 0.263363 0.132317 0.263552 0.131002 0.263410 0.130220 0.262983 0.129757 0.260709 0.126736 0.260093 0.123324 0.260519 0.119379 0.259903 0.116251 0.259666 0.115647 0.259808 0.114545 0.259808 0.113905 0.260993 0.112554 0.260898 0.111133 0.260519 0.110137 0.259808 0.109249 0.258244 0.107436 0.256301 0.104912 0.254785 0.103526 0.255496 0.102638 0.254832 0.100967 0.253031 0.100150 0.251989 0.100043 0.251704
0 0.130184 0.245117 0.130468 0.243126 0.129189 0.240283 0.127234 0.237013 0.125386 0.234691 0.120907 0.233174 0.116571 0.232605 0.112945 0.232084 0.110955 0.232084 0.109640 0.234075 0.109178 0.236349 0.108609 0.237439 0.115256 0.238056 0.118917 0.238577 0.121760 0.239146 0.124639 0.240141 0.127198 0.242652 0.129935 0.245401
0 0.453991 0.309124 0.455436 0.303609 0.456880 0.300720 0.459244 0.297832 0.464364 0.298007 0.470995 0.299057 0.479464 0.301158 0.482747 0.304047 0.486620 0.308423 0.488524 0.310699 0.492594 0.313063 0.495943 0.315601 0.496205 0.319103 0.495680 0.322516 0.495286 0.323392 0.494761 0.324355 0.489640 0.322516 0.483732 0.320766 0.480777 0.320153 0.476182 0.320065 0.472833 0.320153 0.470273 0.320153 0.468763 0.319890 0.466137 0.319715 0.461082 0.317702 0.460951 0.319190 0.459769 0.320416 0.458193 0.320766 0.456092 0.319715 0.456355 0.316301 0.456158 0.313938 0.455042 0.310962 0.453795 0.308861
0 0.480449 0.301158 0.487539 0.302033 0.492201 0.303609 0.497518 0.306060 0.499685 0.309124 0.502311 0.313063 0.505725 0.315251 0.509532 0.318227 0.510714 0.321203 0.508416 0.321028 0.504149 0.321641 0.501523 0.321816 0.499225 0.322429 0.497321 0.322954 0.495943 0.323567 0.496008 0.320678 0.496074 0.317264 0.496008 0.315864 0.493448 0.314113 0.490362 0.311837 0.488130 0.310612 0.483797 0.305360 0.479858 0.300633
0 0.498963 0.307198 0.502311 0.306060 0.507563 0.305447 0.513800 0.306322 0.519905 0.308861 0.522269 0.311137 0.526077 0.316039 0.529884 0.319015 0.531985 0.320328 0.534611 0.322516 0.534349 0.326193 0.533889 0.328644 0.533626 0.329694 0.532116 0.330920 0.530147 0.329694 0.526208 0.327331 0.521284 0.324792 0.518395 0.323567 0.515638 0.322429 0.510780 0.321816 0.509664 0.318665 0.507235 0.316214 0.503886 0.314113 0.501917 0.312713 0.498897 0.306673
0 0.584898 0.329272 0.584898 0.326508 0.583517 0.324028 0.581497 0.321619 0.578255 0.319847 0.574057 0.315879 0.571931 0.313328 0.564969 0.311273 0.560930 0.310777 0.556199 0.310422 0.555881 0.311769 0.554127 0.312477 0.552373 0.312477 0.550832 0.314178 0.548972 0.316162 0.551097 0.318713 0.553648 0.321052 0.554818 0.323319 0.554924 0.326083 0.557688 0.326650 0.559229 0.328138 0.561567 0.328492 0.562099 0.327288 0.568423 0.329201 0.569858 0.331752 0.571293 0.332602 0.572728 0.332177 0.574588 0.330972 0.575917 0.331894 0.579052 0.331256 0.580434 0.330122 0.584845 0.329413
0 0.520645 0.309147 0.522930 0.305462 0.528351 0.305250 0.533931 0.306596 0.537651 0.307375 0.541478 0.308651 0.544348 0.310918 0.546686 0.313470 0.548706 0.316446 0.552532 0.320131 0.554499 0.323674 0.554818 0.326508 0.554765 0.328634 0.554074 0.329626 0.551310 0.330193 0.548918 0.331185 0.547430 0.330264 0.546846 0.329413 0.543657 0.328917 0.542966 0.330335 0.541903 0.330264 0.539299 0.329697 0.538555 0.328138 0.534410 0.326862 0.534516 0.322682 0.532231 0.320910 0.529839 0.318997 0.527607 0.317296 0.525800 0.316375 0.524896 0.314107 0.522824 0.311556 0.520857 0.309076
0 0.548493 0.315312 0.549184 0.311344 0.547483 0.304257 0.545039 0.302840 0.539193 0.301706 0.532390 0.300573 0.528510 0.299439 0.524896 0.300006 0.522930 0.301210 0.518997 0.303620 0.516606 0.303974 0.517934 0.307021 0.517828 0.308226 0.520273 0.309005 0.523036 0.304895 0.528191 0.305320 0.532284 0.306100 0.540096 0.307942 0.542222 0.309218 0.545092 0.311769 0.547483 0.314107 0.548600 0.315595
0 0.517781 0.307774 0.517867 0.307206 0.515737 0.302151 0.511605 0.300276 0.505939 0.298516 0.500912 0.297664 0.497334 0.297380 0.494438 0.297607 0.492776 0.298402 0.489837 0.300958 0.489070 0.301469 0.489283 0.302207 0.491583 0.303059 0.496269 0.305104 0.497845 0.306467 0.498740 0.307433 0.502446 0.305842 0.507345 0.305558 0.511647 0.306013 0.515353 0.306978 0.517781 0.308114
0 0.466578 0.298118 0.468367 0.295392 0.473479 0.295335 0.479613 0.296471 0.483021 0.297380 0.486131 0.298118 0.487537 0.299879 0.489070 0.302435 0.481573 0.301355 0.479613 0.301128 0.476376 0.300163 0.472329 0.299367 0.466621 0.298175
0 0.499549 0.297380 0.499379 0.296187 0.498527 0.293972 0.497292 0.291473 0.492989 0.290564 0.487792 0.288746 0.479315 0.287951 0.477057 0.288974 0.475098 0.290564 0.473650 0.290961 0.471264 0.291302 0.469092 0.291984 0.467515 0.292552 0.467303 0.292836 0.467175 0.294596 0.466664 0.296300 0.466877 0.296698 0.467175 0.297096 0.468623 0.295562 0.473479 0.295335 0.478463 0.296528 0.483319 0.297323 0.486131 0.298516 0.488218 0.300560 0.488815 0.301526 0.491711 0.299027 0.494012 0.298061 0.499166 0.297266
0 0.455841 0.288463 0.458690 0.287526 0.458885 0.283728 0.457480 0.280762 0.456505 0.277536 0.454007 0.276288 0.451315 0.275663 0.448193 0.274935 0.444681 0.274727 0.443744 0.274727 0.442300 0.275247 0.441130 0.276392 0.439373 0.277953 0.437305 0.277796 0.435705 0.278109 0.434847 0.278577 0.434300 0.279618 0.435900 0.279670 0.438905 0.280086 0.441949 0.280814 0.446554 0.281647 0.449481 0.282375 0.451549 0.283156 0.452837 0.284509 0.455646 0.287943
0 0.437110 0.280866 0.443588 0.281283 0.449402 0.282739 0.452563 0.284769 0.454398 0.286642 0.456154 0.289399 0.459119 0.291585 0.461617 0.294030 0.461578 0.296320 0.461500 0.297516 0.459549 0.297933 0.458573 0.298557 0.457871 0.299598 0.455607 0.299285 0.452212 0.298921 0.449949 0.297672 0.447959 0.295591 0.448778 0.292573 0.447881 0.291273 0.446788 0.289868 0.445539 0.288775 0.443510 0.287162 0.442183 0.286069 0.441247 0.284561 0.439217 0.283156 0.437500 0.280710
0 0.447994 0.295036 0.448340 0.291905 0.442722 0.287031 0.441259 0.284362 0.438180 0.282361 0.435871 0.280001 0.432792 0.279282 0.428521 0.278821 0.424672 0.278256 0.422786 0.278359 0.421478 0.279282 0.420747 0.279847 0.420593 0.281489 0.419938 0.282566 0.418745 0.282361 0.418784 0.286620 0.417629 0.288160 0.418245 0.291444 0.418207 0.292983 0.419130 0.294112 0.420477 0.295292 0.422517 0.295600 0.424441 0.294984 0.425827 0.293958 0.429098 0.293086 0.432369 0.291598 0.437757 0.292829 0.441413 0.293086 0.445762 0.294061 0.447917 0.295138
0 0.402596 0.275720 0.407012 0.275613 0.413757 0.276416 0.417892 0.277915 0.419176 0.279467 0.420100 0.280431 0.420381 0.282090 0.418895 0.282572 0.418895 0.286694 0.417490 0.288407 0.414800 0.286051 0.412311 0.284124 0.409180 0.279735 0.407494 0.278236 0.402877 0.275988
0 0.393121 0.270742 0.394486 0.269243 0.397658 0.269350 0.400428 0.266406 0.404483 0.266781 0.408297 0.267691 0.410906 0.268922 0.412311 0.270367 0.413355 0.271973 0.413797 0.273526 0.413275 0.276148 0.411428 0.276041 0.407213 0.275988 0.403961 0.276095 0.401793 0.275881 0.398983 0.274168 0.396373 0.272134 0.393483 0.270849
0 0.387180 0.286426 0.386899 0.283268 0.386618 0.277808 0.389348 0.274275 0.393001 0.273258 0.397457 0.274650 0.402034 0.275560 0.406932 0.277754 0.408457 0.279253 0.411990 0.283589 0.414198 0.285730 0.417330 0.288781 0.418173 0.291832 0.417932 0.294830 0.416808 0.296864 0.416125 0.298202 0.415162 0.298738 0.413837 0.298202 0.413355 0.296489 0.412793 0.295151 0.407855 0.294991 0.407012 0.295365 0.404362 0.292261 0.401793 0.289477 0.399063 0.288728 0.396694 0.287978 0.393603 0.287122 0.388545 0.287175 0.386738 0.286533
0 0.399505 0.274703 0.396735 0.272883 0.394366 0.271652 0.390873 0.270581 0.388183 0.270260 0.385012 0.269564 0.381519 0.268708 0.380234 0.269511 0.378669 0.271063 0.376822 0.272562 0.375698 0.274757 0.376501 0.276577 0.376180 0.280431 0.376902 0.281448 0.377504 0.284231 0.381077 0.284820 0.387300 0.286051 0.386457 0.278129 0.389307 0.274275 0.393282 0.273258 0.399505 0.274489
0 0.382414 0.268152 0.383322 0.265153 0.382803 0.263249 0.380813 0.258808 0.375536 0.258289 0.370734 0.257424 0.368268 0.258866 0.366019 0.259385 0.365889 0.265095 0.369523 0.265499 0.374671 0.266306 0.377439 0.267344 0.378867 0.268959 0.381073 0.268152 0.382760 0.267633
0 0.379386 0.270286 0.377872 0.268325 0.376141 0.267229 0.370431 0.266076 0.366235 0.265153 0.365456 0.266018 0.366019 0.269998 0.370604 0.271497 0.372551 0.274958 0.372940 0.279341 0.374238 0.280149 0.375536 0.280322 0.376358 0.279168 0.376358 0.276112 0.375363 0.274843 0.376401 0.272766 0.379472 0.269940
0 0.373070 0.283840 0.373113 0.281245 0.372681 0.278592 0.372378 0.274727 0.370258 0.271324 0.365759 0.270113 0.362082 0.269132 0.358016 0.268613 0.354166 0.269536 0.351830 0.270920 0.349797 0.272074 0.346033 0.272766 0.345168 0.275535 0.346379 0.275996 0.347158 0.274381 0.350792 0.274670 0.355896 0.275419 0.359876 0.281303 0.361650 0.282918 0.365456 0.282456 0.373243 0.284013
0 0.363942 0.266595 0.360482 0.264691 0.355853 0.263768 0.352349 0.263941 0.350878 0.264576 0.352868 0.269536 0.357540 0.268440 0.361390 0.269190 0.363337 0.269709 0.363769 0.266306
0 0.353258 0.270747 0.349234 0.272593 0.346423 0.272708 0.344606 0.273920 0.341967 0.273401 0.339545 0.272305 0.339804 0.270228 0.339199 0.268786 0.336906 0.266710 0.336127 0.265845 0.337511 0.262499 0.340366 0.260596 0.345860 0.261519 0.350878 0.264864 0.353387 0.270920
0 0.002815 0.228237 0.002598 0.225628 0.001511 0.221086 0.003178 0.218284 0.004047 0.215578 0.005062 0.211230 0.009845 0.210650 0.021006 0.212679 0.024122 0.214419 0.026949 0.218670 0.029920 0.222825 0.031297 0.226884 0.032457 0.234035 0.031804 0.236354 0.030355 0.236354 0.028833 0.235194 0.027673 0.231812 0.013324 0.230556 0.011947 0.231522 0.007671 0.232102 0.005642 0.230073 0.003395 0.228333
0 -0.000301 0.189585 0.002598 0.190358 0.005787 0.193547 0.007816 0.200407 0.006294 0.200891 0.005135 0.199828 0.004627 0.199248 0.002670 0.198475 0.000279 0.197798
0 0.021876 0.198571 0.021151 0.200697 0.020499 0.203596 0.021441 0.206495 0.024630 0.207365 0.034413 0.210457 0.034848 0.208234 0.034196 0.204659 0.031297 0.201954 0.028253 0.199924 0.023905 0.198571 0.022093 0.199345
0 0.074635 0.233261 0.073041 0.227850 0.072751 0.224855 0.075070 0.222825 0.076954 0.221569 0.078766 0.219154 0.083839 0.219927 0.088115 0.220410 0.092246 0.220893 0.094275 0.223212 0.095362 0.226111 0.097754 0.228043 0.098189 0.231426 0.097029 0.232778 0.095362 0.233841 0.094275 0.235097 0.094203 0.235774 0.091594 0.235774 0.087680 0.235194 0.085289 0.234711 0.083187 0.234904 0.082100 0.235001 0.081375 0.236257 0.079998 0.236354 0.079418 0.235387 0.077897 0.234808 0.074490 0.233551
0 0.095905 0.243772 0.095086 0.240359 0.094215 0.235171 0.097799 0.232578 0.099181 0.229369 0.101229 0.227185 0.106502 0.227458 0.113055 0.228345 0.116281 0.229711 0.117919 0.232646 0.115052 0.232373 0.111980 0.231895 0.110700 0.232646 0.109830 0.234898 0.109472 0.237083 0.108345 0.238038 0.106810 0.239950 0.104147 0.242680 0.103072 0.243568 0.100410 0.242202 0.097697 0.242339 0.097492 0.243977 0.096622 0.243772 0.095854 0.243568
0 0.122834 0.233465 0.120172 0.227594 0.118738 0.225683 0.115718 0.224181 0.111724 0.224181 0.108499 0.224113 0.107065 0.223704 0.105734 0.225001 0.104403 0.225615 0.103175 0.226912 0.105632 0.227458 0.109165 0.228004 0.112390 0.228004 0.115871 0.229642 0.117817 0.233192 0.122578 0.233465
0 0.146527 0.249501 0.145879 0.244483 0.146008 0.240561 0.148301 0.239062 0.149642 0.237908 0.152281 0.235428 0.153535 0.234736 0.158294 0.235197 0.163831 0.236639 0.165518 0.238312 0.166945 0.240965 0.165302 0.242349 0.164090 0.243734 0.163528 0.245810 0.162230 0.248117 0.160716 0.248232 0.157948 0.247425 0.155179 0.247021 0.154314 0.248348 0.153319 0.250078 0.152800 0.250886 0.151416 0.249905 0.148214 0.248982 0.147393 0.249963 0.146354 0.249213
0 0.164956 0.237331 0.166729 0.232429 0.171488 0.233178 0.174689 0.233178 0.177501 0.233582 0.180226 0.235428 0.181956 0.238485 0.183340 0.240157 0.184681 0.242638 0.184249 0.243964 0.182908 0.243618 0.179620 0.242753 0.176635 0.242638 0.172958 0.241888 0.169541 0.241196 0.168330 0.241080 0.167335 0.241253 0.166426 0.240215 0.165388 0.238542 0.164869 0.237562
0 0.233542 0.247040 0.230211 0.247559 0.226621 0.248021 0.224112 0.249463 0.221430 0.251020 0.221343 0.251828 0.222122 0.252635 0.222295 0.254135 0.222165 0.258057 0.222381 0.261344 0.222122 0.265843 0.220651 0.265324 0.218748 0.264344 0.217666 0.262959 0.216974 0.265036 0.215763 0.264459 0.214162 0.263075 0.213081 0.261979 0.211437 0.261402 0.210096 0.260998 0.209490 0.260364 0.209187 0.257019 0.210485 0.254308 0.212129 0.252808 0.216541 0.251597 0.218661 0.250674 0.222165 0.247675 0.227745 0.246117 0.233499 0.247329
0 0.226101 0.246406 0.215979 0.243695 0.210572 0.243983 0.207976 0.244791 0.207024 0.245771 0.206203 0.246694 0.205035 0.245079 0.204299 0.245195 0.204472 0.246579 0.204775 0.247617 0.203650 0.248944 0.202785 0.250443 0.202612 0.251828 0.202439 0.253616 0.202828 0.256730 0.203867 0.259095 0.205251 0.258691 0.206029 0.257711 0.206981 0.255980 0.209058 0.256788 0.210485 0.255057 0.211913 0.252577 0.216758 0.251828 0.219483 0.249924 0.221040 0.248251 0.223463 0.247329 0.226058 0.246406
0 0.271122 0.255155 0.269618 0.252890 0.269278 0.251790 0.268453 0.250561 0.267288 0.249461 0.265444 0.248685 0.263358 0.248232 0.259185 0.247779 0.255594 0.247391 0.254187 0.247714 0.252537 0.249267 0.248946 0.249526 0.259670 0.251984 0.263892 0.253473 0.267288 0.254443 0.270831 0.254767
0 0.335267 0.278931 0.335267 0.275091 0.337247 0.275091 0.335627 0.272211 0.334667 0.269571 0.332387 0.266930 0.326207 0.265330 0.321286 0.264930 0.319666 0.264530 0.318106 0.266370 0.316906 0.268531 0.314986 0.268931 0.314386 0.269571 0.315826 0.271171 0.319726 0.272051 0.322306 0.272291 0.326267 0.273331 0.331247 0.275011 0.333527 0.276291 0.334607 0.279011 0.335267 0.278531
0 0.336767 0.273811 0.338627 0.273491 0.339887 0.271571 0.339467 0.269971 0.338147 0.267971 0.336167 0.266290 0.334607 0.264530 0.332207 0.261330 0.329807 0.259730 0.324466 0.258450 0.322366 0.258530 0.319246 0.258370 0.317926 0.258690 0.315946 0.259970 0.316186 0.261330 0.317926 0.263090 0.318766 0.264210 0.319906 0.264210 0.324706 0.265410 0.328787 0.266770 0.332207 0.267090 0.334967 0.269651 0.335747 0.271731 0.336707 0.273651
0 0.315706 0.271411 0.311866 0.267410 0.309765 0.265330 0.302625 0.263650 0.299685 0.263410 0.295905 0.262770 0.294044 0.264450 0.292424 0.266130 0.290264 0.267410 0.289484 0.269251 0.289004 0.272051 0.289304 0.276371 0.289424 0.279251 0.290264 0.281651 0.291464 0.281571 0.292544 0.280211 0.293504 0.280531 0.295665 0.281251 0.299145 0.278531 0.300525 0.276051 0.302865 0.273731 0.305565 0.272131 0.306945 0.271411 0.312106 0.270851 0.315646 0.271811
0 0.363603 0.265055 0.363603 0.263625 0.364180 0.258824 0.362833 0.257138 0.360744 0.256221 0.357775 0.255195 0.354889 0.255195 0.352964 0.255452 0.351617 0.256698 0.350628 0.257028 0.349391 0.257174 0.348566 0.258164 0.348868 0.260070 0.348429 0.261829 0.349116 0.262233 0.349858 0.261793 0.353129 0.262013 0.354696 0.263149 0.356400 0.263662 0.357335 0.263295 0.360964 0.264248 0.363410 0.264468
0 0.345515 0.260180 0.345927 0.255085 0.344965 0.253729 0.343096 0.252483 0.340732 0.251603 0.338862 0.251237 0.337130 0.252006 0.335673 0.252813 0.334574 0.253326 0.332650 0.254206 0.332540 0.255122 0.332677 0.255928 0.333667 0.256735 0.335014 0.257688 0.336251 0.258897 0.338065 0.259667 0.339852 0.259850 0.341144 0.260620 0.342903 0.259887 0.343948 0.259740 0.345157 0.260033
0 0.104409 0.221931 0.104531 0.218075 0.103676 0.217260 0.101843 0.215631 0.100376 0.213947 0.097770 0.212644 0.093289 0.212101 0.092230 0.212807 0.091660 0.214328 0.091212 0.216554 0.091130 0.218509 0.092515 0.220247 0.093615 0.221171 0.095244 0.221551 0.097525 0.220899 0.101476 0.221551 0.103716 0.221605 0.104327 0.221768
0 0.113126 0.221171 0.113166 0.222963 0.114185 0.222691 0.114633 0.220899 0.114959 0.217641 0.114592 0.216337 0.113166 0.214762 0.112067 0.214165 0.111333 0.212698 0.109256 0.210906 0.106527 0.209874 0.104979 0.210635 0.104531 0.211992 0.104979 0.214436 0.105631 0.216283 0.105794 0.217532 0.105753 0.218890 0.105835 0.219704 0.106160 0.220736 0.107953 0.221714 0.111048 0.221116 0.112393 0.221659
0 0.093941 0.211992 0.095285 0.209440 0.099928 0.209929 0.101721 0.211666 0.102291 0.212372 0.103431 0.214599 0.104368 0.216174 0.104205 0.217641
0 0.152783 0.234830 0.151183 0.232697 0.148979 0.228527 0.145816 0.227247 0.141338 0.226584 0.138423 0.226821 0.137214 0.227295 0.135402 0.230565 0.134584 0.232982 0.134407 0.236915 0.135260 0.240043 0.135970 0.239759 0.136539 0.238052 0.139383 0.239095 0.140591 0.240517 0.143364 0.240943 0.146065 0.241275 0.147415 0.239948 0.149832 0.237910 0.152711 0.234830
0 0.182644 0.238806 0.185071 0.237713 0.187846 0.235737 0.191629 0.235905 0.194372 0.236704 0.197651 0.237797 0.199290 0.240151 0.200551 0.241959 0.203609 0.244565 0.204177 0.246625 0.204524 0.248054 0.202664 0.250114 0.202411 0.251249 0.201371 0.249904 0.199133 0.249904 0.195885 0.249567 0.192512 0.249189 0.191944 0.249904 0.190431 0.249357 0.189264 0.248600 0.186837 0.246709 0.184315 0.244355 0.184598 0.242589 0.182581 0.238890
0 0.203956 0.244691 0.205123 0.244775 0.206321 0.246541 0.208023 0.244691 0.208685 0.244018 0.208402 0.242379 0.207235 0.241118 0.205942 0.239983 0.203925 0.237629 0.202727 0.236031 0.200362 0.234602 0.197115 0.234056 0.193426 0.233593 0.191534 0.233425 0.190557 0.234182 0.189769 0.235107 0.189706 0.235569 0.192133 0.236284 0.195002 0.237209 0.197619 0.237797 0.198975 0.239016 0.201276 0.242505 0.203956 0.244691
0 0.202905 0.233015 0.201025 0.234766 0.202995 0.235641 0.204188 0.238068 0.205561 0.239182 0.207053 0.240933 0.208724 0.243002 0.208993 0.243678 0.211798 0.243917 0.213678 0.243798 0.214991 0.241729 0.216960 0.240654 0.216393 0.239381 0.214693 0.238227 0.213976 0.237471 0.213350 0.236596 0.211679 0.234885 0.210753 0.233930 0.207650 0.233294 0.204517 0.233174 0.202875 0.233134