0 0.000258 0.785687 0.048822 0.794937 0.098593 0.808612 0.133282 0.819471 0.159826 0.830732 0.171289 0.829928 0.183053 0.834754 0.196626 0.837972 0.202961 0.858081 0.213217 0.864918 0.219853 0.874571 0.224076 0.895484 0.225282 0.898702 0.224981 0.911170 0.232220 0.923638 0.235840 0.943345 0.237650 0.965063 0.230109 0.996434 0.228600 1.000858 -0.000345 1.000053
0 -0.000151 0.264460 0.016659 0.266664 0.019552 0.267583 0.026441 0.272911 0.011285 0.274380 0.009080 0.278422 0.008391 0.282831 0.011147 0.296059 -0.000289 0.294038
0 0.012249 0.274564 0.008943 0.279524 0.008805 0.283382 0.010596 0.291833 0.011698 0.297161 0.015005 0.298814 0.015694 0.298631 0.017761 0.303591 0.019001 0.305061 0.024788 0.306714 0.026717 0.305245 0.029473 0.302121 0.055928 0.305061 0.058683 0.308919 0.064195 0.308184 0.070258 0.307633 0.071911 0.305796 0.077422 0.305796 0.079765 0.308000 0.086241 0.307265 0.086930 0.305428 0.089272 0.303959 0.088997 0.300835 0.087894 0.294222 0.083623 0.289629 0.073013 0.285954 0.059235 0.277871 0.051381 0.274931 0.036913 0.272727 0.026166 0.273094 0.016521 0.273462
0 0.026993 0.272359 0.023410 0.269971 0.030575 0.269787 0.041047 0.270522 0.053723 0.271257 0.059097 0.272176 0.067088 0.273645 0.070258 0.283934 0.057443 0.276952 0.042976 0.273278 0.035949 0.272543
0 0.056203 0.271257 0.060199 0.270890 0.071222 0.270339 0.077836 0.271257 0.073151 0.272911 0.074391 0.274931 0.072875 0.278055 0.071635 0.279524 0.071360 0.282831 0.071635 0.284485 0.070120 0.284117 0.069706 0.282096 0.066400 0.273462
0 0.100019 0.271625 0.110767 0.270890 0.119861 0.271257 0.126337 0.271992 0.132537 0.274931 0.141355 0.281545 0.147418 0.283199 0.152378 0.285587 0.153618 0.291833 0.153618 0.296242 0.151138 0.298263 0.148520 0.300284 0.146040 0.300100 0.143698 0.297712 0.140253 0.298447 0.137360 0.300652 0.134328 0.301019 0.133226 0.300652 0.135293 0.298080 0.135706 0.295508 0.134604 0.289445 0.132950 0.285954 0.125648 0.283750 0.122065 0.282280 0.114349 0.276401 0.103051 0.273094
0 0.073013 0.273278 0.079076 0.270706 0.098917 0.271257 0.106082 0.273462 0.113660 0.276401 0.122616 0.282464 0.132537 0.285954 0.134191 0.289445 0.135155 0.295140 0.133777 0.300284 0.131986 0.302121 0.130057 0.303040 0.127301 0.302489 0.125648 0.301387 0.122065 0.300652 0.120412 0.301387 0.118758 0.303040 0.116003 0.303591 0.113936 0.303591 0.112145 0.302489 0.108287 0.300468 0.088997 0.299182 0.086654 0.292568 0.083623 0.290364 0.076182 0.287424 0.072049 0.284668 0.071635 0.279341 0.074529 0.274380
0 0.147969 0.283750 0.149071 0.280994 0.158028 0.278055 0.164504 0.274197 0.169051 0.271257 0.179385 0.270522 0.192336 0.270706 0.200879 0.273278 0.205151 0.280076 0.206528 0.286873 0.200604 0.287608 0.193301 0.288710 0.191648 0.290547 0.188616 0.294773 0.187238 0.296242 0.183105 0.293119 0.160508 0.292017 0.157339 0.294038 0.153756 0.293487 0.153205 0.291282 0.152516 0.285954
0 0.000124 0.340518 0.001915 0.338313 0.003018 0.335190 0.012938 0.332986 0.040909 0.332618 0.064057 0.332251 0.084450 0.335190 0.093681 0.341069 0.108700 0.351357 0.119861 0.353745 0.133088 0.358338 0.138186 0.363299 0.141493 0.370096 0.142182 0.376710 0.142733 0.382405 0.137497 0.385161 0.129230 0.388100 0.120963 0.390672 0.113247 0.392509 0.103189 0.393979 0.099606 0.398205 0.095335 0.398021 0.088721 0.397470 0.082383 0.390856 0.064195 0.390305 0.026166 0.385896 0.023961 0.389570 0.020792 0.390305 0.012387 0.390305 0.005498 0.386630 0.002880 0.382589 0.000813 0.380200 -0.000151 0.379833
0 0.002467 0.335190 0.002467 0.328944 0.008667 0.326556 0.016796 0.324718 0.030713 0.316084 0.039669 0.311123 0.049314 0.309470 0.068053 0.308735 0.082245 0.308368 0.099055 0.310940 0.103189 0.312593 0.105806 0.316451 0.113523 0.323616 0.114763 0.329311 0.116003 0.334455 0.117656 0.338864 0.118069 0.344192 0.113798 0.348785 0.110216 0.348418 0.108424 0.350622 0.105944 0.349520 0.084587 0.335925 0.063093 0.332618 0.037740 0.332802 0.013076 0.332802
0 0.084863 0.308000 0.095059 0.306531 0.113109 0.306163 0.120412 0.307265 0.134328 0.315900 0.144249 0.318288 0.147418 0.329311 0.145765 0.337211 0.142733 0.338130 0.139840 0.341436 0.134191 0.343825 0.130057 0.342355 0.127026 0.341069 0.120687 0.341620 0.119447 0.345662 0.117105 0.347499 0.117656 0.344376 0.117656 0.341069 0.115452 0.333169 0.113523 0.323432 0.105806 0.315716 0.103326 0.312777 0.098366 0.311123
0 0.131961 0.314112 0.133799 0.312711 0.142203 0.307809 0.152313 0.302382 0.160060 0.299056 0.172927 0.298355 0.182644 0.298180 0.189209 0.299581 0.198006 0.303607 0.200107 0.305183 0.202864 0.305358 0.203521 0.310960 0.193936 0.313411 0.187502 0.315862 0.181725 0.320064 0.177654 0.321640 0.172927 0.323215 0.165312 0.324966 0.159535 0.325666 0.154808 0.327942 0.152182 0.329343 0.146667 0.328817 0.143647 0.318663 0.136951 0.316913 0.133799 0.316037
0 0.153626 0.329868 0.151131 0.333369 0.150343 0.337221 0.150475 0.342823 0.152969 0.346324 0.157959 0.348075 0.159403 0.350176 0.161898 0.351927 0.164787 0.352277 0.167675 0.351402 0.169907 0.348775 0.212712 0.351752 0.214944 0.355603 0.217833 0.356654 0.222822 0.358054 0.226499 0.356829 0.228468 0.354378 0.229913 0.352977 0.241467 0.353852 0.244881 0.350526 0.251709 0.348951 0.257486 0.345274 0.259456 0.340372 0.257749 0.336696 0.254860 0.326366 0.245406 0.323740 0.234377 0.316738 0.222035 0.311486 0.213106 0.310260 0.204309 0.310960 0.192229 0.313761 0.184482 0.317963 0.176604 0.322690 0.165575 0.324966 0.158353 0.326366
0 0.187633 0.298880 0.187896 0.295554 0.193148 0.289252 0.204046 0.286976 0.209167 0.286976 0.224398 0.289427 0.225842 0.290827 0.235165 0.296955 0.240286 0.298355 0.230701 0.300281 0.223742 0.301507 0.221247 0.305008 0.217702 0.310435 0.209167 0.310960 0.203258 0.310610 0.202733 0.305008 0.199713 0.304658 0.192885 0.301156 0.187765 0.299056
0 0.225298 0.289441 0.232087 0.284686 0.238645 0.282384 0.249115 0.281924 0.262577 0.284532 0.267410 0.287600 0.270746 0.292356 0.270516 0.295424 0.271782 0.298032 0.268215 0.298493 0.259816 0.297112 0.249230 0.296652 0.241061 0.298339 0.235538 0.296498 0.227830 0.292356
0 0.259356 0.283765 0.264418 0.279930 0.273508 0.278856 0.288235 0.279163 0.296520 0.280237 0.300892 0.288061 0.293873 0.288061 0.287545 0.289595 0.282828 0.290822 0.281907 0.295271 0.278455 0.296498 0.273278 0.297419 0.271552 0.298339 0.270056 0.295118 0.270171 0.292049 0.267065 0.287294 0.262002 0.284379
0 0.217819 0.310766 0.223802 0.301407 0.237379 0.298953 0.242212 0.298799 0.257515 0.300180 0.261887 0.301868 0.277995 0.312760 0.286970 0.315368 0.291457 0.317669 0.293413 0.320584 0.294794 0.326567 0.294794 0.332550 0.288581 0.335618 0.285359 0.337766 0.279606 0.340221 0.273393 0.341141 0.265109 0.340374 0.263613 0.336232 0.257860 0.336079 0.254293 0.327334 0.245434 0.323039 0.234043 0.316288 0.221616 0.311993 0.217704 0.311072
0 0.242327 0.298646 0.249230 0.296652 0.262462 0.297572 0.272702 0.299873 0.278916 0.303402 0.286510 0.309538 0.292493 0.311533 0.299971 0.316288 0.302503 0.321965 0.302388 0.329482 0.297440 0.331323 0.294334 0.332397 0.295254 0.327948 0.292262 0.318436 0.287315 0.315828 0.277075 0.312453 0.265799 0.304783 0.258090 0.300027 0.245894 0.299106
0 0.271782 0.298799 0.279606 0.296805 0.292493 0.296345 0.302273 0.299106 0.312053 0.305856 0.322868 0.309999 0.327125 0.313680 0.327471 0.321811 0.324249 0.324573 0.318266 0.326260 0.313088 0.329328 0.305724 0.328561 0.304459 0.327334 0.302963 0.327334 0.302618 0.324112 0.301697 0.320431 0.299856 0.317055 0.288696 0.310305 0.285359 0.309385 0.276499 0.301714 0.271897 0.299260
0 0.281792 0.296345 0.283748 0.291589 0.289271 0.288828 0.299396 0.288367 0.305494 0.289595 0.317230 0.291743 0.327586 0.300487 0.336675 0.304015 0.337941 0.312146 0.337596 0.315675 0.333108 0.316902 0.328851 0.316902 0.327586 0.315215 0.325860 0.312453 0.321027 0.309692 0.313779 0.306623 0.306990 0.302788 0.300432 0.297726 0.291572 0.296038
0 0.312743 0.289902 0.319301 0.286373 0.327586 0.286220 0.336445 0.287140 0.342658 0.289288 0.347261 0.292970 0.350482 0.294197 0.355085 0.296498 0.358421 0.298339 0.360953 0.302175 0.360492 0.306163 0.360838 0.309385 0.355775 0.311072 0.351748 0.312760 0.348641 0.314141 0.344384 0.313527 0.343234 0.310766 0.338401 0.308925 0.337020 0.307697 0.336215 0.304015 0.327010 0.300947 0.321487 0.294657 0.317000 0.292510
0 0.357616 0.297112 0.366591 0.297726 0.366360 0.292049 0.362448 0.287447 0.356926 0.282845 0.348411 0.281004 0.340932 0.281311 0.335985 0.282845 0.332073 0.285606 0.338171 0.287447 0.343464 0.288674 0.345995 0.291896 0.351403 0.294811
0 0.999510 0.377851 0.989613 0.382343 0.983085 0.382062 0.978663 0.382905 0.975925 0.385993 0.973398 0.390485 0.972977 0.393855 0.975504 0.397786 0.975925 0.400312 0.980558 0.400312 0.983717 0.398347 0.993403 0.401716 0.998247 0.398628 1.000563 0.398628
0 1.000353 0.399189 0.996773 0.398909 0.986875 0.404524 0.977399 0.403963 0.970029 0.403401 0.967081 0.407051 0.964554 0.420528 0.967502 0.425301 0.971924 0.425863 0.975715 0.424178 1.000563 0.430917
0 0.999931 0.457871 0.979295 0.455625 0.960342 0.456186 0.939916 0.462363 0.934862 0.462925 0.931704 0.465171 0.930440 0.467979 0.921175 0.469383 0.903697 0.471909 0.891272 0.475279 0.885587 0.479771 0.879901 0.488194 0.878638 0.496056 0.876532 0.505041 0.878638 0.510937 0.883481 0.515429 0.890009 0.517675 0.902012 0.525537 0.910014 0.530310 0.916121 0.533118 0.919279 0.536487 0.924544 0.538733 0.926439 0.542103 0.930861 0.545753 0.937600 0.549964 0.947076 0.551930 0.955289 0.547718 0.961185 0.542383 0.999931 0.545472
0 0.879691 0.420528 0.876532 0.425301 0.873584 0.431759 0.872741 0.440182 0.874426 0.443271 0.880743 0.443271 0.881796 0.446078 0.884534 0.449448 0.888324 0.452536 0.893378 0.453378 0.900959 0.456748 0.906013 0.460679 0.911067 0.462644 0.920754 0.464329 0.925807 0.461802 0.940548 0.462925 0.947708 0.460679 0.960342 0.456467 0.976557 0.455625 0.996562 0.457029 0.994878 0.450571 0.990034 0.446640 0.983085 0.442148 0.968766 0.436251 0.962448 0.428109 0.954446 0.420809 0.945391 0.416317 0.932546 0.412947 0.919069 0.409859 0.907698 0.408455 0.893168 0.409859 0.886850 0.412386 0.881165 0.418282
0 0.745813 0.315787 0.747604 0.316889 0.749671 0.318726 0.752151 0.321298 0.751600 0.324238 0.750773 0.326258 0.748431 0.325156 0.747053 0.324972 0.744435 0.324789
0 0.787425 0.322952 0.785909 0.326626 0.785082 0.330116 0.785633 0.332505 0.788803 0.332321 0.790043 0.331035 0.792523 0.332688 0.795003 0.333423 0.798034 0.335260 0.799688 0.334526 0.802030 0.335260 0.803408 0.335260 0.804648 0.332505 0.804786 0.330116 0.801203 0.327544 0.800514 0.324605 0.794314 0.322952 0.789216 0.321298 0.787562 0.322952
0 0.783567 0.290618 0.781500 0.288413 0.779157 0.286025 0.773646 0.285290 0.770752 0.285290 0.768686 0.286943 0.767446 0.287127 0.766894 0.288597
0 0.819529 0.293006 0.812777 0.289883 0.806301 0.289148 0.804924 0.290434 0.804372 0.291352
0 0.795554 0.291904 0.797207 0.290434 0.803132 0.289883 0.803821 0.291904
0 0.946937 0.304652 0.944877 0.300760 0.929080 0.300303 0.924959 0.303508
0 0.896456 0.300989 0.894739 0.298700 0.889416 0.298013 0.885811 0.298013 0.883407 0.299845
0 0.862631 0.298013 0.860914 0.296868 0.858338 0.296182 0.854904 0.297555
0 0.917021 0.405591 0.920604 0.403019 0.931489 0.404856 0.934244 0.407060 0.938240 0.407611 0.941272 0.405407 0.943752 0.404488 0.948023 0.399712 0.949263 0.394568 0.949539 0.386300 0.944441 0.380605 0.944165 0.378584 0.936036 0.374543 0.926942 0.371603 0.912612 0.369766 0.906963 0.369215 0.900211 0.370501 0.895664 0.373073 0.892082 0.374175 0.888637 0.373257 0.884090 0.376196 0.881472 0.376931 0.879543 0.384831 0.880232 0.386117 0.886846 0.388505 0.892082 0.391628 0.899522 0.395854 0.905723 0.401181 0.912750 0.405407
0 0.834211 0.375829 0.834349 0.371971 0.832971 0.370317 0.835727 0.360948 0.838207 0.358192 0.842341 0.354885 0.852261 0.354885 0.862458 0.356722 0.870174 0.358559 0.876512 0.364989 0.878027 0.368113 0.882574 0.370868 0.884779 0.374359 0.884641 0.376012 0.881748 0.376564 0.880508 0.379870 0.879405 0.385566 0.874858 0.385566 0.866040 0.383545 0.858875 0.383545 0.856257 0.383545 0.852813 0.381156 0.840136 0.375645 0.838896 0.378401 0.836829 0.378033 0.833522 0.375645
0 0.914403 0.409265 0.913714 0.406325 0.902691 0.399161 0.889188 0.390159 0.878165 0.385933 0.864800 0.383177 0.856119 0.383728 0.848128 0.384831 0.837105 0.390159 0.843581 0.391628 0.850332 0.394384 0.860942 0.398977 0.864800 0.400814 0.869347 0.407060 0.872516 0.413858 0.873756 0.417348 0.873756 0.424330 0.872103 0.428371 0.876236 0.428004 0.880094 0.419553 0.886019 0.413123 0.894286 0.410000 0.907927 0.407979
0 0.753331 0.404121 0.751402 0.408714 0.749886 0.411286 0.748508 0.417348 0.748784 0.421758 0.750161 0.424697 0.757740 0.428739 0.761322 0.433515 0.772621 0.438659 0.775514 0.443069 0.780612 0.445641 0.788604 0.446743 0.790671 0.444538 0.793840 0.439945 0.839585 0.445824 0.841514 0.450233 0.846199 0.453357 0.850746 0.454275 0.854466 0.453724 0.858462 0.451152 0.860942 0.444538 0.867556 0.441048 0.869760 0.435720 0.871551 0.427453 0.873618 0.418083 0.869622 0.407611 0.864938 0.400079 0.851986 0.394751 0.842341 0.391445 0.830353 0.389240 0.814508 0.387954 0.801143 0.387954 0.791222 0.392363 0.780612 0.397691 0.773723 0.398793 0.765869 0.400079 0.756224 0.403202
0 0.689348 0.431251 0.689058 0.435503 0.686449 0.441107 0.681956 0.451157 0.683115 0.455602 0.681376 0.460626 0.680796 0.468550 0.681231 0.475894 0.682825 0.479179 0.686449 0.480919 0.689928 0.479952 0.692102 0.477633 0.712539 0.504303 0.712394 0.510681 0.712829 0.515899 0.713264 0.520343 0.714713 0.522663 0.717902 0.524209 0.722830 0.524595 0.725149 0.524788 0.728193 0.523629 0.729497 0.521310 0.740803 0.528267 0.756312 0.533292 0.767183 0.535418 0.776169 0.535611 0.783707 0.533485 0.789070 0.530393 0.791244 0.527108 0.794577 0.516478 0.794867 0.510294 0.793563 0.500051 0.793708 0.494447 0.789359 0.484591 0.782982 0.469323 0.786316 0.464685 0.786026 0.462172 0.783852 0.459853 0.780228 0.460433 0.779068 0.461206 0.766603 0.439368 0.762255 0.433570 0.756747 0.428739 0.748050 0.423521 0.742832 0.420429 0.729352 0.415984 0.719206 0.414244 0.710510 0.414051 0.703552 0.414631 0.700219 0.419076 0.696740 0.423327 0.694421 0.427193 0.688768 0.432024
0 0.696420 0.350296 0.703824 0.347938 0.709902 0.347349 0.719184 0.348086 0.725482 0.351474 0.733660 0.356042 0.739406 0.360167 0.745594 0.361788 0.747141 0.367239 0.747804 0.370628 0.746146 0.370923 0.734544 0.366208 0.731229 0.364882 0.724598 0.357663 0.718410 0.354421 0.710344 0.351327 0.697194 0.349854
0 0.677746 0.355747 0.684155 0.354716 0.695647 0.350296 0.702940 0.350296 0.710454 0.351180 0.723935 0.357221 0.731781 0.365766 0.739958 0.368565 0.748135 0.372101 0.751008 0.374459 0.752224 0.377258 0.752887 0.382562 0.748356 0.383152 0.742279 0.383888 0.733107 0.385362 0.729461 0.387424 0.702056 0.383004 0.699404 0.385214 0.692000 0.385362 0.688464 0.382415 0.684376 0.380058 0.682497 0.376964 0.674983 0.373575 0.672883 0.371217 0.673657 0.365471 0.675094 0.362230 0.677083 0.356042
0 0.748356 0.420575 0.746146 0.419396 0.745373 0.415271 0.735317 0.412177 0.729792 0.408936 0.724156 0.403484 0.725151 0.399948 0.726808 0.390076 0.729903 0.387277 0.732776 0.385362 0.748025 0.383446 0.752003 0.382857 0.762943 0.377995 0.771341 0.374312 0.779518 0.373280 0.796204 0.375048 0.809906 0.378732 0.819851 0.382268 0.827144 0.385656 0.827476 0.387130 0.827586 0.389045 0.814547 0.387866 0.801066 0.387866 0.792115 0.392287 0.779960 0.397443 0.763274 0.400685 0.753329 0.404368 0.749572 0.412177 0.748467 0.419249 0.748467 0.420722
0 0.827034 0.386098 0.827586 0.388750 0.831454 0.389340 0.836537 0.390813 0.839852 0.388456 0.839852 0.382562 0.835322 0.380205 0.830128 0.377553 0.825155 0.376080 0.818857 0.367681 0.811232 0.361346 0.798856 0.357810 0.786701 0.356042 0.779850 0.356189 0.775982 0.358105 0.768247 0.363114 0.764821 0.365177 0.763495 0.368565 0.761064 0.378437 0.769352 0.374901 0.778965 0.372985 0.783165 0.373722 0.793220 0.374754 0.805486 0.377258 0.819630 0.382120
0 0.799408 0.357221 0.798082 0.352358 0.783828 0.347644 0.770346 0.345581 0.762611 0.345728 0.758412 0.347496 0.747914 0.353095 0.740953 0.352506 0.736643 0.353390 0.733881 0.355010 0.739627 0.359873 0.745483 0.361346 0.747804 0.370628 0.748467 0.372396 0.751119 0.374901 0.752776 0.379468 0.755208 0.377553 0.756644 0.374312 0.762059 0.375932 0.764821 0.365177 0.780181 0.356189 0.788800 0.355894 0.794104 0.357221
0 0.760070 0.346023 0.749019 0.343813 0.742721 0.343960 0.736864 0.346170 0.731450 0.348822 0.723051 0.349559 0.728908 0.353095 0.733439 0.355158 0.736864 0.352948 0.743163 0.352358 0.748246 0.353537
0 0.736091 0.345876 0.732997 0.343813 0.729240 0.343224 0.723604 0.336446 0.718189 0.334236 0.711007 0.332615 0.706034 0.333794 0.700288 0.334825 0.698299 0.336593 0.697636 0.339393 0.698078 0.342929 0.698520 0.344844 0.702719 0.346612 0.704487 0.347054 0.712554 0.347496 0.719294 0.348380 0.723272 0.350001 0.730787 0.348970
0 0.704633 0.333375 0.702813 0.331159 0.695610 0.328415 0.688407 0.327571 0.684053 0.328204 0.686744 0.331054 0.689990 0.332848 0.694976 0.336119 0.698142 0.336753 0.699884 0.334431
0 0.703525 0.347518 0.696480 0.350262 0.691573 0.351739 0.685794 0.352583 0.679779 0.353428 0.672972 0.354694 0.669805 0.358916 0.663869 0.357860 0.661019 0.360815 0.657853 0.361976 0.653658 0.360710 0.649304 0.357333 0.647563 0.355011 0.641231 0.352478 0.640835 0.347729 0.642339 0.343191 0.643922 0.335486 0.650650 0.329682 0.657932 0.329048 0.664898 0.329365 0.675109 0.330631 0.683578 0.333375 0.690227 0.339813 0.692681 0.342874 0.701467 0.346462
0 0.656191 0.328415 0.662048 0.325460 0.669014 0.325249 0.678512 0.327676 0.685478 0.330315 0.690702 0.332953 0.695214 0.336225 0.697984 0.337069 0.697588 0.340658 0.697905 0.344351 0.692760 0.342874 0.688723 0.338547 0.683182 0.333586 0.675584 0.330842 0.664423 0.329470
0 0.684053 0.329576 0.682945 0.326515 0.674634 0.323349 0.661257 0.321344 0.655478 0.323349 0.645030 0.328204 0.638460 0.329154 0.633395 0.330420 0.629912 0.335064 0.629912 0.340235 0.633236 0.341924 0.634028 0.336753 0.635532 0.332848 0.644714 0.331792 0.647246 0.331792 0.651600 0.329470 0.656428 0.328521 0.661494 0.325566 0.669330 0.325354 0.678433 0.327676
0 0.661573 0.321344 0.661732 0.319972 0.657616 0.318283 0.650017 0.316489 0.641152 0.315645 0.637352 0.315750 0.629516 0.320394 0.624450 0.321027 0.618672 0.322083 0.615664 0.323982 0.614714 0.325143 0.613843 0.328943 0.613606 0.332320 0.617010 0.334009 0.620017 0.335697 0.621601 0.337808 0.624450 0.339074 0.627775 0.339497 0.629199 0.338863 0.629753 0.335381 0.633157 0.330315 0.645109 0.328204 0.654370 0.323455
0 0.572254 0.312427 0.570362 0.312427 0.568282 0.312931 0.567147 0.313772 0.566390 0.316126 0.565759 0.320330 0.566516 0.323608 0.567714 0.324617 0.568975 0.324365 0.574839 0.325878 0.575281 0.327476 0.576290 0.329073 0.578244 0.329578 0.579379 0.329073 0.580703 0.328232 0.590225 0.330166 0.592999 0.331595 0.594449 0.331932 0.595710 0.330166 0.597350 0.325458 0.597413 0.320498 0.596215 0.317807 0.594638 0.316799 0.592116 0.312174 0.589783 0.310409 0.584613 0.309316 0.578559 0.308896 0.575407 0.309400 0.573326 0.310829
0 0.547093 0.300061 0.539434 0.300547 0.537319 0.301520 0.536443 0.303951 0.536370 0.308231 0.540236 0.308522 0.545634 0.309106 0.553221 0.311051 0.555117 0.312996 0.555409 0.313969 0.559713 0.314747 0.561318 0.317568 0.563433 0.317957 0.565403 0.317859 0.566497 0.316401 0.567226 0.313677 0.571603 0.312316 0.573281 0.310857 0.575542 0.309106 0.577293 0.308522 0.577731 0.304340 0.574886 0.298407 0.570655 0.296948 0.563141 0.295392 0.556576 0.295003 0.553586 0.295489 0.550157 0.297726
0 0.489687 0.412566 0.486353 0.416044 0.478236 0.422035 0.472583 0.428799 0.468090 0.439235 0.467800 0.443100 0.465336 0.448512 0.462437 0.455083 0.461423 0.462813 0.463017 0.474602 0.464322 0.478853 0.469395 0.483685 0.473598 0.486004 0.476207 0.491029 0.479976 0.497020 0.483889 0.500692 0.489252 0.501658 0.495919 0.501078 0.500847 0.498373 0.505921 0.491995 0.585495 0.503204 0.590568 0.509968 0.594626 0.512674 0.608976 0.512867 0.612600 0.510161 0.615788 0.505330 0.626659 0.503784 0.633327 0.502045 0.635936 0.497600 0.636515 0.491609 0.637240 0.484458 0.637675 0.477694 0.634051 0.466098 0.628978 0.458561 0.617238 0.449671 0.603903 0.442714 0.590133 0.437689 0.575059 0.425707 0.557521 0.414885 0.536359 0.410246 0.512733 0.409473 0.496934 0.411986
0 0.467220 0.441941 0.464901 0.429186 0.465626 0.422422 0.468525 0.416431 0.468525 0.410633 0.469250 0.404835 0.470119 0.399810 0.473743 0.396912 0.488962 0.395945 0.505921 0.388795 0.514907 0.386862 0.527517 0.386669 0.548969 0.390727 0.559405 0.395172 0.577668 0.412566 0.587814 0.414885 0.603758 0.420876 0.612600 0.425321 0.616223 0.429766 0.620572 0.436336 0.622601 0.443874 0.622311 0.449671 0.620572 0.451990 0.615354 0.449092 0.601294 0.441168 0.590133 0.437689 0.567522 0.421455 0.555347 0.414885 0.536649 0.411019 0.513892 0.408700 0.501717 0.411019 0.489687 0.412759 0.484034 0.417204 0.476497 0.423581 0.470844 0.429572
0 0.483019 0.397105 0.482295 0.394786 0.477077 0.389568 0.477077 0.378745 0.483454 0.369662 0.485194 0.365217 0.502587 0.362705 0.512008 0.361545 0.526068 0.348404 0.527517 0.346857 0.535779 0.345311 0.538533 0.343959 0.547665 0.343765 0.563463 0.344732 0.583901 0.346857 0.586510 0.349756 0.594337 0.350723 0.596946 0.352848 0.597960 0.356134 0.596946 0.359226 0.595931 0.362318 0.597670 0.368502 0.601584 0.368502 0.603033 0.368696 0.604338 0.371015 0.605207 0.377199 0.605207 0.382224 0.604338 0.389954 0.602453 0.394206 0.601149 0.396332 0.598250 0.397685 0.598685 0.402323 0.596511 0.405222 0.594192 0.406381 0.590133 0.406188 0.586220 0.406768 0.584046 0.408700 0.581002 0.410053 0.579697 0.411406 0.578828 0.412952 0.574769 0.410246 0.561724 0.397878 0.558535 0.394786 0.545200 0.390341 0.526937 0.387055 0.516501 0.387055 0.507080 0.388795 0.495919 0.393433 0.487223 0.395945
0 0.512401 0.348740 0.497684 0.349267 0.486030 0.351506 0.481783 0.354403 0.479511 0.362436 0.479709 0.370206 0.480301 0.372049 0.482079 0.370996 0.484943 0.365333 0.512302 0.361646 0.527611 0.346897 0.538376 0.343604 0.557241 0.344394 0.566426 0.344658 0.555661 0.341366 0.538870 0.339917 0.526524 0.341234 0.516944 0.346501
0 0.495413 0.349135 0.494326 0.347423 0.493931 0.343868 0.495116 0.337283 0.495906 0.334913 0.501240 0.332674 0.512499 0.332674 0.520895 0.326616 0.528302 0.324114 0.539068 0.324378 0.549438 0.325694 0.558821 0.330830 0.564648 0.334649 0.566328 0.336493 0.567809 0.338468 0.568105 0.344263 0.565439 0.344394 0.554080 0.340575 0.537092 0.340049 0.526722 0.340970 0.511314 0.349267 0.498376 0.349530
0 0.499166 0.333332 0.499363 0.327538 0.505388 0.323456 0.512499 0.322007 0.526722 0.316740 0.530179 0.315686 0.530277 0.314896 0.524351 0.313316 0.525240 0.310418 0.531364 0.308706 0.540154 0.308970 0.549241 0.309892 0.554179 0.311340 0.555167 0.312921 0.554179 0.315686 0.550228 0.317530 0.549241 0.318320 0.555068 0.319110 0.557735 0.319637 0.559117 0.323324 0.560500 0.327670 0.561290 0.329909 0.560994 0.331752 0.549735 0.325694 0.535808 0.324114 0.527117 0.324378 0.520302 0.326880 0.512401 0.332674 0.501437 0.332542
0 0.499956 0.326880 0.499758 0.323719 0.500647 0.319768 0.501635 0.312789 0.504104 0.307785 0.508252 0.306336 0.518425 0.307126 0.526327 0.309628 0.523956 0.310945 0.524450 0.312921 0.529586 0.315554 0.524351 0.317530 0.512796 0.321875 0.504894 0.323456
0 0.499462 0.323456 0.496301 0.316213 0.497487 0.312657 0.498178 0.307916 0.503018 0.303307 0.511610 0.302649 0.522376 0.303571 0.528203 0.306863 0.529487 0.309102 0.525142 0.309233 0.518524 0.306995 0.508746 0.306468 0.503610 0.307653 0.501536 0.314369
0 0.495511 0.317398 0.494129 0.312789 0.496301 0.308575 0.497289 0.303571 0.500647 0.299093 0.506968 0.298830 0.519215 0.299620 0.525537 0.301990 0.532352 0.308311 0.529882 0.309233 0.528006 0.306599 0.521882 0.303702 0.510030 0.302385 0.503116 0.303176 0.499660 0.306468 0.498079 0.309760 0.497092 0.315554
0 0.525734 0.302912 0.526425 0.301595 0.523858 0.295537 0.514968 0.293430 0.506079 0.292640 0.501339 0.294352 0.496697 0.297513 0.494721 0.300147 0.495610 0.303439 0.497092 0.303966 0.499363 0.300673 0.500548 0.299357 0.509042 0.298961 0.519215 0.299883
0 0.160409 0.498732 0.129038 0.503558 0.109130 0.509591 0.095255 0.516428 0.076251 0.528091 0.064186 0.538950 0.053025 0.553831 0.049104 0.567908 0.048500 0.580778 0.052723 0.586409 0.058454 0.593246 0.067202 0.599681 0.075648 0.604507 0.079569 0.610942 0.087714 0.619388 0.094953 0.623410 0.104605 0.623410 0.113956 0.620997 0.118783 0.615768 0.126022 0.607725 0.258141 0.612953 0.262967 0.615366 0.268095 0.626627 0.277144 0.633062 0.289511 0.635878 0.300672 0.631454 0.308816 0.624214 0.311531 0.614562 0.324502 0.610138 0.344712 0.606920 0.357984 0.593648 0.370351 0.561071 0.372161 0.533722 0.366430 0.526885 0.366731 0.514819 0.364318 0.503558 0.345617 0.479829 0.341394 0.475807 0.332344 0.471785 0.309118 0.467361 0.278652 0.465752 0.243360 0.463339 0.223754 0.463741 0.211688 0.467763 0.193590 0.475807 0.177301 0.488275 0.164934 0.497123
0 0.274057 0.380565 0.262264 0.382250 0.255736 0.382250 0.245839 0.387304 0.243101 0.390954 0.244154 0.395727 0.237837 0.404992 0.231941 0.414539 0.231941 0.419312 0.232994 0.427454 0.232362 0.438124 0.231941 0.451881 0.232151 0.455251 0.235310 0.459743 0.241206 0.463112 0.258474 0.464516 0.286060 0.466482 0.302695 0.467324 0.313646 0.467324 0.334493 0.473220 0.340600 0.475466 0.373240 0.478836 0.378715 0.489786 0.385243 0.493436 0.395140 0.494278 0.402089 0.492032 0.406511 0.486416 0.408827 0.480520 0.418725 0.479116 0.429675 0.475747 0.433255 0.469851 0.433676 0.460866 0.434939 0.451039 0.434308 0.444020 0.434097 0.435316 0.431149 0.427735 0.417251 0.418189 0.398930 0.412573 0.387770 0.409766 0.371765 0.397973 0.361026 0.388988 0.335756 0.378881 0.312803 0.376634 0.291745 0.376634 0.276373 0.378319
0 0.359409 0.363926 0.339986 0.365279 0.334768 0.366052 0.331724 0.370110 0.329405 0.378807 0.337522 0.380160 0.360713 0.388856 0.366656 0.394654 0.413328 0.399099 0.417531 0.403351 0.422604 0.405283 0.427388 0.405670 0.432606 0.402578 0.434200 0.399292 0.444926 0.397360 0.450434 0.394847 0.455072 0.385378 0.456087 0.378807 0.453767 0.375521 0.454202 0.366245 0.448549 0.363153 0.438113 0.359674 0.425503 0.352717 0.415357 0.349045 0.402747 0.346919 0.389412 0.347306 0.381295 0.351171 0.372164 0.353297 0.358539 0.363153
0 0.351582 0.363926 0.354626 0.354649 0.358974 0.350398 0.378541 0.345373 0.392021 0.340155 0.404486 0.335517 0.418546 0.334551 0.432895 0.338029 0.442897 0.344407 0.456521 0.349238 0.456666 0.361993 0.455942 0.377068 0.454637 0.375715 0.453767 0.373202 0.454347 0.366245 0.440577 0.360641 0.434345 0.357355 0.417386 0.349431 0.398689 0.347692 0.389702 0.346726 0.377962 0.351557 0.370714 0.353297 0.361438 0.361220 0.358394 0.363346
0 0.404703 0.335630 0.405542 0.331378 0.405710 0.327126 0.410073 0.322987 0.420898 0.320749 0.429793 0.318623 0.434493 0.315714 0.446660 0.314148 0.465038 0.315155 0.476618 0.317952 0.477625 0.329700 0.477038 0.342903 0.469401 0.345700 0.467807 0.345476 0.466464 0.348609 0.463947 0.350399 0.460338 0.350511 0.456982 0.349504 0.455975 0.345700 0.449597 0.344133 0.440786 0.343462 0.436255 0.339658 0.430213 0.336972 0.419304 0.335406 0.412591 0.335182
0 0.410073 0.322315 0.412339 0.319182 0.419891 0.315938 0.430968 0.314595 0.436339 0.310455 0.446996 0.307099 0.460506 0.307994 0.470996 0.309560 0.473849 0.310567 0.475527 0.314595 0.476198 0.318176 0.466213 0.315378 0.453206 0.314819 0.444395 0.314595 0.435667 0.316050 0.428535 0.318623 0.421318 0.320078 0.412759 0.322203
0 0.476555 0.326712 0.481269 0.325326 0.488894 0.322553 0.489379 0.314604 0.489241 0.309243 0.481338 0.307302 0.473435 0.302773 0.465186 0.301387 0.458739 0.302219 0.454095 0.304160 0.450421 0.306470 0.457630 0.307487 0.462899 0.308134 0.469276 0.308966 0.472673 0.309428 0.475099 0.311369 0.476832 0.319226 0.477317 0.325696
1 0.894358 0.951752 0.923548 0.998685 0.306275 0.999829 0.332889 0.903675
1 0.029832 0.640397 -0.000216 0.669014 -0.000216 0.784628 0.039276 0.792641 0.106240 0.810956 0.159468 0.829271 0.174922 0.829271 0.198960 0.838428 0.203253 0.859033 0.216989 0.867045 0.222999 0.881926 0.324303 0.887650 0.367229 0.741130 0.326020 0.722815 0.307133 0.697631 0.305416 0.669014
1 0.377531 0.739985 0.405004 0.733117 0.432477 0.723959 0.445354 0.711368 0.455656 0.701066 0.462525 0.683895 0.759571 0.713657 0.885773 0.934582 0.336323 0.891084
1 0.359648 0.497635 0.364383 0.503497 0.367089 0.515221 0.366412 0.526946 0.372162 0.534161 0.371147 0.560315 0.419510 0.563923 0.437435 0.504399
1 0.442170 0.505301 0.425936 0.564374 0.695146 0.592783 0.658620 0.528299
1 0.410717 0.616682 0.419848 0.618486 0.433038 0.624348 0.443523 0.632465 0.454683 0.648699 0.459757 0.665384 0.460771 0.679814 0.758728 0.706419 0.698190 0.598194 0.424922 0.568432
1 0.380533 0.404066 0.464336 0.411115 0.461790 0.418947 0.451609 0.418164 0.440252 0.419208 0.432616 0.421558 0.428113 0.424690 0.415581 0.416858 0.387190 0.409548
1 0.434182 0.437483 0.439861 0.439310 0.447693 0.441660 0.455525 0.442965 0.450238 0.460718 0.434378 0.459413 0.434966 0.451842
1 0.459255 0.351540 0.480514 0.355366 0.479663 0.359618 0.459255 0.358059
1 0.923189 0.559456 0.998834 0.616334 1.000074 0.617657 1.000074 0.566731
1 0.894450 0.463132 0.909055 0.471399 0.929723 0.467909
1 0.888249 0.461295 0.906575 0.471583 0.891418 0.474706 0.883427 0.481504 0.806680 0.473053 0.772646 0.447700
1 0.809160 0.474890 0.854491 0.507591 0.877777 0.509612 0.876262 0.505387 0.879431 0.488301 0.882462 0.482973
1 0.700374 0.396745 0.718950 0.409229 0.730860 0.410328 0.723744 0.403936 0.724718 0.399641
1 0.684120 0.385559 0.699775 0.395646 0.725167 0.398942 0.726216 0.390653
1 0.648298 0.361008 0.659343 0.367330 0.669637 0.368179 0.668075 0.365865 0.668769 0.363861 0.669116 0.362936
1 0.048623 0.427626 0.000098 0.449840 0.000098 0.422450
1 0.000260 0.393335 -0.000063 0.420294 0.052020 0.425685 0.113323 0.403687
1 0.140089 0.366483 0.142078 0.370019 0.143073 0.382395 0.162521 0.384163 0.199539 0.371492
1 0.129592 0.351749 0.122188 0.354401 0.132133 0.357937 0.138653 0.363683 0.139868 0.364862 0.200644 0.370608 0.229375 0.359705
1 0.255429 0.350388 0.251128 0.349569 0.257272 0.346020 0.259217 0.341924 0.276521 0.343016
1 0.031601 0.315430 -0.000006 0.328168 -0.000095 0.312097
1 0.000440 0.304716 0.000083 0.311026 0.032494 0.314597 0.039637 0.310787 0.043923 0.309716
1 0.089519 0.302408 0.089744 0.304006 0.087946 0.305005 0.087047 0.306603 0.088171 0.307202 0.095811 0.305504 0.105174 0.305604 0.117009 0.306203 0.121877 0.307502 0.125323 0.306004
1 0.181545 0.297532 0.160781 0.298340 0.156715 0.298686 0.151351 0.298686 0.153427 0.296725 0.154638 0.294418