0 0.076989 0.293509 0.074406 0.296953 0.072562 0.298428 0.070440 0.303348 0.067489 0.310604 0.067396 0.312571 0.067765 0.314416 0.070809 0.315769 0.070901 0.317860 0.071455 0.322041 0.074130 0.324501 0.078465 0.324624 0.080310 0.322656 0.082339 0.322902 0.083722 0.325116 0.088057 0.327575 0.088888 0.326715 0.089994 0.328436 0.091101 0.330158 0.092024 0.331265 0.095344 0.332618 0.097373 0.332864 0.099495 0.332249 0.100602 0.330527 0.102170 0.328805 0.105767 0.332003 0.107612 0.332372 0.110194 0.330404 0.119787 0.334094 0.120341 0.336430 0.121632 0.338890 0.124307 0.339505 0.126520 0.339259 0.128734 0.336922 0.130856 0.334831 0.132147 0.333110 0.132331 0.329174 0.131778 0.324132 0.127258 0.320196 0.122831 0.317860 0.121263 0.314785 0.116928 0.308759 0.109272 0.303225 0.101432 0.300273 0.095713 0.296584 0.089257 0.294739 0.083353 0.293263 0.080771 0.293017 0.079479 0.293878 0.077081 0.293632
0 0.999925 0.713191 0.995420 0.712372 0.992758 0.712235 0.990505 0.713327 0.988867 0.714010 0.986102 0.715102 0.984771 0.717150 0.984055 0.719334 0.983133 0.722884 0.983031 0.726160 0.983543 0.729846 0.983645 0.732577 0.983952 0.734761 0.984157 0.737355 0.985181 0.740768 0.986410 0.742407 0.988969 0.744727 0.991017 0.745820 0.996034 0.749233 0.998594 0.748004 0.999925 0.746366
0 0.575066 0.502251 0.572344 0.504574 0.570221 0.506751 0.569241 0.507986 0.568478 0.508929 0.567499 0.511179 0.566464 0.513139 0.565430 0.515390 0.564776 0.518293 0.563905 0.520689 0.563089 0.524972 0.563361 0.526133 0.564014 0.527004 0.565212 0.527875 0.566029 0.527657 0.567117 0.530561 0.566519 0.532521 0.566246 0.535497 0.567390 0.536949 0.569785 0.538038 0.570983 0.537747 0.572453 0.535497 0.576536 0.538328 0.581817 0.540578 0.587207 0.542756 0.590854 0.543482 0.592651 0.546458 0.593250 0.547837 0.595264 0.547837 0.596299 0.546676 0.597605 0.543337 0.599674 0.534844 0.598749 0.532956 0.597442 0.529182 0.596680 0.526351 0.598422 0.526423 0.599238 0.526133 0.600001 0.524972 0.598749 0.523738 0.597115 0.523592 0.596026 0.523302 0.594829 0.515390 0.593304 0.512486 0.591780 0.510018 0.590038 0.507840 0.588078 0.507260 0.583722 0.505663 0.577897 0.503485 0.575937 0.502033 0.574576 0.502033
0 0.388742 0.385440 0.386943 0.387184 0.386003 0.388056 0.385267 0.388547 0.384818 0.389365 0.384777 0.390455 0.384327 0.391981 0.385022 0.392635 0.385921 0.391981 0.388252 0.393671 0.389723 0.394325 0.391113 0.394761 0.393035 0.395034 0.394752 0.395252 0.395242 0.395252 0.396019 0.393943 0.396264 0.391600 0.395774 0.389365 0.394302 0.387184 0.391931 0.385931 0.388742 0.385276
0 0.409796 0.390509 0.407752 0.391927 0.407343 0.393344 0.407262 0.395034 0.408856 0.396342 0.409755 0.396778 0.411799 0.397868 0.412862 0.397050 0.414252 0.397432 0.414252 0.398359 0.415561 0.398795 0.416174 0.397595 0.416460 0.394816 0.416174 0.392690 0.415479 0.391490 0.413108 0.391000 0.411636 0.390400 0.409674 0.390618
0 0.434969 0.400611 0.435973 0.400868 0.437286 0.404112 0.436938 0.406326 0.436629 0.407974 0.436282 0.409313 0.435471 0.409467 0.433656 0.409261 0.433772 0.407819 0.433501 0.405914 0.434853 0.400817
0 0.439796 0.402876 0.437633 0.405451 0.437324 0.407613 0.438251 0.408386 0.439333 0.408077 0.441688 0.409261 0.441804 0.410085 0.443079 0.410239 0.444662 0.410600 0.445203 0.409879 0.445512 0.408128 0.444816 0.406120 0.444005 0.404112 0.441148 0.403031 0.439951 0.402773
0 0.443349 0.403288 0.443194 0.401074 0.442924 0.399993 0.442152 0.399066 0.440723 0.398499 0.439217 0.399735 0.437827 0.400250 0.437556 0.401331 0.437672 0.402207 0.439178 0.402464 0.441186 0.402567 0.443040 0.403288
0 0.442770 0.398963 0.443388 0.399014 0.445589 0.399890 0.445936 0.401589 0.446052 0.403700 0.445975 0.404575 0.444778 0.404678 0.444083 0.404524 0.443503 0.403649 0.443194 0.402773 0.443619 0.401537 0.443156 0.399066
0 0.445975 0.400250 0.448253 0.400971 0.448640 0.402361 0.448601 0.403185 0.448292 0.403649 0.446940 0.403700 0.446593 0.403700 0.446245 0.403082 0.446129 0.400353
0 0.448640 0.401074 0.449064 0.400302 0.450532 0.400456 0.452154 0.401280 0.452656 0.402670 0.452386 0.404524 0.452038 0.404987 0.450764 0.404369 0.449644 0.403803 0.448871 0.403494 0.448756 0.401589
0 0.628228 0.524030 0.628228 0.525324 0.628922 0.525879 0.627258 0.526988 0.626080 0.527635 0.624901 0.530223 0.624347 0.533735 0.623653 0.537155 0.624069 0.539651 0.624139 0.540575 0.626911 0.541684 0.627674 0.540483 0.630100 0.542793 0.630655 0.545196 0.630655 0.547137 0.630932 0.548431 0.632942 0.549725 0.633982 0.549910 0.635438 0.548986 0.636131 0.547784 0.639528 0.548616 0.642578 0.550187 0.645282 0.551851 0.648748 0.552960 0.651104 0.554254 0.651590 0.554624 0.652144 0.556565 0.652768 0.558044 0.654432 0.558691 0.655888 0.558598 0.656997 0.555918 0.658245 0.554532 0.659007 0.553145 0.659562 0.550927 0.660324 0.548062 0.660532 0.543440 0.659839 0.540667 0.658730 0.538634 0.657343 0.533458 0.655957 0.530685 0.654016 0.527912 0.649302 0.525324 0.645143 0.523476 0.639320 0.521535 0.635923 0.521257 0.634051 0.522921 0.632180 0.523845 0.631279 0.524585 0.629060 0.523845 0.628367 0.523845
0 0.751988 0.574935 0.750116 0.578830 0.749441 0.581127 0.748917 0.584323 0.748767 0.587020 0.749142 0.589217 0.750565 0.591614 0.752962 0.592712 0.754535 0.592413 0.755284 0.590715 0.756557 0.591114 0.764647 0.595908 0.764422 0.598005 0.764872 0.601002 0.765621 0.602999 0.768242 0.604797 0.770789 0.605596 0.772212 0.604297 0.773935 0.602000 0.778504 0.604297 0.785995 0.607493 0.786369 0.610489 0.787118 0.611888 0.789216 0.613486 0.791313 0.612787 0.793710 0.610489 0.795208 0.608792 0.796556 0.607593 0.798429 0.598505 0.799402 0.593112 0.798579 0.590715 0.796556 0.585921 0.795507 0.583125 0.791238 0.579929 0.783673 0.576133 0.778954 0.573637 0.772287 0.571539 0.768842 0.570640 0.764123 0.571539 0.761501 0.573237 0.759554 0.573137 0.758730 0.572738 0.757231 0.573537 0.755658 0.573537 0.752737 0.574336 0.751763 0.575035
0 0.751838 0.561952 0.751014 0.563150 0.750190 0.565148 0.749441 0.567145 0.748992 0.569142 0.749217 0.571140 0.750340 0.572338 0.751089 0.573037 0.753861 0.573737 0.756033 0.573437 0.757906 0.572938 0.758655 0.572838 0.760827 0.573337 0.761801 0.572738 0.763449 0.571539 0.768617 0.570441 0.779103 0.573537 0.781950 0.575235 0.782324 0.572338 0.780302 0.568443 0.775958 0.565148 0.770789 0.562551 0.765696 0.559954 0.762699 0.559455 0.759703 0.559455 0.757456 0.560953 0.756408 0.560753 0.755359 0.560853 0.755509 0.561852 0.753861 0.561752 0.752063 0.561752
0 0.822622 0.609387 0.826379 0.609534 0.827705 0.610123 0.833562 0.608797 0.841186 0.609681 0.848259 0.613070 0.855994 0.616606 0.863066 0.621763 0.866160 0.626772 0.870138 0.633697 0.871796 0.633697 0.870249 0.636202 0.872017 0.638412 0.874337 0.640327 0.877100 0.643716 0.879310 0.646073 0.880636 0.650199 0.880746 0.652556 0.880083 0.655797 0.879420 0.657124 0.877431 0.658892 0.875332 0.659481 0.873453 0.659481 0.872459 0.660365 0.870138 0.660365 0.867044 0.659628 0.866160 0.658008 0.865386 0.655797 0.860524 0.653882 0.855994 0.651819 0.852016 0.649020 0.851021 0.650199 0.848038 0.650641 0.845607 0.649609 0.843286 0.647252 0.842292 0.644747 0.841850 0.642537 0.826600 0.631487 0.824390 0.632518 0.822733 0.632224 0.820854 0.630603 0.820191 0.629130 0.819860 0.625152 0.819418 0.622500 0.819197 0.620584
0 0.886603 0.627804 0.883951 0.627656 0.880636 0.627509 0.877652 0.627509 0.876658 0.628982 0.875111 0.630750 0.874337 0.632371 0.873674 0.634434 0.874227 0.636938 0.874669 0.637528 0.874890 0.639738 0.875774 0.641653 0.878205 0.643127 0.880636 0.643127 0.882072 0.641506 0.897985 0.650788 0.897764 0.653293 0.898537 0.654619 0.901300 0.657860 0.903289 0.657860 0.905720 0.657860 0.907709 0.656534 0.911466 0.658155 0.917101 0.660807 0.919422 0.662280 0.920085 0.664638 0.921964 0.665669 0.925500 0.667290 0.927157 0.666111 0.931798 0.666258 0.934008 0.664638 0.935113 0.660807 0.935445 0.655061 0.935003 0.651083 0.932019 0.647841 0.928704 0.643716 0.923290 0.637528 0.918317 0.634286 0.909477 0.630750 0.905388 0.628982 0.898979 0.626920 0.892791 0.625446 0.889365 0.627067 0.886492 0.627509
0 0.829142 0.585371 0.832457 0.585665 0.836987 0.587434 0.842402 0.589644 0.846712 0.591854 0.851132 0.594948 0.853231 0.597600 0.854778 0.601430 0.855994 0.602904 0.856878 0.604967 0.859530 0.607177 0.861961 0.610271 0.863950 0.612186 0.863839 0.614838 0.863397 0.617195 0.862403 0.619553 0.861298 0.620142 0.858756 0.618079 0.856215 0.616753 0.852458 0.615133 0.848038 0.613365 0.843397 0.610713 0.838866 0.608945 0.836656 0.608797 0.827595 0.603346 0.826490 0.604082 0.824059 0.602609
0 0.933787 0.665522 0.935776 0.667290 0.937765 0.670973 0.938649 0.673330 0.942185 0.675099 0.946385 0.675983 0.949258 0.673478 0.959424 0.676719 0.961523 0.681581 0.963623 0.683644 0.967048 0.683791 0.970474 0.682613 0.971800 0.681434 0.974010 0.679224 0.976220 0.673772 0.976994 0.668910 0.975889 0.663606 0.972684 0.656387 0.968264 0.652556 0.952462 0.644011 0.943069 0.640180 0.937102 0.638412 0.930251 0.637970 0.925389 0.639001 0.927157 0.642243 0.931577 0.647399 0.934671 0.651377 0.935887 0.656682 0.935334 0.661544 0.934008 0.665374
0 0.893012 0.625594 0.892680 0.623089 0.894007 0.618669 0.897543 0.616164 0.900526 0.615133 0.906825 0.615722 0.913234 0.618816 0.919643 0.621321 0.924505 0.623678 0.927378 0.626330 0.929809 0.629866 0.931135 0.634876 0.937986 0.638854 0.930030 0.637822 0.926605 0.638559 0.924947 0.638706 0.920417 0.635907 0.914118 0.632224 0.904615 0.628098 0.898758 0.626330 0.893343 0.625446
0 0.847485 0.592001 0.851021 0.590528 0.856988 0.592148 0.860745 0.593769 0.865607 0.596126 0.868591 0.598042 0.869917 0.599662 0.871354 0.600841 0.873564 0.604819 0.875111 0.606882 0.875553 0.610123 0.875553 0.611891 0.875000 0.614249 0.874006 0.615722 0.873232 0.616459 0.871796 0.617195 0.870028 0.617490 0.867928 0.617048 0.866933 0.616311 0.865828 0.613807 0.863729 0.612775 0.863508 0.611597 0.860414 0.608355 0.857320 0.605409 0.855441 0.602462 0.854226 0.600694 0.853342 0.597305 0.851242 0.594211 0.847706 0.591706
0 0.885166 0.600841 0.881188 0.602167 0.879973 0.604082 0.878868 0.607324 0.877984 0.608945 0.877873 0.611302 0.877652 0.615869 0.878205 0.617195 0.879862 0.617785 0.881962 0.618521 0.883951 0.616753 0.891354 0.622205 0.891796 0.623384 0.893122 0.621615 0.894117 0.618227 0.897543 0.615722 0.901410 0.614543 0.906383 0.615133 0.912129 0.617490 0.907819 0.611891 0.905167 0.609534 0.899090 0.606145 0.894670 0.603935 0.885166 0.600694
0 0.943327 0.634470 0.940476 0.637294 0.942919 0.638598 0.943327 0.640010 0.946748 0.641748 0.953347 0.644137 0.957665 0.646527 0.963041 0.649568 0.967766 0.652175 0.972003 0.655216 0.978194 0.657606 0.981045 0.660104 0.982186 0.662711 0.985363 0.662277 0.987318 0.661191 0.991147 0.661191 0.993021 0.658801 0.993672 0.654347 0.989925 0.650872 0.986340 0.646527 0.979497 0.640553 0.974121 0.637946 0.966463 0.635339 0.960597 0.634144 0.955791 0.634253 0.951473 0.634579 0.947156 0.634253 0.943734 0.634470
0 1.000027 0.641965 0.992206 0.637837 0.986096 0.636208 0.976239 0.633927 0.970129 0.634796 0.967603 0.635448 0.973958 0.638380 0.979497 0.640987 0.982919 0.643594 0.987155 0.647287 0.991228 0.653044 0.994161 0.654673 0.993509 0.657715 0.993509 0.659453 0.997583 0.662385 0.997094 0.663363 0.998886 0.665753 0.999701 0.665318 0.999864 0.664015
0 0.910689 0.611204 0.909196 0.611678 0.908841 0.612531 0.909196 0.613574 0.910049 0.614711 0.912679 0.618408 0.917442 0.620398 0.923058 0.622768 0.926470 0.625137 0.928248 0.627223 0.929385 0.629497 0.930025 0.631204 0.934148 0.630256 0.935996 0.631962 0.937560 0.634142 0.940261 0.635279 0.942749 0.634711 0.943318 0.631867 0.943887 0.629024 0.944740 0.624664 0.942465 0.618597 0.939053 0.616512 0.931731 0.613763 0.925120 0.611204 0.920712 0.610257 0.917727 0.611204 0.915167 0.611299 0.910689 0.611110
0 0.919291 0.610351 0.918011 0.609119 0.915452 0.604854 0.910262 0.602105 0.904789 0.599451 0.901661 0.599262 0.899813 0.600399 0.898888 0.601442 0.898391 0.601916 0.898960 0.603337 0.903438 0.604854 0.905571 0.606844 0.905997 0.609403 0.907135 0.611110 0.909054 0.612342 0.909907 0.611394 0.912182 0.611204 0.915807 0.611394 0.918651 0.610636
0 0.518419 0.448740 0.517424 0.450906 0.516533 0.452024 0.515904 0.452583 0.515223 0.454120 0.514542 0.455377 0.514280 0.457124 0.513861 0.459499 0.513913 0.460687 0.514909 0.461735 0.516009 0.461106 0.516376 0.460477 0.519310 0.461106 0.523083 0.462713 0.523869 0.464040 0.524288 0.465018 0.525336 0.465438 0.525912 0.463691 0.527327 0.461036 0.527903 0.458172 0.527012 0.456565 0.526698 0.453072 0.526855 0.451744 0.523921 0.449998 0.521039 0.449299 0.518472 0.448601
0 0.525598 0.441684 0.523869 0.443151 0.523135 0.445247 0.522768 0.447064 0.522663 0.448950 0.523502 0.449788 0.525860 0.451046 0.526750 0.452024 0.527274 0.452653 0.528742 0.453351 0.529632 0.454190 0.530156 0.455098 0.531152 0.455377 0.531466 0.454050 0.531885 0.451185 0.532357 0.449788 0.532200 0.447832 0.532619 0.445037 0.531833 0.443710 0.528060 0.442243 0.525703 0.441405
0 0.531833 0.443920 0.533038 0.441824 0.535291 0.442383 0.537806 0.443710 0.538435 0.444479 0.538802 0.447343 0.538802 0.449439 0.538592 0.452303 0.537964 0.454050 0.536916 0.454050 0.536287 0.453770 0.536077 0.453072 0.533405 0.451744 0.531885 0.451395 0.532462 0.450068 0.532200 0.448391 0.532724 0.445527 0.531990 0.443920
0 0.577902 0.467459 0.578607 0.464360 0.580332 0.462248 0.583571 0.462483 0.584697 0.463234 0.585261 0.464924 0.585190 0.467083 0.585120 0.469289 0.584873 0.470369 0.584134 0.470651 0.582374 0.469947 0.580191 0.469524 0.578078 0.467646
0 0.559559 0.459572 0.560264 0.456333 0.561918 0.454268 0.564700 0.454925 0.566319 0.455676 0.567094 0.457788 0.566953 0.460793 0.566460 0.462952 0.565861 0.463609 0.563960 0.462670 0.561461 0.461919 0.559735 0.461027 0.559595 0.459478
0 0.682998 0.514864 0.679644 0.517272 0.678353 0.519767 0.677708 0.522864 0.677257 0.526304 0.677386 0.528455 0.678999 0.529659 0.680869 0.529487 0.681385 0.528283 0.683514 0.528713 0.684031 0.529831 0.684418 0.531379 0.685321 0.532067 0.687192 0.532669 0.689321 0.532583 0.689450 0.531809 0.692804 0.532755 0.695578 0.534820 0.695449 0.537228 0.697449 0.537572 0.698288 0.536970 0.699578 0.534476 0.700739 0.531981 0.700868 0.529659 0.699836 0.527164 0.698288 0.524154 0.696740 0.521057 0.695836 0.518993 0.691256 0.516584 0.686611 0.514864 0.683966 0.514520
0 0.661580 0.513488 0.661580 0.514176 0.662096 0.515122 0.662870 0.515552 0.664096 0.514778 0.664935 0.512800 0.665644 0.509875 0.665386 0.507638 0.663903 0.504112 0.663257 0.500929 0.661257 0.498865 0.657967 0.497402 0.654355 0.496198 0.652032 0.496370 0.650355 0.497316 0.648484 0.498435 0.647645 0.500929 0.647194 0.502822 0.646613 0.504886 0.646613 0.506692 0.647452 0.508069 0.648677 0.507983 0.649194 0.507294 0.650419 0.508413 0.650935 0.510047 0.651710 0.511423 0.653774 0.512800 0.655064 0.512111 0.658483 0.512972 0.662225 0.513746
0 0.636291 0.495252 0.637065 0.490779 0.636162 0.487338 0.633711 0.484500 0.631388 0.483468 0.629130 0.482866 0.627775 0.482866 0.626872 0.483468 0.625582 0.483984 0.624872 0.485532 0.624421 0.486908 0.624098 0.489059 0.624034 0.490607 0.625259 0.491295 0.625517 0.490607 0.627001 0.490779 0.627130 0.492069 0.628808 0.492930 0.629324 0.492155 0.630936 0.492758 0.630872 0.494048 0.632420 0.494564 0.633065 0.493704 0.633711 0.494048 0.634356 0.494392 0.634614 0.495510 0.636549 0.496284 0.636485 0.494564
0 0.730647 0.546118 0.730449 0.544005 0.731505 0.539514 0.736458 0.534759 0.740487 0.535992 0.746694 0.538545 0.750260 0.540395 0.752242 0.542508 0.753166 0.546206 0.754157 0.548143 0.756072 0.549464 0.757723 0.551929 0.757657 0.554483 0.757657 0.556420 0.756732 0.557653 0.755808 0.558798 0.755279 0.559766 0.753893 0.560206 0.752110 0.560118 0.751581 0.559062 0.751647 0.557653 0.745241 0.554835 0.744185 0.554835 0.742600 0.555099 0.739958 0.553426 0.740024 0.551665 0.734609 0.549200 0.733156 0.549816 0.732166 0.549904 0.731637 0.549552 0.730911 0.548672 0.730581 0.546382
0 0.756270 0.558357 0.757261 0.558886 0.758515 0.557125 0.759110 0.555540 0.760431 0.553514 0.761091 0.551577 0.760827 0.549552 0.758846 0.545414 0.757393 0.542596 0.751515 0.540659 0.752902 0.543388 0.752902 0.545237 0.753430 0.547087 0.754619 0.548495 0.755213 0.549024 0.757327 0.551313 0.757657 0.552634 0.757459 0.554571 0.757129 0.556508 0.756138 0.557829
0 0.755808 0.541627 0.759242 0.541099 0.763204 0.541980 0.768487 0.544709 0.771327 0.548055 0.772054 0.549904 0.773440 0.551313 0.773308 0.554395 0.772582 0.555452 0.771591 0.556244 0.771195 0.557653 0.770601 0.557917 0.768950 0.558005 0.768553 0.557653 0.767761 0.555892 0.763600 0.554571 0.762478 0.554219 0.761223 0.554219 0.760563 0.553426 0.761091 0.551753 0.760695 0.550256 0.760034 0.547967 0.757327 0.542420
0 0.771723 0.556860 0.774035 0.557741 0.774299 0.559414 0.776610 0.561175 0.777535 0.559854 0.783148 0.562584 0.784469 0.564345 0.785394 0.564081 0.786384 0.562760 0.786979 0.561791 0.788167 0.561703 0.789158 0.561263 0.789620 0.559942 0.789422 0.557741 0.788101 0.555628 0.786979 0.552634 0.782422 0.550521 0.779318 0.549024 0.776874 0.548143 0.774563 0.548055 0.773506 0.548672 0.772384 0.549024 0.772318 0.549992 0.773242 0.550609 0.773440 0.551313 0.773572 0.552898 0.773308 0.553955 0.772186 0.555628 0.771855 0.556068 0.771591 0.556949
0 0.836696 0.587133 0.836696 0.584968 0.834802 0.581541 0.833111 0.578204 0.828579 0.575950 0.823033 0.572973 0.818568 0.572613 0.816066 0.573064 0.814172 0.573334 0.811196 0.573515 0.810181 0.575048 0.808896 0.577032 0.808558 0.579467 0.809302 0.582263 0.811331 0.583165 0.812887 0.582533 0.813428 0.582714 0.818298 0.584968 0.818771 0.586411 0.819921 0.588215 0.825129 0.589658 0.827700 0.589748 0.828985 0.585600 0.832232 0.585419 0.836425 0.587133
0 0.814239 0.573154 0.813428 0.570629 0.812007 0.566480 0.805311 0.562872 0.799629 0.560618 0.795571 0.560077 0.793812 0.560798 0.792324 0.561520 0.789821 0.560978 0.787454 0.561520 0.786304 0.562692 0.785289 0.564586 0.785627 0.565939 0.785221 0.568193 0.786642 0.569907 0.789821 0.570809 0.792730 0.571891 0.795841 0.573334 0.797194 0.574958 0.799020 0.575589 0.800846 0.574867 0.804973 0.576310 0.806393 0.577393 0.806528 0.578655 0.807746 0.579647 0.808287 0.579287 0.808963 0.577573 0.810046 0.575589 0.811534 0.573966 0.814375 0.573334
1 0.255068 0.843252 0.461112 0.907354 0.447376 0.997785 0.159773 0.998929
1 0.680892 0.994256 0.680892 1.000384 0.457678 1.000384 0.468182 0.911098
1 0.306768 0.426995 0.354387 0.448489 0.184992 0.472960 0.127700 0.427325
1 0.309015 0.426816 0.355465 0.447649 0.413607 0.441555 0.381294 0.427383
1 0.419614 0.427250 0.443043 0.438226 0.414469 0.441286 0.383203 0.427461
1 0.447509 0.556539 0.412265 0.609536 0.498613 0.644258 0.508208 0.580818
1 0.466502 0.528343 0.512515 0.548185 0.508599 0.578730 0.449467 0.555234
1 0.515061 0.549229 0.511928 0.580035 0.580263 0.608231 0.568710 0.569592
1 0.503117 0.646869 0.601214 0.687074 0.580459 0.610580 0.511340 0.582124
1 0.584315 0.611899 0.625629 0.628608 0.629349 0.633046 0.633265 0.637484 0.641293 0.643228 0.647559 0.647144 0.654412 0.649754 0.659699 0.652365 0.701013 0.727814 0.604874 0.688393
1 0.663810 0.654453 0.668510 0.656542 0.674775 0.657325 0.684174 0.658370 0.685349 0.652365 0.723726 0.667768 0.798718 0.764364 0.705712 0.728858
1 0.571000 0.570389 0.625237 0.592319 0.641293 0.620776 0.636398 0.619470 0.633069 0.619209 0.629153 0.619209 0.627783 0.620514 0.626216 0.623125 0.625237 0.626780 0.583336 0.610072
1 0.627000 0.593102 0.681041 0.615032 0.721572 0.665157 0.685740 0.650799 0.684565 0.647927 0.681041 0.642705 0.672230 0.635395 0.662244 0.629391 0.650692 0.623908 0.644230 0.621298
1 0.772089 0.673512 0.768564 0.673512 0.767585 0.674295 0.766411 0.676644 0.766019 0.678211 0.765823 0.680038 0.766411 0.681344 0.766019 0.682127 0.725880 0.667507 0.682803 0.615815 0.735474 0.636440
1 0.727374 0.670037 0.728217 0.670037 0.768016 0.684637 0.772438 0.689130 0.779387 0.694464 0.788021 0.700361 0.795813 0.706257 0.807395 0.710188 0.896048 0.802281 0.802130 0.765500
1 0.811817 0.712153 0.817081 0.713276 0.820872 0.713838 0.824873 0.714680 0.827400 0.712995 0.827189 0.708222 0.860882 0.721138 0.999066 0.844473 0.898619 0.803467
1 0.737905 0.637462 0.789244 0.657965 0.856704 0.717819 0.826942 0.706576 0.823718 0.701615 0.812558 0.692687 0.803877 0.687065 0.790236 0.679459 0.783292 0.676483 0.775107 0.674499
1 0.791273 0.658885 0.841739 0.678727 0.898836 0.724448 0.896895 0.726604 0.896410 0.728114 0.896410 0.730918 0.899645 0.734800 0.861472 0.720350
1 0.946912 0.720151 0.894996 0.698916 0.999957 0.773990 0.999957 0.755932
1 0.843456 0.679019 0.893617 0.699083 0.997700 0.774324 0.968607 0.762620 0.962588 0.756768 0.944279 0.743392 0.926096 0.733694 0.914935 0.727173 0.903649 0.724665 0.900263 0.723996
1 0.865402 0.722993 0.902646 0.737540 0.909543 0.743057 0.917819 0.748909 0.925469 0.754427 0.933369 0.758105 0.942900 0.762787 0.953809 0.766967 0.999957 0.804253 0.999957 0.842542
1 0.968983 0.764626 0.969234 0.768639 0.968983 0.770144 0.964719 0.770813 0.959202 0.769810 0.999957 0.802414 0.999957 0.776330
1 0.495561 0.484357 0.490894 0.492294 0.519506 0.504920 0.520858 0.495360
1 0.490285 0.493376 0.483791 0.503477 0.517476 0.518809 0.519235 0.505822
1 0.519235 0.519260 0.521197 0.506543 0.555220 0.521064 0.559819 0.536576
1 0.522211 0.496172 0.521264 0.505281 0.555085 0.519801 0.552311 0.508618
1 0.553597 0.509159 0.566110 0.513398 0.565231 0.515562 0.564419 0.518538 0.563675 0.520703 0.563066 0.523318 0.556979 0.520973
1 0.615261 0.535439 0.597418 0.528805 0.598840 0.532501 0.599906 0.534207 0.600048 0.535060 0.603318 0.536292 0.606091 0.538378 0.608863 0.540747 0.608579 0.542169 0.626848 0.549846
1 0.598627 0.541316 0.597845 0.543875 0.602465 0.551458 0.603958 0.554680 0.645544 0.572879 0.628199 0.550984 0.609005 0.543780 0.606873 0.543875 0.603674 0.543212
1 0.630900 0.552595 0.647108 0.572689 0.689050 0.590414 0.664738 0.565770
1 0.679051 0.561564 0.658546 0.554643 0.657248 0.556258 0.657248 0.557296 0.667804 0.567101 0.698431 0.578637
1 0.669101 0.568947 0.700507 0.580598 0.730788 0.607130 0.689952 0.589942
1 0.681300 0.562372 0.711149 0.574830 0.725770 0.586942 0.723780 0.587635 0.722915 0.588211 0.702237 0.580252
1 0.703968 0.581982 0.723348 0.589711 0.726895 0.592364 0.731394 0.594902 0.738055 0.598478 0.742381 0.600093 0.771451 0.623049 0.732259 0.606784
1 0.852914 0.656160 0.810766 0.637428 0.776233 0.610817 0.805776 0.622372
1 0.745508 0.601188 0.748528 0.602764 0.752073 0.603289 0.754306 0.603114 0.772688 0.609416 0.809190 0.637077 0.773082 0.623247
1 0.712814 0.575103 0.741701 0.587007 0.770325 0.607491 0.754306 0.601713 0.753255 0.599262 0.748660 0.595936 0.740388 0.592084 0.732772 0.588408 0.728176 0.587182
1 0.803154 0.611125 0.796285 0.608200 0.793233 0.610616 0.792470 0.612015 0.808495 0.622699 0.810117 0.623971 0.819561 0.626769 0.818416 0.621554 0.810785 0.616594 0.803058 0.611507
1 0.893620 0.656670 0.901789 0.659431 0.891779 0.652988 0.893275 0.655749
1 0.880619 0.655136 0.883265 0.655749 0.886602 0.658357 0.933776 0.687966 0.893045 0.670477 0.876937 0.659738 0.879238 0.658050 0.880734 0.655289
1 0.906507 0.662192 0.895346 0.658817 0.893505 0.659431 0.890629 0.659124 0.934466 0.687659 0.973586 0.703767
1 0.916057 0.666181 0.942520 0.676306 0.999359 0.710057 0.975312 0.703614
1 0.953911 0.681522 0.979799 0.691341 1.000280 0.703460 0.999935 0.709750
1 1.000165 0.696250 0.999474 0.697784 0.977268 0.689193 0.968178 0.683670 0.970595 0.682903 0.972551 0.681829
1 0.985322 0.683670 0.974507 0.679681 0.973241 0.680909 0.999820 0.695176 1.000050 0.691034
1 0.506840 0.467642 0.504939 0.470761 0.523264 0.478494 0.524044 0.474465
1 0.504354 0.471736 0.501625 0.475700 0.522436 0.485577 0.523215 0.479664
1 0.524970 0.474530 0.546122 0.483368 0.547096 0.488696 0.524629 0.479404
1 0.524385 0.480378 0.523605 0.485252 0.548851 0.496494 0.547340 0.489996
1 0.507668 0.464198 0.510641 0.461923 0.524580 0.466602 0.524775 0.468941
1 0.525701 0.469526 0.526334 0.466732 0.543246 0.473620 0.544123 0.477129
1 0.526822 0.464003 0.526529 0.466017 0.542856 0.472580 0.542515 0.470436
1 0.549032 0.491277 0.550223 0.496767 0.573090 0.503843 0.572445 0.500933 0.563467 0.497031 0.549528 0.491542
1 0.546998 0.483738 0.548735 0.489227 0.564360 0.494915 0.567683 0.494386 0.569369 0.495179 0.568179 0.492335
1 0.544270 0.474081 0.555629 0.478645 0.560639 0.480761 0.563566 0.484796 0.545610 0.477719
1 0.543278 0.470708 0.544221 0.473222 0.559895 0.479042 0.558804 0.476859
1 0.585215 0.505021 0.595704 0.509160 0.602502 0.519230 0.595285 0.517216 0.593942 0.513076 0.590334 0.507706 0.585215 0.505916 0.585299 0.505468
1 0.569187 0.492601 0.590250 0.500993 0.594278 0.507706 0.585215 0.504349 0.582698 0.501328 0.575229 0.497188 0.570782 0.495622
1 0.603948 0.519352 0.598402 0.510941 0.611989 0.515932 0.616287 0.518243 0.618644 0.519722 0.621625 0.520923 0.626824 0.527116
1 0.591262 0.501421 0.596531 0.508815 0.611157 0.514638 0.613029 0.514361 0.616564 0.515378 0.612267 0.510017
1 0.627819 0.523895 0.628530 0.525791 0.627819 0.526549 0.624336 0.522758
1 0.613388 0.510057 0.618080 0.515554 0.621634 0.516597 0.624478 0.517734 0.628032 0.519725 0.631658 0.522189 0.632511 0.523516 0.634785 0.522189 0.635710 0.521241 0.636420 0.521052 0.635425 0.519440
1 0.684407 0.552495 0.660668 0.543047 0.659015 0.539425 0.658601 0.538401 0.658424 0.535016 0.661790 0.535567 0.668522 0.540370 0.673777 0.541944
1 0.657538 0.528008 0.662912 0.533677 0.661495 0.533756 0.660609 0.534386 0.657479 0.533441 0.655590 0.529426 0.654172 0.527378 0.657893 0.528245
1 0.658849 0.528076 0.663910 0.533159 0.669386 0.535100 0.674516 0.537688 0.675556 0.539352 0.676388 0.541848 0.691361 0.546931 0.680270 0.537226
1 0.675972 0.543234 0.677566 0.543141 0.693371 0.548687 0.710979 0.563476 0.685538 0.553031
1 0.681933 0.537688 0.701205 0.545267 0.712781 0.554510 0.694758 0.548502
1 0.740934 0.567441 0.751578 0.575526 0.738934 0.573978 0.721451 0.559957
1 0.697001 0.550151 0.711903 0.563312 0.738289 0.574494 0.718225 0.558151
1 0.702355 0.545507 0.724031 0.554796 0.738934 0.565635 0.719838 0.558323
1 0.725257 0.555054 0.746482 0.564086 0.749256 0.566065 0.748933 0.569333 0.748417 0.570107 0.742289 0.567269
1 0.831793 0.609257 0.817523 0.606592 0.800087 0.593118 0.814635 0.597042
1 0.799532 0.594895 0.816468 0.607036 0.798144 0.603779 0.798644 0.598670 0.799254 0.595043
1 0.807972 0.593562 0.798977 0.591119 0.796867 0.586084
1 0.818633 0.595191 0.810637 0.594006 0.798255 0.586232 0.810693 0.590082
1 0.981244 0.677240 0.976628 0.674107 0.976712 0.668512 0.976796 0.666163 1.000292 0.678582
1 0.974530 0.660680 0.976712 0.665156 1.000544 0.678135 0.999873 0.674442
1 0.977132 0.661352 0.988041 0.664261 1.000041 0.670750 1.000124 0.673883
1 0.887418 0.627244 0.878642 0.626863 0.865765 0.617959 0.877021 0.621521
1 0.863952 0.618723 0.877211 0.627753 0.864143 0.623683 0.861949 0.620885 0.863094 0.618468
1 0.563450 0.482626 0.564868 0.485382 0.584178 0.493413 0.576619 0.485382 0.571304 0.484831 0.569297 0.484831 0.563687 0.482626
1 0.560144 0.477744 0.575792 0.484043 0.576442 0.484909 0.570359 0.483965 0.567938 0.481839 0.565340 0.481051 0.561266 0.479634