0 0.479288 0.793309 0.468804 0.778428 0.469819 0.775723 0.471172 0.769410 0.468466 0.763548 0.463393 0.756783 0.458996 0.754078 0.455276 0.753176 0.453585 0.756333 0.437351 0.735138 0.422808 0.719807 0.406236 0.706278 0.377489 0.685986 0.353815 0.670654 0.331155 0.659832 0.309510 0.655773 0.295306 0.654871 0.278057 0.658479 0.257427 0.664792 0.243222 0.672007 0.239840 0.676066 0.224283 0.684633 0.217181 0.692299 0.213460 0.694554 0.208726 0.702671 0.204667 0.709886 0.203653 0.722963 0.202300 0.728825 0.200271 0.739197 0.200271 0.753176 0.199932 0.755882 0.201285 0.769861 0.205344 0.784291 0.211093 0.801877 0.211769 0.814504 0.213122 0.826228 0.216166 0.839305 0.220563 0.847873 0.226650 0.853735 0.233076 0.855990 0.238488 0.855088 0.243222 0.851480 0.366667 1.000290 0.568574 1.000290 0.575676 0.987664 0.577706 0.969626 0.578382 0.933100 0.574662 0.888006 0.560795 0.871322 0.538812 0.846971 0.507697 0.819464
0 0.999944 0.596338 0.990104 0.594048 0.979934 0.592199 0.971415 0.593784 0.964217 0.595545 0.954509 0.594665 0.948037 0.594312 0.945461 0.594841 0.944075 0.601973 0.951207 0.607873 0.955433 0.609986 0.959660 0.610866 0.963226 0.609458 0.996180 0.619848 0.998227 0.621873 0.999944 0.622313
0 -0.000171 0.447391 0.008444 0.448174 0.017451 0.450263 0.024108 0.455223 0.029590 0.459139 0.039772 0.474281 0.041534 0.471671 0.043492 0.471932 0.046625 0.473759 0.046429 0.478197 0.044276 0.480286 0.053087 0.493861 0.055240 0.498561 0.057590 0.507176 0.056807 0.523884 0.054457 0.527278 0.051912 0.529106 0.045842 0.530150 0.040360 0.529628 0.008444 0.531194 0.001199 0.530933 -0.000367 0.530672
0 0.000024 0.447652 0.007269 0.447913 0.016863 0.450002 0.028611 0.458617 0.064443 0.459661 0.067380 0.462794 0.070905 0.464100 0.076387 0.464622 0.082653 0.462272 0.084023 0.458095 0.088527 0.457312 0.089702 0.454701 0.089310 0.449219 0.087352 0.438254 0.082653 0.433293 0.078541 0.426506 0.077954 0.422851 0.067772 0.419718 0.067576 0.418151 0.065031 0.419196 0.040360 0.415280 0.025870 0.415280 0.015884 0.418412 0.001591 0.424678 -0.000367 0.424678
0 0.200526 0.446869 0.192889 0.440342 0.183099 0.434338 0.177617 0.432510 0.174876 0.431466 0.161365 0.430161 0.151575 0.430683 0.144918 0.431727 0.143743 0.434338 0.137086 0.438254 0.133561 0.452874 0.137477 0.458095 0.140219 0.458356 0.143156 0.462272 0.145897 0.464883 0.149617 0.465144 0.152554 0.462794 0.153533 0.466188 0.154121 0.468016 0.157253 0.469843 0.162344 0.468538 0.164890 0.467755 0.168218 0.467232 0.199938 0.468277 0.200330 0.469843 0.204833 0.471671 0.210903 0.472193 0.213449 0.469060 0.215015 0.466971 0.218931 0.467493 0.218735 0.463316 0.219323 0.460184 0.219518 0.456267 0.218931 0.452612 0.215407 0.450263
0 0.246539 0.475848 0.239490 0.475848 0.238315 0.477675 0.237141 0.482635 0.245560 0.483419 0.256721 0.487596 0.268273 0.493600 0.275322 0.499866 0.283937 0.509787 0.287266 0.514486 0.290007 0.513703 0.292944 0.514486 0.293532 0.516836 0.301951 0.516574 0.302538 0.518663 0.305084 0.519707 0.309196 0.519446 0.310566 0.516574 0.315266 0.516052 0.315461 0.513442 0.316049 0.512658 0.317615 0.511875 0.319377 0.508742 0.318203 0.506393 0.317811 0.501694 0.311350 0.496472 0.301951 0.490729 0.302930 0.487596 0.299601 0.486552 0.293140 0.476892 0.286091 0.473759 0.272189 0.469582 0.256133 0.469060
0 0.144918 0.478719 0.146484 0.476109 0.149225 0.476370 0.156862 0.471409 0.161561 0.468538 0.168414 0.467493 0.188973 0.468016 0.200721 0.471409 0.211099 0.477153 0.214232 0.481591 0.210316 0.482113 0.201505 0.492034 0.197589 0.494384 0.195435 0.497255 0.195435 0.501955 0.194847 0.510309 0.189952 0.503260 0.183099 0.493600 0.176050 0.486290 0.162932 0.480808 0.152554 0.480025
0 0.140610 0.477936 0.138065 0.475326 0.137282 0.477936 0.122792 0.477675 0.112023 0.479764 0.107520 0.486813 0.105170 0.493078 0.100862 0.495689 0.099100 0.500127 0.097730 0.509787 0.096163 0.516836 0.095576 0.538504 0.096555 0.547903 0.098317 0.550513 0.104583 0.553385 0.107911 0.552080 0.110848 0.549469 0.126512 0.564872 0.127100 0.574010 0.129058 0.581581 0.131995 0.584453 0.139044 0.586019 0.143743 0.584714 0.146484 0.580275 0.166848 0.581059 0.197589 0.578448 0.202092 0.580014 0.207183 0.579231 0.209532 0.576881 0.214036 0.571921 0.215407 0.565656 0.216386 0.556257 0.215407 0.550252 0.214036 0.542159 0.212274 0.537199 0.207183 0.531455 0.204050 0.528584 0.199938 0.521535 0.201896 0.517880 0.200917 0.515008 0.198568 0.513442 0.196414 0.514486 0.192106 0.506132 0.185645 0.497255 0.177421 0.488118 0.168806 0.483680 0.156666 0.480025 0.145114 0.478980
0 0.214946 0.481839 0.209608 0.482702 0.205403 0.487231 0.201036 0.492191 0.197154 0.495426 0.195698 0.497798 0.195051 0.512032 0.196345 0.514189 0.198286 0.513758 0.201197 0.515051 0.201683 0.518502 0.199903 0.522168 0.203947 0.529070 0.211873 0.537049 0.214784 0.545245 0.237753 0.561420 0.239532 0.569399 0.240503 0.574144 0.244546 0.577595 0.250369 0.578457 0.255383 0.576948 0.257324 0.574144 0.273014 0.573497 0.284498 0.572634 0.299218 0.570909 0.310864 0.566380 0.314746 0.560557 0.311834 0.548264 0.305849 0.537912 0.300512 0.531658 0.292748 0.523247 0.290807 0.519796 0.292909 0.518933 0.293718 0.516992 0.292586 0.514620 0.289998 0.513758 0.287248 0.514620 0.282396 0.507935 0.274955 0.499739 0.266221 0.492838 0.253281 0.486368 0.243738 0.483133 0.235650 0.482270 0.233547 0.480329 0.230798 0.482270 0.223519 0.482270
0 0.281263 0.443882 0.279161 0.444529 0.267838 0.442156 0.258457 0.441725 0.251825 0.443666 0.241958 0.447764 0.236621 0.448842 0.230798 0.451214 0.228048 0.455528 0.226916 0.461135 0.227563 0.463723 0.230798 0.466742 0.233224 0.468683 0.235812 0.471271 0.240503 0.472997 0.246811 0.474722 0.256192 0.468899 0.272205 0.469546 0.291454 0.475585 0.292909 0.473212 0.294689 0.471918 0.295659 0.465880 0.295336 0.460488 0.295012 0.457684 0.293395 0.451861 0.292748 0.449058 0.285631 0.446470 0.281749 0.445176
0 0.353610 0.453397 0.343319 0.449531 0.334622 0.447405 0.325925 0.446826 0.320128 0.447212 0.318098 0.447985 0.314040 0.452237 0.312301 0.458035 0.311286 0.463639 0.310996 0.467118 0.311721 0.469244 0.315489 0.471370 0.317229 0.474848 0.319403 0.476588 0.321577 0.477167 0.323896 0.475815 0.324476 0.474462 0.330274 0.476201 0.330853 0.478907 0.331723 0.480260 0.334622 0.481033 0.336941 0.481033 0.338825 0.479680 0.340420 0.478713 0.342159 0.477940 0.348537 0.471756 0.354769 0.470983 0.364046 0.472336 0.372308 0.472336 0.372308 0.470017 0.371438 0.466925 0.367379 0.464219 0.361872 0.461707 0.360712 0.461320 0.359408 0.459581 0.356943 0.456489
0 0.337521 0.447985 0.344478 0.443540 0.348247 0.441608 0.358538 0.441608 0.367379 0.443154 0.375206 0.445473 0.377815 0.450691 0.377960 0.455716 0.378105 0.460354 0.377236 0.462673 0.374627 0.463253 0.373467 0.466538 0.371148 0.466731 0.368829 0.464412 0.367959 0.463446 0.360712 0.461320 0.353900 0.453397 0.343174 0.449531
0 0.369988 0.491662 0.362306 0.500552 0.360132 0.505963 0.358683 0.511374 0.358828 0.520264 0.362596 0.526448 0.363031 0.530700 0.364191 0.534179 0.366510 0.536884 0.371728 0.538044 0.374917 0.537657 0.377526 0.536691 0.379265 0.534952 0.408399 0.546354 0.410863 0.551186 0.413037 0.554085 0.417530 0.556210 0.422313 0.556404 0.426372 0.554664 0.427821 0.551572 0.437243 0.553118 0.445794 0.553311 0.449998 0.552345 0.451447 0.550799 0.453766 0.549253 0.453766 0.545774 0.454926 0.538044 0.453331 0.528188 0.445794 0.522197 0.434779 0.514660 0.432604 0.510988 0.429706 0.508282 0.420284 0.498039 0.409558 0.493981 0.393180 0.490502 0.375206 0.490116
0 0.398832 0.491275 0.387092 0.478520 0.379410 0.475042 0.372887 0.473302 0.366220 0.472143 0.353465 0.470983 0.348247 0.471756 0.341869 0.478327 0.339405 0.487410 0.338680 0.494367 0.339115 0.496880 0.339840 0.499006 0.339840 0.502098 0.340420 0.504030 0.341434 0.506736 0.343029 0.508282 0.345058 0.509248 0.346797 0.509248 0.348972 0.507509 0.351291 0.505963 0.359697 0.509828 0.362451 0.499779 0.369988 0.490889 0.374337 0.490116 0.392600 0.490502
0 0.492138 0.476022 0.492738 0.477302 0.493338 0.480822 0.493218 0.484503 0.491898 0.486903 0.490098 0.489143 0.487338 0.488983 0.486618 0.486583 0.482058 0.485623 0.480738 0.486743 0.477137 0.487383 0.474137 0.487383 0.471737 0.485783 0.470177 0.483383 0.466817 0.483063 0.464177 0.483223 0.461056 0.483063 0.459376 0.481142 0.458056 0.477142 0.459376 0.469942 0.465017 0.465141 0.471977 0.465621 0.480138 0.467382 0.486018 0.470742 0.489498 0.475062
0 0.492378 0.475702 0.496699 0.474902 0.500539 0.471382 0.506659 0.471542 0.512540 0.472822 0.518780 0.478902 0.519740 0.485463 0.517340 0.488023 0.516620 0.489463 0.515780 0.490423 0.514100 0.490583 0.512300 0.488983 0.504979 0.488823 0.502819 0.489623 0.499939 0.489623 0.497179 0.487703 0.492858 0.486103 0.493578 0.483703 0.493578 0.480502 0.492858 0.477462
0 0.442935 0.509304 0.440655 0.508184 0.439335 0.509304 0.437295 0.509464 0.435015 0.508824 0.432975 0.507384 0.432495 0.504344 0.430934 0.503544 0.431414 0.500344 0.430934 0.496503 0.433095 0.492343 0.438015 0.490743 0.441015 0.489943 0.449656 0.485463 0.456856 0.484023 0.466817 0.484823 0.476417 0.488023 0.482298 0.490903 0.481818 0.492823 0.486618 0.501624 0.486378 0.504824 0.479178 0.502904 0.469817 0.501624 0.468377 0.500664 0.467777 0.501464 0.460096 0.502904 0.452776 0.504984 0.446655 0.505464 0.444375 0.505944
0 0.444615 0.506104 0.442935 0.509624 0.442935 0.512184 0.440655 0.515865 0.440295 0.517785 0.446295 0.522105 0.453016 0.527705 0.454696 0.536826 0.457216 0.536506 0.459256 0.534906 0.459736 0.534426 0.492498 0.545947 0.492498 0.548667 0.494779 0.550747 0.498859 0.552187 0.502699 0.552187 0.505939 0.550907 0.514580 0.551707 0.520340 0.551867 0.527061 0.549307 0.527301 0.546747 0.527061 0.537306 0.524660 0.531386 0.517220 0.525945 0.508699 0.522265 0.507019 0.518425 0.504739 0.517305 0.497659 0.510264 0.491778 0.506744 0.485178 0.504664 0.469817 0.501784 0.468377 0.500664 0.467177 0.502104 0.459136 0.503384 0.452536 0.504824
0 0.531861 0.502264 0.521420 0.504504 0.517580 0.504984 0.513620 0.504824 0.512060 0.506744 0.511700 0.510104 0.510380 0.512984 0.510140 0.515705 0.511940 0.519545 0.514220 0.521785 0.515660 0.522425 0.516860 0.524665 0.518780 0.526265 0.521180 0.527865 0.524060 0.527865 0.526101 0.526585 0.553822 0.535546 0.554182 0.537466 0.556342 0.539066 0.560063 0.540346 0.563303 0.540186 0.565943 0.538746 0.570023 0.541626 0.575664 0.540826 0.580824 0.538746 0.582144 0.535706 0.580944 0.529145 0.578784 0.525145 0.572424 0.521305 0.566303 0.518265 0.564503 0.516665 0.558143 0.509784 0.552382 0.506104 0.541822 0.503224
0 0.624617 0.518625 0.619566 0.516126 0.615086 0.510695 0.606206 0.504830 0.592275 0.501789 0.582988 0.502875 0.576960 0.503526 0.575819 0.504939 0.575086 0.509718 0.573538 0.511782 0.572479 0.514823 0.573050 0.518082 0.576308 0.520037 0.577937 0.521340 0.579241 0.523838 0.582988 0.526119 0.584862 0.526228 0.586980 0.524273 0.612805 0.531768 0.614841 0.533723 0.617122 0.535678 0.619403 0.535787 0.622662 0.535026
0 0.610035 0.507002 0.613701 0.503201 0.620788 0.503309 0.634963 0.505916 0.640584 0.510695 0.644739 0.514606 0.650360 0.517756 0.650441 0.520037 0.653619 0.527423 0.652804 0.528509 0.647753 0.528509 0.646124 0.530356 0.641317 0.531768 0.637733 0.530247 0.637000 0.526988 0.624291 0.523838 0.624943 0.519168 0.620055 0.516126 0.615248 0.510804
0 1.000078 1.000514 1.000078 0.908688 0.961151 0.881467 0.921136 0.858238 0.869143 0.835372 0.826406 0.823758 0.802724 0.820854 0.784485 0.820128 0.762164 0.815410 0.742565 0.810691 0.737120 0.820491 0.730587 0.828839 0.724054 0.838276 0.721332 0.845535 0.716432 0.859327 0.709899 0.882193 0.707721 0.901429 0.706633 0.919576 0.705816 0.933006 0.709627 0.949701 0.716160 0.967123 0.730587 0.982730 0.747464 1.000514
0 1.000078 0.907962 0.953257 0.876748 0.915420 0.855697 0.869143 0.835735 0.824773 0.823758 0.783124 0.820128 0.742292 0.811054 0.737120 0.803432 0.730315 0.790003 0.729498 0.780204 0.730315 0.775122 0.731676 0.767137 0.735759 0.754071 0.739842 0.746449 0.742020 0.742457 0.744742 0.732657 0.751275 0.727576 0.754814 0.726487 0.775775 0.730480 0.802996 0.731931 0.829945 0.732294 0.855805 0.738464 0.887382 0.750442 0.916236 0.764234 0.944002 0.783107 0.966051 0.802344 0.996267 0.830654 1.000078 0.833194
0 0.808781 0.639555 0.795356 0.636535 0.778372 0.634163 0.768344 0.635888 0.762683 0.643652 0.762036 0.650554 0.759933 0.654220 0.759609 0.659180 0.758315 0.664572 0.758962 0.668238 0.764947 0.673846 0.779343 0.683766 0.780960 0.691530 0.783063 0.695628 0.787916 0.699726 0.794224 0.701882 0.801017 0.699726 0.805870 0.693903 0.891920 0.724743 0.893053 0.732722 0.895317 0.738977 0.900170 0.743506 0.911654 0.747388 0.920227 0.746094 0.925403 0.741780 0.927344 0.737467 0.938828 0.740055 0.951444 0.740702 0.957429 0.736820 0.956944 0.733801 0.956944 0.724311 0.957106 0.716332 0.956944 0.708568 0.959855 0.703823 0.960502 0.697569 0.953224 0.685060 0.948371 0.678806 0.951121 0.675355 0.947724 0.669532 0.937857 0.663278 0.922653 0.654867 0.909713 0.648613 0.881407 0.638476 0.853748 0.630497 0.845013 0.630281 0.837087 0.630712 0.824471 0.634594
0 0.882539 0.638261 0.868629 0.623595 0.850189 0.614106 0.832073 0.608283 0.807973 0.601598 0.799562 0.599441 0.793415 0.603970 0.786945 0.613028 0.784195 0.621654 0.779990 0.626615 0.780475 0.634163 0.795680 0.636751 0.808943 0.639555 0.828353 0.633516 0.839190 0.630712 0.854880 0.630065
0 0.887715 0.640849 0.887391 0.638045 0.887553 0.632869 0.887230 0.628340 0.879951 0.621654 0.863776 0.611518 0.858600 0.608715 0.847925 0.597931 0.841616 0.593402 0.828676 0.587579 0.813310 0.583482 0.799076 0.581756 0.793253 0.583482 0.786783 0.581541 0.783548 0.588442 0.779019 0.602676 0.778696 0.606558 0.780637 0.611734 0.786298 0.613675 0.794871 0.602245 0.799723 0.599441 0.832720 0.608283 0.850189 0.614537 0.869114 0.623380 0.882863 0.638261
0 0.856012 0.605695 0.859571 0.601382 0.861835 0.600951 0.861673 0.597716 0.859571 0.595128 0.857953 0.589089 0.850836 0.583266 0.842910 0.580894 0.835793 0.573561 0.830617 0.568601 0.819457 0.564503 0.802797 0.561268 0.790665 0.567522 0.786945 0.580678 0.792606 0.583266 0.797621 0.581541 0.817839 0.585207 0.831103 0.588226 0.846469 0.597069
0 0.488168 0.571002 0.477639 0.572126 0.465636 0.576056 0.464162 0.581391 0.465005 0.587007 0.459108 0.599080 0.455528 0.602730 0.451738 0.609468 0.449632 0.611434 0.446474 0.629403 0.447105 0.630807 0.446474 0.636703 0.445210 0.639511 0.442683 0.656919 0.444789 0.664781 0.454054 0.675169 0.461635 0.683592 0.465636 0.686119 0.465426 0.694262 0.466689 0.704650 0.471322 0.711108 0.475323 0.715881 0.486694 0.719531 0.491116 0.717847 0.499540 0.708020 0.592195 0.760243 0.593037 0.770632 0.598091 0.781582 0.603776 0.786636 0.612410 0.790567 0.619570 0.793374 0.631152 0.791409 0.637680 0.785513 0.643155 0.775405 0.656421 0.774843 0.666740 0.769509 0.675374 0.759963 0.684428 0.740589 0.684639 0.731043 0.684007 0.724866 0.683165 0.721777 0.681691 0.715600 0.680217 0.706896 0.678111 0.698473 0.669688 0.689769 0.656000 0.680504 0.635153 0.667869 0.625466 0.661692 0.606935 0.627438 0.600618 0.618172 0.591773 0.612276 0.580402 0.603011 0.564609 0.594587 0.536180 0.582514 0.512174 0.574372 0.504594 0.572126 0.495960 0.574372
0 0.577782 0.601409 0.584396 0.599756 0.598174 0.601042 0.612917 0.603430 0.625732 0.598653 0.638132 0.596265 0.650120 0.596816 0.667619 0.601777 0.683326 0.608941 0.691731 0.615188 0.710470 0.633008 0.727280 0.642010 0.728107 0.647705 0.726867 0.656891 0.726178 0.660014 0.728383 0.664607 0.727694 0.669384 0.724662 0.678386 0.720804 0.687388 0.719702 0.690511 0.717773 0.693267 0.710332 0.693634 0.693523 0.690144 0.688287 0.692899 0.678779 0.694553 0.669823 0.689593 0.663209 0.680039 0.637443 0.668649 0.624767 0.661300 0.600930 0.618495
0 0.726178 0.658912 0.731689 0.659831 0.732654 0.656891 0.736099 0.648073 0.736236 0.639622 0.735410 0.635580 0.734170 0.619781 0.726591 0.607839 0.712537 0.598102 0.689940 0.588733 0.672579 0.584140 0.662934 0.583956 0.647777 0.586712 0.636341 0.589100 0.624216 0.587814 0.614157 0.588549 0.607406 0.591856 0.602446 0.597367 0.599139 0.600491 0.613193 0.603797 0.629727 0.597367 0.640888 0.596081 0.651635 0.597000 0.669823 0.602328 0.685806 0.610595 0.710746 0.633192 0.727694 0.642010 0.727831 0.649359
1 0.989532 0.642139 1.000017 0.651339 0.999746 0.645386
1 0.988856 0.641508 1.000017 0.644665 0.999814 0.640065 0.978372 0.633662
1 0.977289 0.632850 0.967279 0.625635 1.000017 0.635285 0.999949 0.639704
1 0.957606 0.619051 0.966264 0.624823 1.000017 0.634924 0.999881 0.630866
1 0.948813 0.612468 0.956727 0.618240 0.999881 0.630235 1.000017 0.626717
1 0.941440 0.606335 0.948204 0.611836 0.999949 0.626266 0.999814 0.622659
1 0.929400 0.597046 0.937922 0.602006 0.945431 0.603269 0.944010 0.602186 0.944213 0.600383
1 0.924665 0.592356 0.928859 0.596234 0.944145 0.600202 0.944551 0.597406
1 0.430494 0.487123 0.409803 0.479934 0.387356 0.478262 0.394754 0.485953
1 0.452188 0.483278 0.453191 0.484448 0.445918 0.487123 0.432375 0.487291 0.413439 0.479767
1 -0.000065 0.612015 0.003851 0.617236 -0.000652 0.618280
1 0.010900 0.543353 0.009334 0.546486 0.004634 0.549619 0.000131 0.551708 -0.000065 0.599744 0.011292 0.614625 0.145612 0.598700 0.075123 0.539176
1 0.099011 0.500277 0.097836 0.508109 0.096661 0.515158 0.096074 0.518291 0.095291 0.537610 0.078648 0.537871 0.057109 0.520640 0.057893 0.507065 0.056522 0.502104
1 0.320726 0.503454 0.318108 0.503454 0.318108 0.506577 0.319900 0.508782 0.318246 0.511905 0.316593 0.512824 0.316179 0.514844 0.314250 0.516682 0.344150 0.528807 0.362476 0.527521 0.362062 0.526051 0.358204 0.520907 0.357929 0.517784
1 0.343875 0.529725 0.321829 0.530644 0.322104 0.533583 0.320726 0.536155 0.314388 0.538911 0.382730 0.568673 0.426684 0.562794
1 0.314388 0.540932 0.318797 0.552322 0.320451 0.565182 0.313699 0.568857 0.313975 0.571613 0.324309 0.577491 0.380250 0.569040
1 0.432886 0.510963 0.434727 0.514798 0.440480 0.517713 0.440480 0.516179 0.441860 0.513264
1 0.455207 0.539191 0.453827 0.549316 0.451756 0.551770 0.465563 0.557140 0.494097 0.552691
1 0.495455 0.505478 0.489572 0.505824 0.493551 0.507208 0.499175 0.511015 0.509644 0.514129 0.511028 0.510553
1 0.500213 0.512284 0.505404 0.517590 0.506875 0.518167 0.508519 0.521397 0.512585 0.521282 0.509817 0.514937
1 0.525563 0.532586 0.527207 0.537431 0.527380 0.540777 0.544250 0.545968 0.562506 0.544237
1 0.527293 0.541815 0.527466 0.548967 0.542866 0.547006
1 0.557561 0.508625 0.558684 0.510298 0.561259 0.512411 0.572288 0.515669 0.571958 0.514437 0.572552 0.512764
1 0.560335 0.506160 0.556504 0.507304 0.573344 0.512323 0.574335 0.510298
1 0.561391 0.505895 0.567533 0.505367 0.574995 0.507745 0.574533 0.510298
1 0.572222 0.516638 0.571958 0.517959 0.567863 0.518047 0.563042 0.514965 0.561589 0.513116
1 0.580477 0.541821 0.593421 0.540764 0.581599 0.536714 0.580675 0.538739 0.578231 0.539796 0.576779 0.540588
1 0.581599 0.531167 0.582458 0.536274 0.595468 0.540852 0.605110 0.538563
1 0.579618 0.525443 0.580939 0.528525 0.581335 0.530022 0.606364 0.538299 0.617459 0.536450
1 0.147658 0.813799 -0.000110 0.882251 -0.000110 0.999513 0.287390 1.001299
1 0.621370 0.967974 0.606746 0.999789 0.666013 1.000302
1 0.422401 0.693959 0.406238 0.706788 0.424326 0.721156 0.453959 0.755023 0.455499 0.753996 0.462426 0.756049 0.471663 0.768877 0.470123 0.778627 0.480514 0.794534 0.574418 0.887412 0.578267 0.927436 0.615982 0.952580 0.671016 0.834559
1 0.963955 0.778606 0.969127 0.805465 0.948439 0.787317 0.932650 0.775340 0.912234 0.761548 0.881746 0.748481 0.853436 0.737956 0.828121 0.732149 0.794911 0.731786 0.773950 0.730697 0.768234 0.721260 0.755712 0.711824 0.742918 0.704202 0.735568 0.701661 0.739652 0.687506
1 0.721413 0.738319 0.710253 0.764088 0.730124 0.773525 0.732030 0.766629 0.735841 0.754652 0.739107 0.747030 0.729580 0.743037
1 0.678676 0.699483 0.684665 0.702387 0.685481 0.710372 0.693920 0.719808 0.703447 0.729245 0.715969 0.735778 0.704264 0.761911 0.680581 0.750296 0.684665 0.740134 0.684937 0.729245 0.683031 0.721986
1 0.758111 0.645215 0.761888 0.646360 0.761545 0.649565 0.759828 0.652541 0.759141 0.660096 0.758111 0.664217 0.751243 0.661241
1 0.734416 0.654372 0.736820 0.647733 0.736476 0.638347 0.736304 0.637431 0.753990 0.644528 0.747980 0.659867
1 0.757939 0.635600 0.754677 0.643841 0.735446 0.635371 0.734759 0.620948 0.738880 0.621863 0.740254 0.625755 0.744546 0.629647 0.750728 0.632165
1 0.723456 0.605086 0.726550 0.607590 0.734285 0.619819 0.737490 0.620703 0.739700 0.618641 0.745557 0.618641 0.755391 0.619230 0.764453 0.621587 0.766663 0.618788
1 0.671741 0.578123 0.658923 0.583869 0.664669 0.584017 0.672957 0.584311 0.686107 0.587405 0.692958 0.589321 0.705997 0.595067 0.712075 0.598014 0.721246 0.603170 0.766221 0.617462 0.768983 0.609358
1 0.682239 0.573114 0.671962 0.577387 0.769757 0.609800 0.772961 0.601550
1 0.774729 0.597572 0.772961 0.600666 0.682902 0.572082 0.690416 0.568546 0.758043 0.589026 0.761138 0.591973 0.768431 0.595509
1 0.698704 0.565010 0.691521 0.567957 0.758485 0.588142 0.763679 0.585785 0.771746 0.587405 0.779149 0.589763 0.778597 0.588437
1 0.705223 0.560885 0.700472 0.564421 0.779260 0.587995 0.780475 0.583575
1 0.781359 0.579007 0.780475 0.582543 0.708096 0.560885 0.714174 0.558822
1 0.781255 0.578365 0.781087 0.576239 0.773451 0.573106 0.771437 0.571652 0.717563 0.556323 0.714542 0.558337
1 0.724864 0.554309 0.718822 0.556100 0.772024 0.570980 0.773031 0.569638 0.774961 0.568071
1 0.725871 0.554086 0.729983 0.552519 0.778905 0.566617 0.781171 0.568967
1 0.730822 0.552519 0.735353 0.550505 0.778486 0.561806 0.776975 0.565050
1 0.736948 0.550281 0.740724 0.549386 0.779996 0.558673 0.778486 0.561023