0 0.000058 0.637724 0.023272 0.633557 0.056308 0.632962 0.122826 0.643081 0.196486 0.668081 0.198718 0.670462 0.197826 0.674034 0.228183 0.688319 0.239790 0.689510 0.245147 0.697843 0.247826 0.708557 0.250058 0.716295 0.254076 0.723438 0.256754 0.741891 0.257647 0.760938 0.264343 0.764510 0.266129 0.781176 0.266129 0.790105 0.257201 0.822248 0.237558 0.866891 0.212111 0.910343 0.188004 0.934748 0.162111 0.954391 0.157201 0.963914 0.140683 0.970462 0.130861 0.987129 0.119701 1.001414 0.045593 1.001414 0.033540 0.982962 0.031754 0.976414 0.021040 0.977010 0.000058 0.973438
0 0.160129 0.497451 0.126102 0.501080 0.108680 0.505436 0.092620 0.513421 0.076015 0.525761 0.067849 0.536650 0.065126 0.544271 0.063221 0.554797 0.067032 0.561693 0.069754 0.565323 0.070843 0.571493 0.080370 0.577663 0.088265 0.579841 0.095342 0.590366 0.102964 0.596173 0.119297 0.596536 0.124469 0.592544 0.129641 0.585285 0.132091 0.582381 0.246148 0.591092 0.250503 0.593996 0.255675 0.596899 0.264658 0.607062 0.275819 0.608514 0.286435 0.605247 0.291879 0.598351 0.295418 0.590729 0.303312 0.588551 0.326723 0.585648 0.331350 0.578752 0.336250 0.566774 0.342239 0.551893 0.342511 0.532294 0.338700 0.527576 0.338972 0.519228 0.336522 0.506888 0.321551 0.483659 0.313112 0.480029 0.303585 0.476400 0.272280 0.471681 0.238254 0.468778 0.216477 0.469141 0.208582 0.472044 0.193611 0.477126 0.175100 0.489103 0.160129 0.497451
0 0.250162 0.407743 0.241197 0.407987 0.232232 0.408719 0.224914 0.412134 0.222718 0.415793 0.223633 0.419453 0.218693 0.424088 0.214851 0.429942 0.212289 0.434577 0.212655 0.446287 0.210825 0.452874 0.211008 0.462388 0.209545 0.469950 0.210277 0.471658 0.216131 0.468974 0.243942 0.468974 0.273947 0.471414 0.304685 0.476049 0.321884 0.483855 0.329202 0.494589 0.338533 0.496541 0.341461 0.502883 0.345669 0.507275 0.354451 0.508250 0.362684 0.508738 0.366161 0.505323 0.369271 0.500688 0.370918 0.498492 0.385921 0.495565 0.389214 0.492394 0.391409 0.488734 0.393056 0.477025 0.392507 0.468974 0.390678 0.458729 0.385738 0.450678 0.365612 0.442628 0.348047 0.437017 0.324445 0.415549 0.319871 0.413842 0.314199 0.409939 0.281998 0.406279 0.254553 0.406279
0 0.293557 0.407077 0.297867 0.400594 0.312895 0.398531 0.330465 0.394848 0.344499 0.387776 0.361295 0.386450 0.379086 0.390281 0.395772 0.398826 0.408700 0.406340 0.410026 0.415622 0.410247 0.421810 0.410579 0.424757 0.406822 0.430061 0.401849 0.433450 0.393561 0.434481 0.389252 0.435218 0.387373 0.438165 0.382069 0.441112 0.375329 0.439196 0.370025 0.432271 0.341183 0.429767 0.324608 0.415770 0.317868 0.412823 0.314442 0.409729
0 0.311790 0.398089 0.311679 0.395290 0.317205 0.389986 0.335879 0.386155 0.347261 0.382472 0.364610 0.375842 0.379086 0.376873 0.390688 0.380262 0.400302 0.387923 0.412126 0.389544 0.412789 0.399857 0.411463 0.412676 0.410137 0.415180 0.408479 0.406340 0.394114 0.397500 0.378754 0.390281 0.361958 0.386450 0.344278 0.388070 0.330575 0.394111
0 0.359195 0.377610 0.359195 0.373337 0.364941 0.368327 0.374997 0.369211 0.389362 0.362139 0.395661 0.359487 0.411684 0.360666 0.429143 0.365675 0.431353 0.372748 0.430690 0.380998 0.430027 0.388365 0.425718 0.391459 0.419861 0.390133 0.418424 0.393669 0.415662 0.395143 0.412789 0.394111 0.411905 0.389397 0.399860 0.388070 0.390246 0.380556 0.378754 0.377315 0.366046 0.375842
0 0.364610 0.368327 0.365052 0.366117 0.372014 0.362581 0.387152 0.358898 0.396877 0.353152 0.410689 0.353446 0.426160 0.357425 0.429696 0.362729 0.430359 0.366854 0.427817 0.365528 0.412899 0.361403 0.394998 0.359193 0.375218 0.369653
0 0.408774 0.353101 0.412656 0.350606 0.417855 0.349866 0.426521 0.352177 0.432690 0.356059 0.440662 0.359294 0.441147 0.363915 0.441147 0.367612 0.440662 0.371310 0.435463 0.373066 0.434215 0.372788 0.432898 0.373528 0.431512 0.373898 0.430818 0.370200 0.429917 0.367243 0.430195 0.366965 0.429155 0.361512 0.425897 0.357261 0.411824 0.353563
0 0.347564 0.346446 0.348396 0.340901 0.351654 0.338775 0.359348 0.338960 0.367112 0.335078 0.374044 0.334893 0.380283 0.335817 0.386176 0.338498 0.388533 0.341825 0.389364 0.345707 0.386800 0.353563 0.384512 0.353563 0.380699 0.353563 0.377510 0.352454 0.371618 0.352085 0.360111 0.350051 0.355258 0.349774 0.351723 0.349312 0.350752 0.348110 0.347841 0.347001
0 1.000052 0.558341 0.997506 0.559385 0.993786 0.562518 0.990849 0.564084 0.987520 0.569567 0.992220 0.570089 0.996919 0.571394 1.000052 0.573222
0 1.000052 0.572961 0.991828 0.569828 0.979884 0.568784 0.957367 0.567478 0.947773 0.568784 0.928976 0.575310 0.921339 0.574527 0.918011 0.575049 0.917619 0.579749 0.917032 0.581576 0.906458 0.582098 0.888836 0.583665 0.875326 0.589930 0.870431 0.596196 0.867298 0.599590 0.864361 0.609510 0.862794 0.617865 0.864948 0.622042 0.867689 0.628046 0.893535 0.647888 0.910766 0.656764 0.927213 0.665640 0.935241 0.669295 0.939745 0.676083 0.944052 0.678172 0.952276 0.679999 0.956975 0.677388 0.962262 0.673995 0.965786 0.669556 1.000247 0.672167
0 1.000052 0.470360 0.988108 0.473754 0.982038 0.472971 0.976555 0.472449 0.975185 0.472449 0.971073 0.475060 0.984779 0.478715 0.994765 0.481586 1.000052 0.484980
0 1.000052 0.485241 0.994569 0.480803 0.971073 0.475843 0.954821 0.474015 0.942094 0.478976 0.938178 0.477931 0.934850 0.478976 0.927997 0.478715 0.923297 0.482109 0.919969 0.486547 0.918990 0.492551 0.922122 0.496206 0.926430 0.496728 0.946598 0.502733 0.956975 0.508216 0.961087 0.512654 0.964416 0.512915 0.967353 0.516570 0.974402 0.519442 0.979884 0.518397 0.982625 0.517092 0.992415 0.518919 0.994373 0.521791 0.995940 0.522835 1.000443 0.522835
0 0.889424 0.501950 0.905283 0.495423 0.924276 0.497512 0.933087 0.498295 0.947185 0.503255 0.958542 0.510043 0.968919 0.520747 0.976555 0.524141 0.982038 0.528057 0.982625 0.532234 0.981842 0.536933 0.982429 0.539544 0.982038 0.541110 0.979884 0.543982 0.975772 0.545026 0.970290 0.546854 0.966765 0.546071 0.964220 0.551292 0.962066 0.553642 0.958542 0.555991 0.952863 0.554164 0.949926 0.551814 0.948360 0.545810 0.921143 0.541632 0.921535 0.535628 0.918598 0.529101 0.913116 0.515264 0.904500 0.508477 0.891186 0.502994
0 0.808949 0.500906 0.792306 0.502211 0.780166 0.505344 0.775467 0.508738 0.770963 0.517353 0.769397 0.521530 0.769788 0.525707 0.768418 0.532234 0.772921 0.537194 0.776054 0.540327 0.788194 0.546332 0.796418 0.550509 0.803271 0.554164 0.806991 0.561474 0.812473 0.565390 0.819131 0.566956 0.823830 0.565129 0.828921 0.561213 0.832641 0.556252 0.881396 0.563562 0.882375 0.569045 0.883745 0.571916 0.887857 0.574005 0.893144 0.576355 0.898039 0.576616 0.904500 0.572961 0.908416 0.566695 0.917227 0.560952 0.920360 0.554164 0.921731 0.546593 0.921143 0.534322 0.912724 0.515264 0.899997 0.506388 0.887661 0.501167 0.867298 0.495162 0.848109 0.491507 0.835382 0.490463 0.828529 0.491507 0.815998 0.496990 0.812865 0.496728 0.811103 0.498034 0.810515 0.499600
0 0.796327 0.428354 0.796902 0.429581 0.794831 0.431729 0.792875 0.435257 0.792300 0.440320 0.782635 0.438172 0.774581 0.436178 0.767907 0.434183 0.760428 0.431115 0.758817 0.432649 0.756401 0.432649 0.755020 0.431422 0.754445 0.428354 0.753180 0.424519 0.755481 0.417308 0.760083 0.413626 0.761464 0.412399 0.771934 0.412706 0.784130 0.416081 0.789653 0.420837 0.791724 0.424212 0.793565 0.425899 0.795981 0.427587
0 0.802770 0.429735 0.798513 0.429735 0.795291 0.431729 0.793680 0.434644 0.792875 0.437712 0.792760 0.440627 0.798743 0.444155 0.800584 0.446610 0.814736 0.452746 0.816692 0.455508 0.820489 0.457655 0.823135 0.457195 0.825437 0.455201 0.833491 0.457655 0.836022 0.460263 0.840624 0.461031 0.842580 0.459343 0.843616 0.457195 0.845687 0.456275 0.847068 0.453207 0.847643 0.446763 0.847068 0.441240 0.842235 0.433263 0.831074 0.428967 0.820259 0.426513 0.813931 0.425439 0.808293 0.426820
0 0.919900 0.483582 0.920705 0.472536 0.918749 0.469008 0.915643 0.461491 0.905057 0.457042 0.891250 0.453207 0.883656 0.453053 0.878134 0.454587 0.873071 0.457655 0.866282 0.457195 0.863176 0.457349 0.860414 0.459036 0.858113 0.462104 0.856733 0.468701 0.858458 0.470389 0.858458 0.472536 0.860875 0.474991 0.863751 0.474991 0.866052 0.474224 0.887683 0.482201 0.889409 0.486190 0.892286 0.488338 0.896313 0.488338 0.898384 0.486497 0.899074 0.484809 0.908049 0.486497 0.909545 0.489105 0.914262 0.492173 0.917139 0.489105
0 0.870885 0.495548 0.870079 0.491406 0.865477 0.487571 0.858458 0.482968 0.850865 0.478826 0.845342 0.473457 0.839704 0.467320 0.833721 0.463945 0.824056 0.460570 0.821870 0.459036 0.813931 0.457195 0.805531 0.455968 0.793220 0.456121 0.790459 0.457042 0.790113 0.458423 0.785626 0.462104 0.780909 0.466400 0.779298 0.470389 0.777802 0.474684 0.776882 0.483429 0.781139 0.484809 0.783440 0.486497 0.785396 0.490025 0.788733 0.493094 0.793220 0.493400 0.796097 0.493400 0.804496 0.497082 0.804381 0.499230 0.808523 0.501378 0.810594 0.500151 0.812090 0.498310 0.813816 0.496929 0.817152 0.497082 0.830154 0.491559 0.836597 0.490792 0.850980 0.491253
0 0.752949 0.440320 0.759393 0.436331 0.767792 0.435871 0.774581 0.436638 0.789423 0.439860 0.795866 0.441854 0.801159 0.446150 0.808063 0.452439 0.812090 0.454127 0.813010 0.456582 0.808868 0.457042 0.802540 0.455815 0.793105 0.456275 0.790459 0.457195 0.790459 0.458116 0.787697 0.459957 0.781599 0.464559 0.779873 0.470235 0.778953 0.472843 0.773775 0.471156 0.773890 0.466093 0.775041 0.461951 0.772509 0.455354 0.767792 0.447684 0.760083 0.443848
0 0.697246 0.354146 0.696467 0.349647 0.694045 0.348724 0.688940 0.347801 0.687124 0.349878 0.686604 0.351724 0.686518 0.352300
0 0.714982 0.353800 0.713165 0.351147 0.709618 0.350685 0.707109 0.350570 0.705206 0.352300
0 0.720692 0.354723 0.723461 0.352877 0.731074 0.353800 0.733410 0.357030
0 0.766114 0.360260 0.768104 0.357953 0.775804 0.358299 0.777967 0.360029 0.782985 0.363259
0 0.946523 0.383521 0.950843 0.380161 0.964044 0.380801 0.970164 0.384641
0 0.920961 0.380161 0.926602 0.379041 0.933082 0.379361 0.938962 0.382721
0 0.833716 0.369920 0.835036 0.368000 0.846196 0.368800 0.849677 0.372160
0 0.661316 0.475822 0.664504 0.471183 0.662765 0.469058 0.658562 0.468285 0.651025 0.452437 0.644502 0.446446 0.632762 0.440842 0.620007 0.437556 0.609281 0.437363 0.607251 0.438136 0.602033 0.444514 0.598120 0.450505 0.596960 0.455143 0.593917 0.460361 0.592177 0.466738 0.591453 0.475628 0.591453 0.483359 0.593192 0.487417 0.597250 0.488770 0.599859 0.486064 0.610730 0.499979 0.611020 0.504811 0.611165 0.509449 0.613194 0.513121 0.615948 0.513121 0.618267 0.511575 0.621311 0.508482 0.635516 0.516020 0.644937 0.518725 0.651894 0.519305 0.657837 0.520078 0.662475 0.520078 0.665229 0.517372 0.667113 0.512734 0.668853 0.500559 0.666969 0.487997
0 0.738603 0.436932 0.739028 0.435514 0.727974 0.430271 0.716494 0.426869 0.702038 0.423893 0.694385 0.424460 0.687157 0.426727 0.679079 0.430696 0.675146 0.431829 0.666430 0.432396 0.659096 0.433388 0.654207 0.436506 0.653144 0.438349 0.650805 0.449828 0.654100 0.452238 0.658246 0.455214 0.661966 0.457907 0.668875 0.460032 0.669406 0.459324 0.670788 0.455781 0.672276 0.453513 0.672808 0.451104 0.674190 0.449403 0.682055 0.446569 0.694598 0.444301 0.709372 0.439057 0.715856 0.436365 0.728186 0.435798
0 0.674083 0.449403 0.673020 0.451954 0.672064 0.454222 0.670576 0.457340 0.670257 0.464001 0.670576 0.465701 0.673764 0.469103 0.677803 0.472079 0.680567 0.474346 0.686094 0.478315 0.689496 0.481149 0.693322 0.483417 0.696511 0.484692 0.701719 0.485543 0.707247 0.483842 0.708947 0.480441 0.748913 0.484125 0.748594 0.489086 0.750295 0.492487 0.756247 0.493621 0.761031 0.492771 0.763582 0.490220 0.764963 0.486251 0.768684 0.485684 0.771979 0.482000 0.772191 0.478740 0.773467 0.473213 0.773998 0.469386 0.774849 0.461591 0.769959 0.451529 0.767089 0.447703 0.753165 0.441183 0.744874 0.438632 0.734139 0.436506 0.719895 0.436365 0.712774 0.438065 0.699487 0.442742 0.691622 0.445010 0.683331 0.446285 0.678866 0.447561
0 0.753803 0.439341 0.754334 0.434664 0.745512 0.429562 0.741473 0.427578 0.734457 0.418933 0.728399 0.414964 0.718726 0.411988 0.709053 0.410429 0.704058 0.410571 0.699806 0.411421 0.697361 0.413405 0.693216 0.415956 0.690559 0.417941 0.688433 0.420492 0.687795 0.425735 0.694385 0.423468 0.702357 0.423184 0.712880 0.426161 0.726273 0.429704 0.739241 0.435798 0.738603 0.437498 0.752315 0.440758
0 0.720321 0.412413 0.718620 0.407453 0.709160 0.404335 0.700550 0.402351 0.691303 0.401359 0.685669 0.402776 0.677166 0.407453 0.669725 0.407170 0.664730 0.408587 0.663773 0.409862 0.672701 0.414539 0.673764 0.416665 0.675890 0.421059 0.676315 0.424460 0.678760 0.427861 0.678548 0.430129 0.687795 0.425735 0.688539 0.420350 0.694173 0.415248 0.699487 0.411138 0.710435 0.410004
0 0.687157 0.401926 0.679079 0.399517 0.671426 0.399800 0.663879 0.404052 0.655907 0.404619 0.663985 0.409154 0.666536 0.407595 0.672064 0.407311 0.676953 0.407453 0.686945 0.402068
0 0.632735 0.402776 0.626783 0.403485 0.621150 0.405894 0.616579 0.407170 0.611902 0.407453 0.610095 0.411421 0.609457 0.415106 0.609032 0.422759 0.617004 0.426586 0.619661 0.429562 0.620724 0.430696 0.624657 0.432822 0.628696 0.434664 0.632417 0.433955 0.634011 0.432255 0.655376 0.436365 0.658246 0.433814 0.670576 0.432255 0.675571 0.431263 0.678654 0.430696 0.678973 0.428286 0.676103 0.424885 0.668556 0.420208 0.661116 0.417090 0.652825 0.409437 0.645597 0.406319 0.636137 0.403343
0 0.633267 0.402634 0.638582 0.401217 0.647829 0.401926 0.654632 0.404193 0.664092 0.409721 0.672701 0.414681 0.674934 0.419358 0.676103 0.423610 0.676209 0.425735 0.668025 0.420492 0.660584 0.416665 0.653675 0.409862 0.643258 0.405469
0 0.632945 0.399418 0.633018 0.392804 0.636738 0.390081 0.642063 0.388913 0.650160 0.390178 0.656215 0.392220 0.662050 0.399904 0.666792 0.401849 0.663436 0.404086 0.656361 0.404475 0.648628 0.402433 0.642063 0.401752 0.637249 0.401266
0 0.633164 0.392415 0.637468 0.389886 0.640094 0.389011 0.635790 0.385412 0.626599 0.383467 0.619888 0.383369 0.623024 0.386190 0.624556 0.387454 0.630465 0.390859
0 0.636811 0.401363 0.632434 0.402919 0.626307 0.403114 0.623827 0.404670 0.618648 0.405448 0.614052 0.405740 0.608581 0.406809 0.606466 0.409825 0.606101 0.411089 0.602235 0.409727 0.600630 0.412062 0.599025 0.412937 0.595086 0.413131 0.591949 0.412062 0.589980 0.410311 0.588156 0.407198 0.583998 0.405740 0.580643 0.402822 0.581153 0.399807 0.583488 0.393679 0.583488 0.390178 0.588156 0.384926 0.589834 0.383856 0.595743 0.383467 0.607998 0.384828 0.616970 0.386968 0.621055 0.389594 0.627547 0.397570
0 0.593117 0.383369 0.599317 0.380841 0.607341 0.380646 0.614490 0.382105 0.619669 0.384245 0.623389 0.386579 0.633018 0.392415 0.632799 0.399029 0.627328 0.397570 0.619304 0.388913 0.616313 0.386871 0.602891 0.384245
0 0.574953 0.396694 0.571962 0.393387 0.572254 0.388330 0.574442 0.385217 0.577871 0.383467 0.586041 0.382883 0.591147 0.380063 0.597274 0.378312 0.602527 0.377631 0.611134 0.379965 0.616386 0.381132 0.619596 0.384148 0.613177 0.381424 0.605663 0.380743 0.597712 0.381424 0.592533 0.383369 0.589834 0.383467 0.587864 0.385412 0.585822 0.386871 0.580424 0.385801 0.577287 0.387454 0.576412 0.391637 0.574953 0.395819
0 0.600995 0.377826 0.601214 0.376269 0.596545 0.373741 0.587427 0.372184 0.581372 0.371309 0.578163 0.372282 0.573713 0.374811 0.571962 0.375589 0.567731 0.375686 0.562698 0.376075 0.558394 0.378701 0.557373 0.385801 0.561823 0.388719 0.563282 0.390470 0.564741 0.391442 0.568315 0.392707 0.571160 0.392998 0.572035 0.389886 0.572327 0.387746 0.575683 0.384245 0.578163 0.383369 0.586187 0.382689 0.592022 0.379965 0.596910 0.378215
0 0.530001 0.366090 0.526301 0.368885 0.525129 0.368885 0.523958 0.369789 0.522971 0.371269 0.522355 0.374229 0.521923 0.377106 0.522046 0.379573 0.522540 0.381217 0.525314 0.380888 0.526856 0.382204 0.527349 0.384835 0.528151 0.386150 0.530247 0.385821 0.531665 0.385492 0.535057 0.384999 0.541593 0.387054 0.544244 0.388288 0.546958 0.388370 0.548006 0.385492 0.548931 0.381464 0.547759 0.375955 0.547204 0.374722 0.546033 0.374229 0.545169 0.371762 0.543381 0.368720 0.542456 0.367652 0.537770 0.366418 0.531727 0.365843
0 0.498245 0.352031 0.502561 0.349400 0.508789 0.349647 0.518408 0.351620 0.522725 0.353264 0.524451 0.358690 0.524328 0.367323 0.521861 0.368720 0.520751 0.368392 0.519703 0.370858 0.517915 0.372009 0.516373 0.370858 0.515202 0.368720 0.513969 0.370529 0.511995 0.371269 0.510207 0.370776 0.507803 0.369296 0.507556 0.367734 0.502746 0.366418 0.501883 0.364445 0.500896 0.363459 0.500711 0.361979 0.500773 0.357704 0.499293 0.352853
0 0.473272 0.352606 0.478698 0.348907 0.482583 0.348495 0.491277 0.350140 0.497690 0.351620 0.499293 0.352771 0.500218 0.356717 0.500773 0.359101 0.500341 0.363130 0.495779 0.361486 0.490722 0.360746 0.484803 0.360170 0.481720 0.359923 0.476910 0.355648 0.473765 0.352606
0 0.475036 0.355427 0.475090 0.354193 0.471715 0.352233 0.465835 0.350708 0.458975 0.349765 0.456416 0.349765 0.452279 0.349910 0.451571 0.351289 0.450319 0.353685 0.448849 0.355136 0.448086 0.357532 0.447869 0.361524 0.447324 0.364573 0.447542 0.365952 0.448413 0.365735 0.449284 0.363049 0.449284 0.361016 0.450155 0.358258 0.451571 0.356661 0.453585 0.355136 0.457015 0.353394 0.458322 0.352668 0.465889 0.353322 0.473892 0.355064
0 0.450863 0.372050 0.448250 0.368493 0.448250 0.365807 0.449121 0.363992 0.449720 0.360798 0.450809 0.357822 0.455273 0.354411 0.459084 0.352886 0.467849 0.353830 0.474818 0.355427 0.476941 0.356951 0.480480 0.359782 0.477050 0.360435 0.475308 0.360073 0.470517 0.359201 0.463657 0.357822 0.459955 0.357242 0.456743 0.358040 0.454565 0.358839 0.453531 0.361670 0.452769 0.365952 0.451952 0.369074 0.451135 0.371905
0 0.478901 0.366170 0.478520 0.366678 0.471878 0.368057 0.466216 0.371106 0.462133 0.372485 0.457777 0.372848 0.453422 0.373502 0.451353 0.374591 0.451135 0.372268 0.452986 0.365589 0.454402 0.359056 0.459955 0.357532 0.468394 0.358766 0.475471 0.360363 0.474219 0.363629 0.478901 0.366315
0 0.451026 0.375099 0.450591 0.377567 0.450754 0.380833 0.458812 0.380470 0.463603 0.380107 0.470245 0.376696 0.475961 0.374010 0.480806 0.373284 0.491858 0.375316 0.497520 0.376333 0.502202 0.380398 0.507810 0.384172 0.508953 0.381051 0.507864 0.377785 0.505469 0.371687 0.502420 0.370598 0.496704 0.369074 0.497030 0.368493 0.502093 0.368203 0.502039 0.366170 0.500896 0.363847 0.498228 0.362758 0.491314 0.360871 0.482603 0.360363 0.478357 0.360073 0.475199 0.360653 0.474328 0.362686 0.475036 0.364065 0.479119 0.366025 0.478901 0.366678 0.471225 0.368638 0.466053 0.371179 0.462786 0.372921 0.457287 0.373139 0.453204 0.373502 0.452006 0.374155
0 0.514125 0.392593 0.514016 0.388891 0.512329 0.386350 0.507374 0.384390 0.500188 0.378656 0.495288 0.376478 0.484563 0.374300 0.478901 0.373719 0.472422 0.375752 0.463494 0.380253 0.455382 0.379962 0.449448 0.381414 0.447107 0.383664 0.445800 0.386423 0.445419 0.390706 0.445800 0.394553 0.450264 0.394262 0.457342 0.394843 0.460935 0.394771 0.466651 0.392738 0.473674 0.389399 0.479173 0.387076 0.484073 0.386931 0.496867 0.387875 0.503999 0.390633 0.510260 0.391649 0.513962 0.392520
0 0.499154 0.388746 0.502910 0.390560 0.497357 0.390560 0.489191 0.389980 0.483474 0.391068 0.478574 0.391504 0.475253 0.392012 0.469482 0.398690 0.463184 0.404500 0.458279 0.405164 0.447901 0.404879 0.440294 0.405922 0.436811 0.408007 0.434394 0.411325 0.433541 0.412652 0.431764 0.410093 0.431764 0.405638 0.433186 0.400709 0.435105 0.397676 0.441503 0.395212 0.447830 0.394548 0.460270 0.394927 0.472141 0.390283 0.479179 0.387155 0.496951 0.388103
0 0.461361 0.404988 0.451729 0.405192 0.439804 0.406008 0.435065 0.410492 0.432007 0.415588 0.430325 0.421500 0.430325 0.427819 0.432160 0.431489 0.435829 0.432508 0.444085 0.431692 0.457233 0.425577 0.466101 0.424762 0.479555 0.424762 0.493620 0.428839 0.504475 0.435362 0.512272 0.442904 0.520528 0.449835 0.522974 0.450039 0.526338 0.448000 0.527408 0.446777 0.535511 0.446370 0.538263 0.444331 0.538875 0.441069 0.539180 0.439031 0.542544 0.438623 0.543614 0.432100 0.544378 0.422927 0.543767 0.416404 0.542544 0.413550 0.537040 0.412938 0.536428 0.407231 0.538263 0.401931 0.535664 0.397854 0.528631 0.397038 0.526949 0.394796 0.514871 0.392553 0.497748 0.390719 0.488575 0.390107 0.481542 0.391330 0.475885 0.391942 0.470687 0.397650 0.462431 0.404377
0 0.439804 0.432304 0.430019 0.432100 0.426044 0.432916 0.423598 0.436585 0.423292 0.441069 0.422681 0.448408 0.420846 0.451262 0.420235 0.455747 0.420693 0.463493 0.421152 0.468997 0.421763 0.470016 0.424821 0.461862 0.429102 0.455747 0.436288 0.447389 0.439804 0.444943 0.442097 0.443516 0.454481 0.441885 0.472063 0.441885 0.489186 0.443720 0.502335 0.449020 0.517318 0.458193 0.529243 0.468793 0.537346 0.472666 0.550035 0.477762 0.555233 0.481635 0.556762 0.481635 0.557221 0.477762 0.554928 0.472462 0.553857 0.466958 0.547436 0.460027 0.533065 0.453912 0.521751 0.450039 0.504934 0.436177 0.494079 0.428635 0.479096 0.424965 0.458150 0.425577 0.445155 0.430877
0 0.441639 0.443312 0.435523 0.448816 0.426503 0.459824 0.422528 0.469608 0.419317 0.473685 0.417788 0.481635 0.418400 0.488770 0.418247 0.496516 0.420235 0.500593 0.428338 0.505486 0.430631 0.510582 0.432313 0.513640 0.436135 0.517920 0.440110 0.519347 0.447754 0.517920 0.449589 0.516086 0.454787 0.510378 0.524197 0.521182 0.527255 0.526686 0.531230 0.529947 0.539180 0.530355 0.544837 0.529132 0.550953 0.522405 0.563336 0.521794 0.566088 0.516901 0.566394 0.510582 0.567006 0.502224 0.562113 0.487547 0.553552 0.481024 0.541627 0.473889 0.530160 0.468589 0.514566 0.457174 0.494996 0.445962 0.484906 0.443720 0.465795 0.441885 0.450659 0.441681
0 -0.000088 0.355404 0.022233 0.356139 0.040008 0.357241 0.054062 0.360365 0.076521 0.377634 0.092229 0.381492 0.102563 0.384799 0.108074 0.390494 0.110417 0.400047 0.109590 0.407579 0.106559 0.409600 0.098154 0.412172 0.091815 0.414744 0.081206 0.415663 0.072663 0.415847 0.070596 0.415479 0.068805 0.419337 0.064809 0.419337 0.059022 0.419337 0.055578 0.417867 0.049791 0.414744 0.047035 0.411254 -0.000364 0.404456
0 -0.000088 0.333542 0.018237 0.334093 0.035461 0.334093 0.055715 0.337951 0.063294 0.340523 0.073352 0.350995 0.076521 0.360916 0.077899 0.369367 0.077761 0.372306 0.073076 0.373408 0.065498 0.368999 0.055164 0.361099 0.041661 0.358160 0.027331 0.356874 0.008041 0.355588 -0.000088 0.355404
0 0.042626 0.335196 0.048413 0.334461 0.067014 0.334644 0.078037 0.335563 0.086993 0.340523 0.093331 0.345116 0.104078 0.348790 0.106421 0.357793 0.107248 0.362385 0.105732 0.366427 0.100496 0.368264 0.098980 0.370285 0.095673 0.373041 0.092780 0.373408 0.089473 0.371755 0.086717 0.368815 0.079966 0.370836 0.077210 0.369734 0.075832 0.360548 0.072388 0.350260 0.062191 0.339972 0.050479 0.337033
0 -0.000047 0.301435 0.010153 0.305915 0.018914 0.311676 0.031635 0.316476 0.035475 0.319996 0.036675 0.324636 0.036675 0.330717 0.034995 0.331677 0.034155 0.332797 0.032115 0.333597 0.028154 0.333917 0.023954 0.332957 0.023234 0.331677 0.018314 0.331677 0.014474 0.333117 0.012313 0.332157 0.009553 0.333597 0.003193 0.333437 -0.000167 0.333277
0 -0.000407 0.294394 0.011713 0.294554 0.022274 0.296635 0.018434 0.298555 0.018794 0.302075 0.016394 0.304635 0.014834 0.305435 0.014594 0.307835 0.012553 0.308475 0.005233 0.303355 -0.000767 0.301275
0 0.023234 0.296475 0.019274 0.298715 0.018914 0.303195 0.016034 0.305755 0.015074 0.306555 0.015074 0.309435 0.019994 0.311676 0.030075 0.316156 0.035475 0.320316 0.037155 0.326716 0.059836 0.329757 0.061637 0.331517 0.065957 0.332797 0.068237 0.332157 0.070277 0.330237 0.074477 0.330877 0.075917 0.332797 0.078198 0.333597 0.079998 0.332957 0.082038 0.330717 0.086838 0.329917 0.088278 0.326076 0.087078 0.321436 0.083358 0.317116 0.076998 0.313596 0.070277 0.310555 0.063077 0.303995 0.052636 0.301595 0.041475 0.299995 0.031995 0.298075 0.023474 0.297115
0 0.045676 0.299195 0.054316 0.298875 0.067637 0.300155 0.077478 0.302075 0.086598 0.307195 0.091278 0.312796 0.099199 0.314236 0.103879 0.318236 0.105319 0.324156 0.105199 0.326716 0.103399 0.328477 0.102199 0.329117 0.100399 0.331197 0.097879 0.331517 0.095719 0.331357 0.093079 0.328957 0.089958 0.329277 0.088398 0.330077 0.087078 0.328957 0.088398 0.324956 0.087198 0.321436 0.082758 0.316636 0.075557 0.312316 0.070637 0.310395 0.063077 0.304155 0.045796 0.300155
0 0.098797 0.314111 0.101677 0.311711 0.110317 0.309951 0.116918 0.307071 0.123878 0.304991 0.134199 0.304511 0.142479 0.305631 0.154120 0.308351 0.157360 0.313311 0.158681 0.318432 0.159401 0.322752 0.152200 0.323072 0.148840 0.323232 0.145960 0.326912 0.144640 0.328992 0.141159 0.330432 0.138279 0.330112 0.135279 0.328032 0.134319 0.326272 0.110317 0.324992 0.108157 0.326272 0.105277 0.325952 0.104437 0.322112 0.103717 0.317951 0.100117 0.315071
0 0.089916 0.342753 0.095556 0.339873 0.102277 0.336833 0.112958 0.332512 0.123158 0.330912 0.132879 0.330912 0.143560 0.332512 0.154120 0.336513 0.158921 0.339073 0.161321 0.339553 0.161921 0.340993 0.162761 0.345473 0.157960 0.346753 0.153280 0.348513 0.149200 0.349314 0.141639 0.352674 0.138039 0.354754 0.132399 0.354754 0.122798 0.356354 0.116558 0.357634 0.110917 0.358274 0.105997 0.357954 0.103837 0.348993 0.093276 0.345473
0 0.143920 0.332352 0.143920 0.329952 0.148720 0.323712 0.158921 0.322592 0.178602 0.325312 0.181482 0.325952 0.195763 0.335393 0.184242 0.336993 0.182322 0.340033 0.178122 0.344833 0.169721 0.345473 0.163241 0.346273 0.161561 0.339553 0.158200 0.337953 0.151960 0.335233 0.145840 0.332512
0 0.116438 0.357634 0.113678 0.361314 0.111638 0.365955 0.111998 0.369795 0.113078 0.374435 0.115238 0.375715 0.117158 0.376835 0.119318 0.378115 0.120158 0.380035 0.122438 0.381956 0.125198 0.383076 0.127239 0.382756 0.130359 0.381636 0.131919 0.379075 0.175362 0.384836 0.177762 0.388836 0.180882 0.389636 0.184842 0.390116 0.189642 0.388836 0.191443 0.386436 0.195763 0.388516 0.203683 0.388356 0.205604 0.385796 0.208964 0.383876 0.213044 0.383876 0.216524 0.382276 0.219404 0.380035 0.219644 0.377475 0.219884 0.372355 0.215684 0.362434 0.206924 0.358754 0.194443 0.350434 0.184962 0.346593 0.174282 0.345793 0.164201 0.345793 0.158921 0.346113 0.148960 0.349474 0.138279 0.354914 0.126998 0.355714
0 0.181765 0.326040 0.190851 0.321299 0.195987 0.321036 0.208630 0.322748 0.220580 0.324723 0.223445 0.325777 0.227494 0.331835 0.227988 0.337102 0.221568 0.336049 0.210704 0.335259 0.204284 0.334863 0.195987 0.335390
0 0.177320 0.346057 0.184234 0.337102 0.195395 0.335390 0.207938 0.335390 0.221272 0.338946 0.227889 0.344608 0.235889 0.350798 0.243001 0.353168 0.249322 0.355670 0.252087 0.357119 0.253272 0.361201 0.252779 0.368839 0.252680 0.372000 0.246853 0.373844 0.243297 0.375029 0.240531 0.375819 0.236087 0.376082 0.232235 0.377004 0.228383 0.377136 0.223642 0.375687 0.223050 0.373449 0.220185 0.373449 0.215741 0.362782 0.207741 0.359753 0.194703 0.350798 0.184530 0.346716
0 0.209815 0.335654 0.221667 0.335785 0.230260 0.338024 0.237075 0.342370 0.244581 0.348691 0.251100 0.351588 0.257519 0.355407 0.260087 0.358963 0.260285 0.365284 0.259989 0.368181 0.255840 0.369366 0.252581 0.369761 0.253075 0.360280 0.251988 0.357119 0.242606 0.353432 0.235791 0.350666 0.221173 0.339209
0 0.230753 0.338024 0.236877 0.335785 0.249322 0.336049 0.259100 0.339209 0.269273 0.346847 0.274211 0.348559 0.282705 0.351851 0.285174 0.354880 0.286162 0.358963 0.285866 0.363704 0.283693 0.366337 0.277372 0.366864 0.273717 0.367654 0.267692 0.368181 0.265223 0.367127 0.262359 0.365547 0.259989 0.365679 0.259890 0.358304 0.256630 0.354354 0.245766 0.349218 0.239050 0.343555
0 0.214951 0.323275 0.222457 0.318534 0.231050 0.318007 0.246754 0.319982 0.253667 0.321563 0.256927 0.328674 0.248532 0.328674 0.243791 0.329728 0.242210 0.330518 0.238655 0.335522 0.235198 0.336444 0.231840 0.337497 0.229173 0.337629 0.227593 0.337102 0.227593 0.331835 0.223642 0.324723
0 0.239342 0.335550 0.242508 0.330484 0.249236 0.328479 0.258418 0.329534 0.269104 0.332067 0.278286 0.336394 0.283114 0.342515 0.289763 0.345998 0.292771 0.348531 0.293562 0.353069 0.293088 0.357079 0.289130 0.358240 0.285647 0.358768 0.284381 0.354019 0.280898 0.351275 0.269341 0.347159 0.257547 0.338716 0.248603 0.335972
0 0.269183 0.331539 0.274249 0.329006 0.279315 0.328690 0.288497 0.328690 0.296254 0.331223 0.304327 0.336605 0.310976 0.338716 0.316042 0.342832 0.316200 0.346737 0.315805 0.351169 0.314222 0.353702 0.309314 0.354230 0.307177 0.354969 0.305436 0.355180 0.302032 0.355391 0.299341 0.354335 0.297995 0.352119 0.293800 0.351486 0.292613 0.348636 0.288338 0.345576 0.283272 0.342726 0.277890 0.335761
1 0.324655 0.770838 0.258137 1.001195 0.835816 0.999409 0.723762 0.797028
1 0.352780 0.676790 0.367066 0.673814 0.386262 0.669052 0.400994 0.663100 0.413941 0.655957 0.418405 0.645243 0.652780 0.666671 0.720637 0.788695 0.327780 0.761909
1 0.290726 0.632743 0.293405 0.647624 0.303673 0.662505 0.317512 0.669052 0.343851 0.676790 0.318405 0.760719 0.258137 0.758338 0.254658 0.723180 0.249758 0.717736 0.247580 0.706485 0.243225 0.693418 0.239958 0.689426 0.226892 0.687974 0.198037 0.674545 0.198310 0.668375 0.183882 0.662931 0.151761 0.651679 0.124540 0.644057 0.058120 0.632443 0.021916 0.633169 0.006944 0.635709 0.048593 0.606673
1 0.337986 0.512348 0.339125 0.517511 0.338897 0.527229 0.342542 0.532999 0.342314 0.552739 0.340492 0.558509 0.381718 0.561850 0.395384 0.518118
1 0.399940 0.518422 0.386957 0.562154 0.609488 0.588271 0.584205 0.542110
1 0.417250 0.640203 0.417250 0.630485 0.412467 0.617122 0.400851 0.605278 0.385135 0.598597 0.376707 0.596167 0.386046 0.564887 0.610854 0.591308 0.650942 0.662980
1 0.392571 0.467507 0.396116 0.469082 0.404913 0.470833 0.410690 0.472234 0.405964 0.485714 0.392308 0.483963 0.393096 0.477486
1 0.388106 0.453501 0.394934 0.451926 0.401893 0.451575 0.416074 0.452626 0.418306 0.446323 0.356725 0.438970 0.366179 0.442472 0.376027 0.445623 0.384955 0.449825
1 0.962239 0.694044 0.999930 0.726977 0.999930 0.696727
1 0.988692 0.566618 0.986930 0.568968 0.957168 0.567662 0.947182 0.568707 0.928776 0.574972 0.918986 0.574711 0.908217 0.567924 0.913112 0.564007 0.917224 0.562180 0.919574 0.557742
1 0.895882 0.582543 0.889420 0.583588 0.875910 0.589592 0.866903 0.599774 0.862204 0.616482 0.800526 0.571056
1 0.689017 0.486748 0.716856 0.506645 0.772032 0.514503 0.775293 0.508986 0.779180 0.505642 0.790717 0.502298 0.787958 0.500291
1 0.717106 0.508317 0.752470 0.533732 0.770904 0.535404 0.768270 0.532394 0.769775 0.525706 0.769273 0.521860 0.771531 0.515005
1 0.773206 0.475471 0.777295 0.476061 0.776632 0.482985 0.780941 0.485490 0.782930 0.486522 0.770444 0.484754 0.772212 0.482249 0.773427 0.475177
1 0.644489 0.445984 0.650817 0.451507 0.652888 0.455035 0.658641 0.456416 0.650817 0.449666 0.651277 0.446137
1 0.618600 0.434324 0.627000 0.439387 0.632292 0.439694 0.642533 0.444910 0.651162 0.445677 0.652543 0.439694
1 0.588455 0.412233 0.596969 0.417909 0.604333 0.418523 0.605484 0.414841
1 0.022048 0.443198 0.000050 0.451609 0.000374 0.440178
1 0.000050 0.415161 0.081572 0.425082 0.023989 0.441688 0.000050 0.438453
1 0.109393 0.394673 0.110687 0.399633 0.109716 0.407828 0.127994 0.410632 0.162932 0.401143
1 0.090630 0.379360 0.089336 0.380439 0.101629 0.384105 0.108099 0.390791 0.108908 0.393163 0.164226 0.400496 0.190591 0.392516
1 0.293897 0.355875 0.293327 0.356852 0.291290 0.358373 0.299437 0.359785 0.306932 0.357287
1 0.037427 0.330637 0.034906 0.333037 0.041987 0.334798 0.059388 0.333678
1 0.104991 0.327597 0.103071 0.330157 0.111471 0.332077 0.131273 0.329677