0 0.999419 0.716175 0.960580 0.713198 0.917277 0.710817 0.868616 0.698317 0.851205 0.696532 0.836473 0.705460 0.831116 0.711413 0.823973 0.735222 0.823973 0.747722 0.824419 0.760817 0.832902 0.784032 0.838259 0.793556 0.869509 0.826889 0.877544 0.832841 0.882009 0.844151 0.886473 0.850698 0.898080 0.859032 0.913259 0.865579 0.927991 0.866175 0.935580 0.862603 0.955223 0.873317 0.984241 0.890579 1.000312 0.901294
0 1.000044 0.589308 0.975445 0.579590 0.951985 0.572909 0.934674 0.569264 0.931941 0.571390 0.929208 0.575338 0.930802 0.581716 0.934902 0.586271 0.926930 0.585968 0.906887 0.585056 0.880010 0.585664 0.870216 0.583234 0.849261 0.579894 0.833317 0.630003 0.839011 0.635166 0.847211 0.643366 0.849489 0.652780 0.853816 0.656121 0.859738 0.661283 0.865432 0.664017 0.871127 0.664017 0.877277 0.660372 0.885932 0.664320 0.988200 0.715644 1.000044 0.716252
0 0.943785 0.570479 0.927614 0.549828 0.909392 0.534947 0.888893 0.520066 0.845844 0.502756 0.827850 0.499111 0.827167 0.505793 0.822612 0.511563 0.819423 0.519459 0.816006 0.521281 0.813501 0.531607 0.812590 0.537680 0.813501 0.545273 0.816918 0.551650 0.827395 0.558332 0.831723 0.562887 0.836506 0.569264 0.842428 0.576553 0.847894 0.580197 0.851994 0.580197 0.859055 0.576857 0.876365 0.585360 0.901192 0.585360 0.934674 0.586271 0.930119 0.582323 0.929891 0.575338 0.934447 0.569264
0 0.941280 0.568050 0.942874 0.561065 0.935586 0.548006 0.922830 0.538895 0.902787 0.525533 0.893220 0.513992 0.882743 0.502756 0.873860 0.496986 0.852677 0.487875 0.829217 0.480586 0.809857 0.487267 0.806668 0.493038 0.806668 0.499415 0.802568 0.503059 0.800746 0.506704 0.799607 0.515207 0.806440 0.526747 0.813045 0.530999 0.816006 0.520674 0.818512 0.520977 0.822156 0.512170 0.826712 0.505489 0.827167 0.498504 0.847211 0.502452 0.889348 0.519763 0.912809 0.538288 0.928297 0.549828
0 0.924653 0.540110 0.925108 0.534947 0.922603 0.529481 0.913720 0.521281 0.898231 0.511563 0.893904 0.508526 0.883882 0.495163 0.875454 0.486964 0.854272 0.472690 0.833772 0.464794 0.815323 0.461150 0.815323 0.464187 0.803935 0.469653 0.801201 0.475727 0.801201 0.479979 0.798013 0.482408 0.796190 0.486660 0.795963 0.495771 0.798240 0.501237 0.801201 0.504274 0.806212 0.499719 0.806440 0.493341 0.810084 0.486964 0.829217 0.480890 0.858827 0.490001 0.881832 0.501541 0.903014 0.525533
0 0.886160 0.468742 0.898459 0.471475 0.912809 0.468135 0.923286 0.469046 0.934902 0.473601 0.947657 0.478764 0.960868 0.485445 0.967018 0.489090 0.967473 0.491519 0.970207 0.501237 0.969523 0.506400 0.967473 0.511259 0.966562 0.518851 0.963601 0.522799 0.948113 0.520674 0.945835 0.523407 0.938319 0.521585 0.928297 0.518244 0.923058 0.509741 0.887298 0.494252 0.882060 0.494252 0.879099 0.490608
0 0.638719 0.528227 0.630825 0.529679 0.612314 0.529679 0.591354 0.533309 0.583188 0.533672 0.570394 0.529679 0.551066 0.524961 0.534734 0.523509 0.520034 0.523872 0.510779 0.526050 0.500979 0.532583 0.496079 0.536575 0.493357 0.543108 0.492269 0.545286 0.487641 0.551819 0.487369 0.563797 0.486824 0.572870 0.490907 0.581944 0.500979 0.591744 0.500707 0.601180 0.504246 0.613521 0.508601 0.619328 0.515134 0.624046 0.523845 0.627313 0.530378 0.625135 0.537456 0.620054 0.540450 0.616424 0.576654 0.637113 0.660768 0.687563 0.661040 0.697362 0.665668 0.712969 0.669479 0.718050 0.675195 0.722406 0.681456 0.728213 0.696972 0.728213 0.707044 0.722406 0.709494 0.716599 0.716299 0.717687 0.732088 0.723132 0.744610 0.724583 0.751687 0.725309 0.757676 0.722406 0.760670 0.717324 0.764481 0.710791 0.766659 0.700629 0.766659 0.689014 0.766659 0.677400 0.768836 0.658890 0.772647 0.623683 0.771559 0.606625 0.769109 0.594647 0.756315 0.587388 0.755770 0.581581 0.718749 0.561982 0.675195 0.542383 0.647157 0.530768
0 0.543989 0.524235 0.544533 0.516613 0.546711 0.511895 0.552972 0.504636 0.553789 0.498829 0.560049 0.492658 0.569577 0.487214 0.581826 0.486125 0.607959 0.491207 0.620481 0.492295 0.642258 0.485399 0.654507 0.482859 0.664851 0.482496 0.674107 0.482859 0.705139 0.493384 0.728549 0.504273 0.750598 0.516250 0.754954 0.520968 0.760126 0.526050 0.763664 0.542020 0.764481 0.569967 0.762031 0.588840 0.760670 0.590292 0.756859 0.588114 0.756315 0.581944 0.724194 0.564885 0.678462 0.544197 0.638174 0.527865 0.628375 0.529316 0.610953 0.530768 0.583460 0.534035 0.555694 0.526413
0 0.617460 0.491634 0.615472 0.488984 0.610427 0.483480 0.611039 0.479199 0.612109 0.477568 0.614096 0.467172 0.615319 0.465133 0.618989 0.462891 0.622811 0.456164 0.625104 0.454941 0.632596 0.453718 0.642228 0.453922 0.653082 0.455145 0.661797 0.459222 0.677850 0.455553 0.686870 0.454126 0.697114 0.456572 0.716072 0.464318 0.734418 0.473287 0.744967 0.480014 0.744356 0.483684 0.750930 0.497138 0.754140 0.498972 0.754140 0.505088 0.751541 0.510796 0.751694 0.517319 0.746190 0.513649 0.727844 0.503865 0.702006 0.491838 0.674028 0.483072 0.653847 0.482461 0.639170 0.486538 0.621435 0.492041
0 0.658739 0.457591 0.659198 0.454126 0.661185 0.450864 0.661950 0.448010 0.664855 0.445564 0.668983 0.444341 0.672346 0.443118 0.682590 0.443525 0.695126 0.445564 0.698796 0.446583 0.716072 0.443525 0.730290 0.444749 0.745579 0.450049 0.759339 0.459018 0.769429 0.467580 0.778755 0.476957 0.786399 0.482461 0.788387 0.486130 0.786094 0.495915 0.783800 0.504680 0.779672 0.513649 0.768818 0.512222 0.759033 0.510592 0.753835 0.513649 0.751847 0.513649 0.751694 0.512834 0.754140 0.505088 0.753835 0.498157 0.751388 0.497342 0.744661 0.483276 0.744967 0.480014 0.724786 0.468191 0.705981 0.460037 0.686870 0.454126 0.670970 0.457387 0.661797 0.459018
0 0.668983 0.444341 0.671887 0.434760 0.676780 0.432925 0.686259 0.432925 0.705370 0.437002 0.709956 0.438837 0.722952 0.434964 0.731666 0.434352 0.737017 0.434556 0.754599 0.440672 0.766983 0.447195 0.776615 0.454126 0.778602 0.456572 0.782272 0.462076 0.786399 0.467987 0.787470 0.477772 0.785941 0.482461 0.777226 0.475326 0.763925 0.463095 0.748789 0.452087 0.734571 0.445972 0.714390 0.443322 0.699407 0.446379 0.682284 0.443118 0.673263 0.443118
0 0.382058 0.292424 0.384808 0.290483 0.389661 0.286601 0.392896 0.287033 0.396130 0.278622 0.401306 0.276896 0.408585 0.278406 0.410688 0.281425 0.410364 0.285523 0.408585 0.288111 0.407615 0.292424 0.411173 0.293718 0.414893 0.295444 0.417481 0.301914 0.415702 0.305364 0.410203 0.307521 0.410041 0.310540 0.406159 0.309678 0.402439 0.309678 0.395807 0.308384 0.390146 0.307737 0.385940 0.308815 0.385455 0.305796 0.383029 0.304286 0.381250 0.304286 0.380603 0.303423 0.381088 0.298463
0 0.438185 0.324774 0.447567 0.335773 0.455654 0.343753 0.444817 0.345910 0.444655 0.350007 0.441744 0.352595 0.440126 0.361438 0.438509 0.364026 0.435921 0.360144 0.438347 0.358850 0.440288 0.351086 0.440126 0.346125 0.440773 0.337930
0 0.456787 0.342243 0.457110 0.343969 0.449993 0.345047 0.444655 0.345694 0.444817 0.350007 0.442067 0.352811 0.439479 0.362300 0.440126 0.367045 0.446596 0.375240 0.451934 0.380200 0.453713 0.381926 0.457434 0.379769 0.488651 0.394650 0.489460 0.398101 0.490916 0.400689 0.494798 0.403708 0.500135 0.403708 0.503856 0.401983 0.505635 0.400473 0.513075 0.402845 0.520678 0.402414 0.525045 0.400257 0.525045 0.397669 0.525854 0.385808 0.521972 0.378691 0.513884 0.371358 0.508061 0.367476 0.501915 0.358634 0.494474 0.351301 0.480402 0.345047 0.471021 0.343322 0.468433 0.341165 0.466653 0.342243
0 0.368310 0.331244 0.376559 0.329735 0.386426 0.332107 0.401306 0.335773 0.415540 0.342459 0.425892 0.349145 0.436244 0.360575 0.441097 0.369201 0.447243 0.375240 0.453228 0.381926 0.454522 0.386023 0.455169 0.390768 0.455007 0.395297 0.454360 0.402198 0.453228 0.405433 0.450640 0.407374 0.435759 0.407374 0.425892 0.406080 0.422334 0.407590 0.418614 0.409100 0.412305 0.406943 0.410364 0.403708 0.409070 0.397669 0.374133 0.380632 0.370574 0.381279 0.365722 0.377397 0.356987 0.365535 0.357311 0.357124 0.359090 0.352595 0.359252 0.346772 0.362810 0.342890 0.368471 0.334479
0 0.354884 0.318520 0.356987 0.315716 0.364104 0.315285 0.372192 0.315501 0.379632 0.310972 0.386426 0.308815 0.390308 0.307952 0.404703 0.310325 0.411982 0.311187 0.421849 0.314422 0.433818 0.319598 0.435274 0.321324 0.437053 0.322833 0.438509 0.326931 0.440935 0.337283 0.440450 0.348498 0.439965 0.352595 0.438185 0.359928 0.436083 0.359712 0.428480 0.352811 0.422334 0.346341 0.409879 0.339871 0.400336 0.335989 0.380279 0.330382 0.375427 0.329950 0.368310 0.331244 0.360707 0.345263 0.360869 0.336636 0.361031 0.331676 0.357796 0.324559
0 0.259937 0.348713 0.262849 0.345263 0.279186 0.344400 0.289052 0.341596 0.307815 0.340734 0.321726 0.343106 0.336283 0.348929 0.349223 0.356693 0.358766 0.368339 0.367016 0.378259 0.375427 0.385376 0.385293 0.394003 0.388690 0.396807 0.390955 0.403708 0.391116 0.407159 0.391925 0.409100 0.391116 0.415785 0.389984 0.420530 0.389984 0.424412 0.388043 0.427863 0.381411 0.428941 0.365722 0.431313 0.347282 0.430235 0.343077 0.433039 0.334666 0.432176 0.327872 0.424412 0.325446 0.418158 0.299728 0.403708 0.298272 0.398316 0.295199 0.393356 0.286788 0.384514 0.279347 0.376103 0.270775 0.363163 0.264466 0.354321
0 0.287758 0.278190 0.281612 0.279484 0.277730 0.279484 0.276759 0.283798 0.275789 0.287895 0.276921 0.293287 0.278215 0.297385 0.280318 0.299326 0.284200 0.299326 0.287111 0.296522 0.299404 0.301051 0.304095 0.300835 0.315579 0.301698 0.325608 0.303208 0.333210 0.305580 0.341136 0.308384 0.342268 0.306011 0.343077 0.302561 0.342591 0.299973 0.341944 0.292856 0.336445 0.281857 0.323667 0.275818 0.312991 0.273446 0.298434 0.272152 0.291317 0.275818
0 0.276759 0.309893 0.286303 0.308815 0.291802 0.305580 0.299404 0.301914 0.310080 0.301482 0.326255 0.302776 0.340650 0.308384 0.349547 0.313775 0.351002 0.315932 0.355208 0.318304 0.361516 0.332107 0.360546 0.345047 0.359575 0.347635 0.359252 0.353458 0.357311 0.357340 0.354723 0.358850 0.352620 0.360791 0.347929 0.356262 0.335960 0.348498 0.321240 0.343537 0.307977 0.340734 0.301992 0.341165 0.301022 0.337714 0.297140 0.332538 0.287435 0.324127 0.287597 0.321539 0.284200 0.317442 0.282906 0.318304
0 -0.000181 0.294246 0.007847 0.289286 0.015483 0.286414 0.026057 0.286153 0.043483 0.287720 0.063063 0.290069 0.076378 0.293463 0.084601 0.301295 0.093608 0.313305 0.097720 0.319309 0.081664 0.320092 0.076965 0.320614 0.071874 0.327663 0.067175 0.334973 0.060714 0.338106 0.058951 0.342283 0.058756 0.351943 0.058951 0.357947 0.058364 0.368912 0.035259 0.368651 0.031931 0.372045 0.024686 0.371784 0.020770 0.361341 0.019399 0.354553 0.006672 0.342805 -0.000181 0.343589
0 0.076965 0.320614 0.066979 0.335234 0.060714 0.337845 0.059147 0.342022 0.058756 0.357425 0.058168 0.368651 0.060714 0.385621 0.061888 0.395280 0.064434 0.405201 0.066392 0.409639 0.070504 0.412250 0.076378 0.413294 0.079706 0.411206 0.081664 0.407551 0.108881 0.435224 0.110839 0.446450 0.112405 0.451149 0.114559 0.456109 0.117888 0.458981 0.123958 0.460548 0.128657 0.460548 0.131594 0.457415 0.131986 0.455065 0.155286 0.457154 0.168796 0.457154 0.194251 0.454543 0.204236 0.451149 0.212852 0.442534 0.213831 0.437312 0.215397 0.422954 0.213635 0.419560 0.212656 0.404157 0.206194 0.396586 0.191118 0.378833 0.194446 0.375178 0.192293 0.370218 0.185635 0.369696 0.179761 0.362908 0.166838 0.345677 0.159202 0.337323 0.147258 0.329230 0.131986 0.323486 0.124937 0.324008 0.110056 0.321920 0.107706 0.320614 0.106923 0.321398 0.096545 0.320092 0.084014 0.320353
0 0.183677 0.326097 0.179957 0.330535 0.175258 0.336018 0.171538 0.342544 0.170363 0.349854 0.186223 0.370218 0.192880 0.370740 0.194055 0.374656 0.191118 0.379094 0.212264 0.403635 0.213048 0.410422 0.220292 0.415122 0.221859 0.421126 0.223621 0.427392 0.225775 0.431569 0.231845 0.434441 0.236935 0.432613 0.238698 0.428175 0.251229 0.432352 0.265131 0.432874 0.284711 0.431569 0.292739 0.430003 0.299200 0.424781 0.299396 0.421909 0.299592 0.416427 0.300767 0.413294 0.300179 0.409117 0.299788 0.404157 0.297830 0.397891 0.294893 0.392931 0.285494 0.382749 0.278054 0.374917 0.269830 0.361080 0.258474 0.347244 0.241635 0.335234 0.225970 0.328969 0.210502 0.326619 0.192293 0.325836
0 0.301942 0.340456 0.300179 0.336540 0.296459 0.332102 0.287256 0.323747 0.287452 0.321398 0.284711 0.317482 0.283145 0.318004 0.274529 0.306517 0.265914 0.300512 0.246138 0.295552 0.235173 0.293985 0.225187 0.294246 0.219901 0.300512 0.217355 0.302340 0.216572 0.304689 0.215985 0.307561 0.214222 0.310955 0.213439 0.313305 0.212852 0.322181 0.214027 0.326880 0.218726 0.327663 0.225970 0.328447 0.242222 0.335234 0.258669 0.346721 0.259844 0.348549 0.262194 0.345677 0.280012 0.344372 0.289410 0.341761
0 0.000025 0.177133 0.014276 0.180339 0.018741 0.183544 0.026124 0.194075 0.029043 0.199340 0.030416 0.205980 0.027669 0.208498 0.023892 0.207124 0.018741 0.198883 0.014620 0.194991 0.005004 0.191328 0.000025 0.190641
0 0.000025 0.190870 0.004146 0.191557 0.015135 0.194762 0.018912 0.199340 0.024922 0.208956 0.030588 0.215366 0.033164 0.223150 0.033507 0.229560 0.032305 0.231850 0.026639 0.230705 0.000197 0.224981
0 0.026124 0.210329 0.029043 0.208040 0.035567 0.202546 0.040719 0.202775 0.053253 0.205522 0.062697 0.208040 0.068706 0.216053 0.061666 0.215137 0.058404 0.215137 0.054970 0.220861 0.052051 0.223837 0.049304 0.224981 0.043466 0.224066 0.041405 0.225439 0.038143 0.229560 0.033679 0.227042 0.032305 0.219487 0.029214 0.214908
0 0.073686 0.216511 0.079695 0.212848 0.085018 0.212161 0.093260 0.213077 0.106309 0.218113 0.114551 0.228187 0.119359 0.231392 0.120904 0.235055 0.115066 0.239176 0.111975 0.241465 0.108713 0.237573 0.106481 0.235055 0.099784 0.225668 0.092401 0.222005 0.078493 0.218800
0 0.102532 0.207582 0.101502 0.205064 0.101502 0.197738 0.106996 0.197509 0.110258 0.195677 0.121076 0.197051 0.127257 0.200485 0.127944 0.204606 0.125025 0.207353 0.123480 0.208498 0.123136 0.211703 0.122278 0.213077 0.116268 0.211703 0.112662 0.210787
0 0.132752 0.203003 0.126914 0.204148 0.123651 0.209185 0.123823 0.215137 0.126742 0.215366 0.133610 0.219029 0.139105 0.220174 0.146488 0.219716 0.146316 0.214679 0.149063 0.211932 0.148205 0.208040 0.144427 0.205293
0 0.156790 0.208727 0.149922 0.211245 0.147003 0.213306 0.145801 0.216053 0.146488 0.220403 0.147690 0.224066 0.151295 0.223150 0.159022 0.225668 0.159537 0.227500 0.162800 0.229102 0.164688 0.227500 0.171728 0.228644 0.172587 0.212161
0 0.032477 0.233681 0.035911 0.231392 0.039002 0.228416 0.043294 0.224524 0.048960 0.225210 0.062010 0.227958 0.079180 0.231850 0.087250 0.237115 0.091714 0.240320 0.101845 0.255201 0.107855 0.262527 0.112319 0.266877 0.114208 0.274432 0.113692 0.285421 0.112319 0.288168 0.111289 0.290916 0.107339 0.291831 0.105107 0.290687 0.103219 0.285879 0.091028 0.285421 0.073686 0.283590 0.071453 0.286566 0.066817 0.287024 0.062181 0.285421 0.061323 0.279469 0.060464 0.276264 0.045870 0.268022 0.044153 0.270769 0.040890 0.271914 0.036941 0.269624 0.035911 0.267106 0.033679 0.256117 0.033164 0.248562 0.032992 0.241465
0 0.049991 0.224981 0.055313 0.220632 0.058061 0.214908 0.070080 0.215824 0.077120 0.217655 0.090341 0.221547 0.100300 0.225897 0.110773 0.240320 0.115753 0.247646 0.117813 0.248562 0.119359 0.251080 0.120561 0.259322 0.120561 0.270082 0.118157 0.272601 0.113864 0.272372 0.111975 0.266190 0.103905 0.258406 0.095492 0.245586 0.091543 0.240091 0.079008 0.231621 0.061323 0.227500
0 0.112147 0.241465 0.121076 0.235055 0.128116 0.235513 0.141680 0.240320 0.154043 0.243525 0.152841 0.246959 0.149407 0.251767 0.147690 0.253141 0.145801 0.259780 0.145114 0.268709 0.146488 0.273516 0.132580 0.270540 0.128631 0.272143 0.124510 0.269624 0.123651 0.266419 0.120389 0.265046 0.119702 0.253141 0.118157 0.249707 0.117298 0.248562 0.114894 0.247646
0 0.194050 0.256117 0.196969 0.253141 0.195423 0.250394 0.185808 0.246731 0.173617 0.244212 0.165719 0.243983 0.163830 0.244670 0.173789 0.246959 0.185293 0.249478 0.194565 0.255430
0 0.194736 0.256117 0.197999 0.252454 0.202635 0.252454 0.218088 0.253828 0.230107 0.257949 0.235430 0.263214 0.243672 0.272601 0.242813 0.274661 0.250368 0.279927 0.253459 0.286337 0.252944 0.294579 0.252944 0.297097 0.243157 0.295265 0.230966 0.294121 0.226673 0.294579 0.224784 0.294350 0.221350 0.298699 0.218260 0.297097 0.213795 0.292747 0.214139 0.286566 0.213452 0.276264 0.208301 0.271685 0.206069 0.268938 0.205725 0.267106 0.202120 0.265275 0.198170 0.260009
0 0.153871 0.244212 0.161941 0.244899 0.172587 0.246959 0.184606 0.249478 0.194565 0.256117 0.202635 0.265046 0.206412 0.267106 0.206241 0.269166 0.213795 0.276264 0.214139 0.288168 0.213452 0.294350 0.212078 0.297326 0.210018 0.299386 0.206412 0.299386 0.202806 0.295952 0.187010 0.294579 0.184949 0.296410 0.182030 0.297326 0.177909 0.296410 0.175506 0.293892 0.174475 0.290458 0.157477 0.282216 0.156103 0.284276 0.152669 0.284734 0.150094 0.283590 0.148205 0.279469 0.147175 0.275348 0.145801 0.272143 0.145458 0.263901 0.146659 0.257491 0.147861 0.252683 0.149578 0.251080 0.152841 0.246731
1 0.350780 0.677065 0.753121 0.994600 0.749838 0.999852 0.300127 0.999852 0.157007 0.808150
1 0.143221 0.816904 0.000101 0.901813 0.000101 0.998977 0.277149 1.000727
1 0.355644 0.672382 0.459554 0.599516 0.688926 0.745247 0.690850 0.756023 0.693929 0.767312 0.702011 0.788350 0.709708 0.800666 0.724332 0.819139 0.735878 0.831454 0.761663 0.851466 0.752427 0.981290
1 0.764357 0.991552 0.774363 0.999763 0.999886 0.999763 0.999502 0.949988 0.844021 0.844282 0.840173 0.856598 0.835939 0.862242 0.820545 0.868913 0.802842 0.869939 0.777827 0.862242 0.770515 0.857111
1 0.754624 0.520325 0.760356 0.525151 0.763975 0.541239 0.763975 0.545261 0.778454 0.550891 0.779057 0.529173
1 0.782677 0.554913 0.781169 0.584273 0.817667 0.601969 0.825208 0.574620
1 0.776041 0.648623 0.792028 0.654656 0.800776 0.658275 0.809523 0.655058 0.819176 0.650232 0.936212 0.711364 0.917812 0.709755 0.872264 0.699299 0.852959 0.696483 0.833654 0.706940 0.830035 0.712571 0.828526 0.719408 0.777549 0.690048
1 0.014277 0.383370 -0.000150 0.383733 0.000395 0.495521 0.112002 0.470478
1 0.000122 0.372481 0.011555 0.380829 -0.000150 0.382281
1 0.525859 0.388701 0.525071 0.399905 0.522314 0.402181 0.527303 0.404457 0.553826 0.399380
1 0.455087 0.389401 0.454693 0.401306 0.453642 0.405333 0.471499 0.413561 0.501043 0.409359
1 0.390880 0.400606 0.391799 0.407258 0.391930 0.409009 0.390486 0.420564 0.390223 0.425116 0.430664 0.420214
1 0.000013 0.252890 0.013749 0.261590 0.000013 0.259529
1 0.060796 0.289749 0.029546 0.286315 0.015809 0.286315 0.007052 0.289749 0.000013 0.294328 0.000184 0.260216 0.016324 0.262506
1 0.000013 0.250601 0.032980 0.252890 0.035040 0.265253 0.020617 0.262506
1 0.134456 0.278302 0.114539 0.275784 0.114024 0.285399 0.113337 0.287231 0.129133 0.296617 0.180301 0.301196
1 0.253185 0.294554 0.253291 0.296963 0.266365 0.299798 0.274549 0.306600 0.277100 0.310143 0.286135 0.308726 0.289324 0.306600 0.261263 0.295121 0.256055 0.294979
1 0.246807 0.277122 0.250740 0.280098 0.253716 0.286334 0.257117 0.287326 0.263495 0.289027 0.268278 0.291153 0.269979 0.292995 0.276569 0.292995 0.275400 0.288885