1 0.210856 0.434479 0.227225 0.456966 0.215320 0.461926 0.215816 0.462257 0.215072 0.462257 0.205648 0.464902 0.198951 0.471847 0.195479 0.477468 0.194487 0.484413 0.194239 0.494003 0.001282 0.531701 0.000042 0.531701 0.000042 0.462918 0.211104 0.434479
1 0.210112 0.432826 0.000538 0.459281 0.000042 0.412323 0.184318 0.396119 0.209864 0.432495
1 0.000042 0.375947 0.163237 0.367019 0.183078 0.394466 0.000042 0.410669 0.000042 0.376278 0.000042 0.376278
1 0.000042 0.347177 0.116114 0.344863 0.119586 0.347177 0.126778 0.349823 0.131987 0.349823 0.137195 0.350484 0.141907 0.352468 0.148604 0.351807 0.153812 0.352468 0.162741 0.365035 0.000290 0.373632 0.000290 0.347177
1 0.000042 0.325021 0.134715 0.325021 0.138931 0.332296 0.130995 0.332958 0.125042 0.334281 0.119090 0.336265 0.117106 0.337918 0.116362 0.340894 0.116858 0.344201 0.000290 0.345524 0.000042 0.325683
1 -0.000206 0.536331 0.195975 0.497640 0.200935 0.501939 0.207384 0.505577 0.221273 0.508884 0.234913 0.512191 0.251034 0.512852 0.262939 0.510868 0.267403 0.511529 0.300638 0.555841 -0.000206 0.646450 0.000538 0.536000
1 0.000042 0.652733 0.304854 0.559810 0.384222 0.668286 0.001037 0.861739 -0.000026 0.652697
1 -0.000026 0.875203 0.389005 0.673955 0.527716 0.855361 0.379970 0.999919 0.000506 1.000628 -0.000557 0.873077
1 0.401228 0.999210 0.536751 0.866699 0.642512 0.999919 0.402291 0.999210
1 0.929502 0.761824 0.999655 0.795837 0.999655 0.999919 0.885922 0.998502 0.929502 0.761824
1 0.746148 0.639942 0.920999 0.754738 0.867852 1.000628 0.657925 0.999919 0.542597 0.859613 0.746679 0.640650
1 0.618065 0.554199 0.742427 0.636399 0.536220 0.849692 0.396445 0.670412 0.617534 0.554908
0 0.357959 0.523953 0.359048 0.529398 0.357959 0.532664 0.360137 0.538471 0.359048 0.538834 0.362859 0.548271 0.364220 0.546819 0.371026 0.554441 0.376470 0.562063 0.385181 0.569685 0.397975 0.578033 0.411041 0.588921 0.416213 0.591462 0.426557 0.592188 0.433635 0.591825 0.449967 0.584566 0.449967 0.588921 0.450512 0.593277 0.452145 0.596543 0.454051 0.599810 0.458134 0.603076 0.462489 0.604528 0.467117 0.603802 0.473650 0.600536 0.478822 0.595817 0.481816 0.590373 0.485083 0.584929 0.486988 0.578033 0.489166 0.574403 0.577091 0.535205 0.578724 0.539560 0.581174 0.544279 0.585529 0.545730 0.589068 0.546456 0.591518 0.545730 0.595329 0.544279 0.598595 0.542464 0.600501 0.539560 0.602134 0.536294 0.601862 0.537745 0.605128 0.530849 0.606217 0.527946 0.606490 0.525405 0.608939 0.521413 0.611662 0.516331 0.613839 0.509435 0.614928 0.503265 0.615200 0.497458 0.611389 0.491651 0.611389 0.486569 0.609756 0.482940 0.606762 0.479673 0.602679 0.474229 0.596145 0.469148 0.588251 0.464792 0.584168 0.462252 0.580085 0.460437 0.573824 0.457533 0.567019 0.454630 0.559941 0.452089 0.552864 0.448823 0.547419 0.448097 0.541431 0.447734 0.537620 0.446645 0.523465 0.437934 0.511215 0.432127 0.498421 0.427046 0.490799 0.425231 0.478822 0.426320 0.469022 0.427046 0.454867 0.430312 0.440168 0.435031 0.423290 0.442290 0.405324 0.452452 0.381914 0.465518 0.372115 0.469874 0.368848 0.473503 0.369120 0.480399 0.367759 0.481851 0.367487 0.488747 0.366670 0.499636 0.363948 0.503265 0.363404 0.506169 0.361226 0.513428 0.360409 0.514880 0.357415 0.523227 0.357959 0.525042
0 0.224637 0.369449 0.224271 0.376035 0.224637 0.384574 0.228113 0.391160 0.232138 0.395551 0.237444 0.399211 0.243848 0.403358 0.247873 0.404334 0.254643 0.407505 0.260863 0.408481 0.261778 0.408481 0.263059 0.412384 0.267084 0.417019 0.272207 0.420190 0.277330 0.420190 0.283002 0.418971 0.287210 0.414092 0.291052 0.407749 0.358748 0.398479 0.361493 0.401162 0.364054 0.404334 0.367347 0.405309 0.371007 0.405309 0.375764 0.402870 0.378142 0.398723 0.381253 0.393844 0.389120 0.392380 0.390401 0.387989 0.390767 0.375060 0.386741 0.368229 0.384546 0.359691 0.376679 0.356519 0.360029 0.347005 0.352162 0.344566 0.348319 0.343590 0.333682 0.334320 0.321424 0.328709 0.314837 0.325538 0.306604 0.324562 0.296358 0.322854 0.280257 0.323830 0.265803 0.325538 0.243665 0.330173 0.242018 0.330417 0.241835 0.332368 0.229028 0.347981 0.229028 0.353836 0.228296 0.356275 0.227747 0.357739 0.226466 0.362618 0.224820 0.368473 0.224637 0.370181
1 0.000202 0.292227 0.114466 0.296763 0.122970 0.308242 -0.000223 0.305266
1 0.000095 0.306825 0.123714 0.309801 0.133918 0.323690 0.000095 0.323973
1 0.235297 0.309044 0.226992 0.299124 0.119538 0.297394 0.127411 0.308698
1 0.128103 0.309967 0.138312 0.324387 0.270363 0.322593 0.236190 0.310609
1 0.271746 0.323383 0.272438 0.324568 0.252783 0.328387 0.242215 0.330362 0.241721 0.331943 0.234906 0.339976 0.184535 0.342346 0.183053 0.338922 0.179201 0.336157 0.174164 0.334445 0.166559 0.332865 0.154806 0.331811 0.146410 0.331284 0.143250 0.331811 0.139102 0.325622
1 0.167448 0.365392 0.226214 0.362363 0.228585 0.354067 0.228684 0.348272 0.234116 0.341424 0.184930 0.343795 0.183349 0.346692 0.177720 0.349721 0.171102 0.351433 0.163991 0.351696 0.157670 0.352618
1 0.225864 0.363569 0.224372 0.368877 0.224087 0.376080 0.224443 0.384800 0.227499 0.390487 0.187975 0.393900 0.168568 0.366886
1 0.394575 0.458215 0.379413 0.466638 0.373517 0.468884 0.368884 0.473376 0.368884 0.479834 0.367199 0.482923 0.366567 0.498927 0.363198 0.504542 0.361514 0.512404 0.357302 0.523635 0.358355 0.529531 0.357513 0.533742 0.359829 0.538235 0.306973 0.553397 0.273913 0.509877 0.284863 0.504823 0.294760 0.499207 0.300867 0.493873 0.304025 0.489942 0.304447 0.480957 0.305499 0.474499
1 0.402754 0.409645 0.435222 0.436508 0.419713 0.443465 0.410726 0.449069 0.401305 0.453321 0.303467 0.472454 0.299264 0.466270 0.291727 0.462211 0.283465 0.458539 0.269840 0.455447 0.257665 0.454674 0.247229 0.454481 0.234909 0.456027 0.232734 0.456027 0.217080 0.433609
1 0.447637 0.314414 0.379566 0.312200 0.356784 0.303468 0.427253 0.306789
1 0.503349 0.317119 0.484348 0.309863 0.432787 0.307650 0.451327 0.314291
1 0.450774 0.315275 0.474110 0.324498 0.404470 0.323883 0.380765 0.313184
1 0.477430 0.325728 0.491173 0.331385 0.490805 0.333230 0.491173 0.334337 0.492649 0.335690 0.493941 0.336674 0.432511 0.336797 0.405670 0.324744
1 0.504762 0.318398 0.535315 0.327368 0.478008 0.325258 0.453787 0.315443
1 0.434315 0.337606 0.494947 0.337922 0.498113 0.339189 0.503812 0.340772 0.507691 0.341722 0.514656 0.342566 0.520197 0.342566 0.538007 0.349954 0.466689 0.351748
1 0.564840 0.365996 0.561278 0.363674 0.560486 0.362196 0.561278 0.359347 0.561278 0.358608 0.541173 0.350904 0.468034 0.352803 0.504445 0.369478
1 0.536107 0.328529 0.563969 0.338028 0.527083 0.337500 0.525025 0.335812 0.520355 0.333701 0.512598 0.331695 0.507928 0.330535 0.499617 0.329057 0.494393 0.330007 0.492256 0.330640 0.481016 0.326207
1 0.565393 0.338775 0.597404 0.350080 0.541514 0.350080 0.523865 0.342813 0.526979 0.341659 0.527152 0.338198 0.565393 0.339121
1 0.598875 0.351118 0.544802 0.351118 0.561846 0.357694 0.563230 0.356771 0.569632 0.356425 0.577678 0.357117 0.587368 0.359770 0.593424 0.361039 0.598961 0.364154 0.634953 0.363461
1 0.567037 0.366922 0.571622 0.368422 0.579928 0.370729 0.585465 0.371882 0.593943 0.373267 0.597318 0.372805 0.620850 0.381918 0.549647 0.389993 0.506042 0.370960
1 0.660588 0.403879 0.656101 0.401885 0.653340 0.398663 0.652994 0.395442 0.624345 0.383169 0.552088 0.391913 0.603634 0.414618
1 0.600873 0.365373 0.602484 0.367827 0.602138 0.370742 0.599952 0.372123 0.623424 0.381634 0.676006 0.378259 0.636311 0.364606
1 0.677387 0.379487 0.721454 0.395902 0.691424 0.399584 0.682680 0.395748 0.674856 0.393447 0.665536 0.391453 0.658977 0.390993 0.655411 0.392220 0.654030 0.393140 0.628027 0.384089 0.626876 0.382862
1 0.605873 0.416146 0.663306 0.405613 0.668699 0.408121 0.677477 0.410796 0.686255 0.412468 0.697666 0.412468 0.729894 0.425844 0.668197 0.444236
1 0.723875 0.396751 0.695284 0.400931 0.699547 0.403773 0.701554 0.405613 0.701805 0.408455 0.701805 0.411130 0.699798 0.411966 0.731901 0.425342 0.774286 0.415645
1 0.775917 0.416982 0.736164 0.426513 0.799367 0.452931 0.828334 0.439889
1 0.670705 0.445574 0.733406 0.427182 0.796984 0.453600 0.746197 0.480686
1 0.750135 0.482658 0.801364 0.455335 0.875647 0.486805 0.839421 0.526569
1 0.901445 0.465825 0.977740 0.494367 0.973898 0.514371 0.967677 0.510956 0.959444 0.509004 0.951394 0.507297 0.940233 0.506809 0.937854 0.508760 0.936757 0.509980 0.881502 0.487537
1 0.844544 0.528764 0.879855 0.488756 0.935659 0.512176 0.938403 0.516567 0.942611 0.520470 0.950662 0.526813 0.958346 0.531204 0.968958 0.535351 0.959627 0.582677
1 1.000794 0.543401 0.996402 0.544377 0.985425 0.542181 0.975362 0.538278 0.965665 0.585604 1.000428 0.598290
1 0.982497 0.495587 0.979570 0.515591 0.989084 0.518762 0.994024 0.521202 1.000794 0.525593 1.000428 0.502174
0 0.847538 0.410801 0.844278 0.409484 0.842303 0.409616 0.840723 0.409748 0.840328 0.410933 0.840821 0.413830 0.843192 0.415410 0.843488 0.415542 0.841019 0.418834 0.839340 0.419756 0.837858 0.420414 0.836673 0.421336 0.835686 0.423048 0.833216 0.426736 0.831439 0.431476 0.829957 0.434637 0.828476 0.439509 0.827488 0.444514 0.826500 0.449386 0.824920 0.454522 0.825216 0.458473 0.827290 0.459526 0.829266 0.459921 0.830747 0.460053 0.832229 0.457551 0.833710 0.455576 0.834500 0.454917 0.857711 0.463609 0.873316 0.470852 0.872032 0.475066 0.873711 0.477699 0.876378 0.479148 0.878649 0.479016 0.879538 0.477831 0.882600 0.466901 0.885168 0.467033 0.886748 0.467033 0.887637 0.463214 0.893563 0.446489 0.894452 0.443065 0.894057 0.440563 0.895835 0.434374 0.893958 0.432398 0.892674 0.429501 0.891489 0.426209 0.890995 0.418176 0.889909 0.415279 0.887143 0.413698 0.876279 0.408826 0.867291 0.406192 0.860772 0.404743 0.854945 0.404085 0.853167 0.405402 0.850599 0.407772 0.848723 0.409879 0.847933 0.410406
0 0.895296 0.433778 0.901722 0.435582 0.908081 0.437025 0.910854 0.436393 0.911666 0.434590 0.913018 0.431163 0.914371 0.430261 0.915724 0.431704 0.917280 0.431523 0.918497 0.429900 0.923232 0.418897 0.923570 0.415380 0.923029 0.414388 0.923908 0.407804 0.922556 0.406812 0.922217 0.404738 0.921203 0.399326 0.919782 0.397613 0.917956 0.396531 0.912139 0.394276 0.906322 0.392382 0.900640 0.390849 0.898408 0.390578 0.896243 0.390488 0.893064 0.391931 0.888668 0.395358 0.885421 0.399326 0.884203 0.397613 0.881904 0.397432 0.881024 0.398785 0.882174 0.399958 0.883256 0.400679 0.881904 0.402122 0.879536 0.405549 0.877778 0.406812 0.876425 0.408525 0.880010 0.410329 0.883798 0.412043 0.887721 0.413576 0.889953 0.415740 0.891238 0.419799 0.891644 0.423948 0.891914 0.427916 0.893267 0.430712 0.895432 0.433958
0 0.888871 0.395268 0.889479 0.388774 0.889344 0.387782 0.890832 0.386249 0.890697 0.383724 0.888938 0.383183 0.887856 0.383273 0.886638 0.382822 0.885150 0.376148 0.884000 0.374164 0.880280 0.372721 0.874531 0.370647 0.869322 0.368843 0.865061 0.368031 0.862829 0.367941 0.859785 0.368302 0.857553 0.369474 0.854441 0.372721 0.851871 0.375427 0.849436 0.379936 0.847948 0.382732 0.846798 0.386700 0.845986 0.389676 0.845107 0.393915 0.844634 0.397974 0.845039 0.400318 0.847272 0.401220 0.848895 0.400679 0.850248 0.398334 0.852006 0.398695 0.860529 0.400499 0.865399 0.402212 0.870608 0.404106 0.872231 0.404557 0.872434 0.406992 0.873787 0.408075 0.875816 0.408616 0.876492 0.408165 0.878251 0.406632 0.879807 0.405549 0.881971 0.402212 0.883121 0.401040 0.880957 0.399326 0.881904 0.397793 0.883595 0.397613 0.885691 0.399417 0.889344 0.395088
1 0.986919 0.465768 1.000133 0.469578 1.000133 0.457316 0.989597 0.454340
1 0.984687 0.453387 0.977187 0.451125 0.973347 0.448864 0.969776 0.445411 0.931562 0.433268 0.922812 0.444221 0.983615 0.465292
1 0.939508 0.424935 0.932901 0.432792 0.968972 0.443506 0.971830 0.442554 0.973883 0.442078 0.976562 0.443030 0.985044 0.444935 0.987097 0.444935 0.988615 0.439459
1 0.937187 0.424102 0.929597 0.431483 0.919687 0.428268 0.922365 0.421602 0.923526 0.418745
1 0.994776 0.421125 1.000044 0.421840 1.000044 0.428983 0.993169 0.428030
1 0.951115 0.407316 0.920847 0.397792 0.921830 0.401125 0.922544 0.406602 0.923258 0.407673 0.946294 0.414102
1 0.923705 0.391840 0.919330 0.395768 0.951651 0.406364 0.956651 0.401840
1 0.891562 0.381959 0.922544 0.390887 0.916115 0.394816 0.906026 0.392078 0.900401 0.390411 0.896472 0.389221 0.889776 0.387792 0.890758 0.386364 0.890937 0.383268
1 0.851650 0.406069 0.837244 0.401003 0.815714 0.406808 0.842072 0.417151 0.842785 0.415568 0.840568 0.414090 0.839935 0.411241 0.840489 0.409341 0.844051 0.409235 0.847455 0.410607 0.851333 0.406280
1 0.770517 0.390238 0.813973 0.405647 0.833524 0.399843 0.811756 0.392455 0.808907 0.392666 0.803762 0.392033 0.797271 0.390344 0.794422 0.389289 0.790385 0.387283
1 0.815556 0.384012 0.844368 0.394988 0.843893 0.397415 0.840964 0.398470 0.835186 0.399420 0.812706 0.391927 0.812073 0.390027 0.810094 0.388128 0.806532 0.386228 0.805028 0.385384
1 0.813894 0.383273 0.803762 0.384539 0.801545 0.383695 0.797350 0.382851 0.790939 0.380740 0.785002 0.378840 0.781757 0.379474 0.780491 0.380318 0.760227 0.373669 0.780728 0.372297
1 0.787419 0.385891 0.784442 0.385260 0.782007 0.384087 0.780384 0.382644 0.779843 0.381472 0.758198 0.373625 0.729518 0.375970 0.769156 0.389408
1 0.691437 0.362803 0.728030 0.375339 0.754478 0.372633 0.723701 0.362081
1 0.748593 0.361360 0.725325 0.361811 0.756845 0.372543 0.779437 0.371461
1 0.657241 0.351011 0.691206 0.351011 0.719621 0.360744 0.690120 0.362031
1 0.626293 0.340393 0.654165 0.340956 0.659413 0.342806 0.663636 0.344254 0.667256 0.344656 0.673832 0.345702 0.685897 0.349724 0.656336 0.349965
1 0.673108 0.341599 0.674073 0.342726 0.674314 0.344173 0.674073 0.344897 0.689577 0.349965 0.702548 0.350287 0.703151 0.348437 0.701160 0.347150 0.688310 0.341760
1 0.654346 0.332590 0.653984 0.333797 0.653682 0.334280 0.652355 0.335164 0.651872 0.335647 0.656940 0.336532 0.660439 0.336854 0.666532 0.338382 0.669729 0.339508 0.671901 0.340956 0.686863 0.340875 0.663214 0.332430
1 0.552367 0.314202 0.585597 0.315751 0.604181 0.321676 0.570850 0.320666
1 0.571658 0.321340 0.606655 0.322552 0.608272 0.323696 0.608221 0.326255 0.608221 0.328477 0.608423 0.329959 0.597212 0.329487
1 0.592313 0.316761 0.607413 0.321878 0.609080 0.322552 0.610494 0.319656 0.612413 0.318175 0.614281 0.317636
1 0.661514 0.331639 0.655090 0.328735 0.655308 0.330550 0.654709 0.331929
0 0.609856 0.332721 0.609055 0.330900 0.608631 0.326882 0.609008 0.323366 0.610562 0.319787 0.612446 0.318342 0.615978 0.317212 0.618803 0.316459 0.619086 0.314575 0.621346 0.314512 0.626244 0.310808 0.628222 0.309301 0.630717 0.308359 0.635662 0.308861 0.639241 0.309740 0.640324 0.310871 0.642208 0.310996 0.645834 0.312315 0.649319 0.313319 0.650873 0.314261 0.651626 0.315329 0.652945 0.316898 0.653839 0.318970 0.654687 0.321733 0.655393 0.325563 0.655252 0.328703 0.654970 0.330963 0.654357 0.332658 0.653416 0.334416 0.652050 0.335295 0.651296 0.337242 0.650402 0.338749 0.648942 0.339377 0.647199 0.338812 0.646305 0.336928 0.633072 0.336426 0.631565 0.338184 0.629964 0.338560 0.627751 0.338121 0.626479 0.336928 0.625349 0.334730 0.614000 0.331905 0.612870 0.333286 0.610892 0.333600 0.609432 0.332658
0 0.740860 0.359507 0.742169 0.356781 0.743231 0.353511 0.744213 0.350404 0.744008 0.347624 0.742986 0.344789 0.741719 0.342773 0.741555 0.341410 0.740370 0.340647 0.739797 0.340265 0.737794 0.336940 0.736077 0.334651 0.734156 0.333506 0.730844 0.332252 0.723690 0.329908 0.719847 0.329036 0.716945 0.328655 0.715023 0.329200 0.711466 0.330999 0.708032 0.333343 0.706234 0.333779 0.705007 0.335305 0.704026 0.336286 0.703249 0.338085 0.702472 0.340756 0.702186 0.343100 0.701614 0.345116 0.701818 0.346697 0.702677 0.347515 0.702922 0.349532 0.703167 0.352203 0.704639 0.353020 0.706397 0.353347 0.707419 0.352421 0.708318 0.351440 0.717680 0.354001 0.723036 0.356236 0.722954 0.358635 0.724140 0.359289 0.726184 0.359452 0.727165 0.358471 0.728514 0.356018 0.736936 0.356400 0.737140 0.358417 0.738653 0.359398 0.740901 0.359561
0 0.744170 0.328106 0.743736 0.327288 0.743583 0.324905 0.743148 0.324428 0.743761 0.322112 0.744145 0.321023 0.744374 0.319524 0.745473 0.318128 0.746979 0.317243 0.749303 0.314621 0.750172 0.314348 0.753032 0.314621 0.757119 0.315745 0.759979 0.316698 0.760898 0.317345 0.761716 0.318707 0.762839 0.321023 0.763478 0.321976 0.763963 0.322930 0.764065 0.324700 0.764065 0.327152 0.763554 0.328787 0.762942 0.330489 0.762431 0.331102 0.761052 0.331375 0.760132 0.330694 0.760490 0.329332 0.757476 0.329093 0.756557 0.330387 0.755458 0.330898 0.754641 0.330660 0.754079 0.329604 0.754284 0.328446 0.751781 0.327935 0.751296 0.328651 0.749789 0.328242 0.749763 0.327118 0.748282 0.326744 0.746418 0.325892 0.745575 0.327152 0.745038 0.328004 0.744093 0.328106
0 0.983714 0.422498 0.984954 0.418795 0.987930 0.416414 0.989418 0.413504 0.990361 0.409205 0.990708 0.407022 0.989468 0.404244 0.989269 0.397961 0.988724 0.395382 0.986492 0.393662 0.982871 0.392803 0.977910 0.391546 0.973049 0.390157 0.968982 0.389959 0.968287 0.390157 0.964666 0.393530 0.963079 0.392869 0.961244 0.393001 0.960351 0.393464 0.960450 0.394522 0.962037 0.395382 0.960549 0.397631 0.958912 0.398689 0.957871 0.400805 0.957077 0.402856 0.956085 0.405435 0.954795 0.408345 0.953654 0.410858 0.953009 0.413438 0.954498 0.414893 0.956333 0.415025 0.958069 0.413041 0.964666 0.415289 0.973198 0.417670 0.977960 0.418596 0.980043 0.419059 0.981085 0.421969 0.982623 0.423094 0.984061 0.422895
1 0.994459 0.414495 0.989756 0.413437 0.990776 0.407092 0.997461 0.408074
1 0.886296 0.380052 0.890325 0.381813 0.888740 0.382870 0.887419 0.382958 0.886560 0.382342 0.886296 0.380052
1 0.850305 0.372480 0.853012 0.370807 0.835049 0.364819 0.823228 0.367196 0.838946 0.371951 0.841125 0.370542 0.845484 0.370895 0.850106 0.372303
1 0.845946 0.376530 0.842446 0.375297 0.840134 0.373360 0.838682 0.372303 0.821379 0.367284 0.806916 0.369750 0.836568 0.378996
1 0.800973 0.357511 0.804011 0.359096 0.805992 0.361121 0.818671 0.366668 0.833530 0.364291 0.807841 0.356806
1 0.776934 0.360240 0.790340 0.358919 0.795624 0.360680 0.799190 0.361737 0.804539 0.362354 0.805397 0.362001 0.818143 0.367108 0.805199 0.368957
1 0.837813 0.379538 0.848182 0.377427 0.850161 0.378166 0.847865 0.382493
1 0.805612 0.356026 0.783527 0.348783 0.770772 0.350279 0.783350 0.354688 0.785181 0.353743 0.787424 0.353901 0.793566 0.355082 0.795633 0.355869 0.799353 0.357050 0.805494 0.356184
1 0.749750 0.350909 0.775673 0.359176 0.787602 0.357680 0.785535 0.357129 0.783704 0.355633 0.767642 0.350043
1 0.763804 0.348783 0.753647 0.345082 0.749927 0.344767 0.746738 0.344137 0.743372 0.343193 0.742427 0.342484 0.742250 0.343508 0.743549 0.345397 0.743963 0.347129 0.744317 0.348468 0.748451 0.350121 0.763745 0.348704
1 0.752938 0.341933 0.754001 0.343193 0.754474 0.344374 0.766934 0.349019 0.781401 0.348389 0.759611 0.342090
1 0.737703 0.334847 0.758726 0.341145 0.752289 0.341460 0.749277 0.340516 0.745026 0.338941 0.741423 0.338547 0.739061 0.338547 0.736995 0.335162
1 0.701815 0.327872 0.710199 0.331076 0.712335 0.330435 0.715752 0.328156
1 0.676129 0.326519 0.699519 0.333852 0.705766 0.333639 0.707368 0.333283 0.709451 0.331503 0.697009 0.327444
1 0.659292 0.320396 0.675611 0.326084 0.694213 0.326613 0.678885 0.321653
1 0.714401 0.327407 0.698131 0.326811 0.681961 0.321785 0.697933 0.322512
0 0.945342 0.372720 0.942793 0.372871 0.942566 0.373248 0.943133 0.374382 0.942566 0.376119 0.942396 0.379216 0.941433 0.381407 0.940640 0.383748 0.939790 0.386241 0.939507 0.388583 0.941263 0.389262 0.942453 0.387299 0.957693 0.391378 0.958373 0.393190 0.958826 0.394021 0.959789 0.394324 0.960015 0.393719 0.961262 0.392888 0.962452 0.391453 0.964604 0.386543 0.965001 0.384126 0.965001 0.379594 0.964095 0.374155 0.962508 0.372569 0.959336 0.370907 0.954633 0.369698 0.950894 0.368716 0.949705 0.368565 0.947892 0.370302 0.946135 0.372644 0.945286 0.373702
0 0.953330 0.369094 0.955710 0.366223 0.957749 0.364335 0.962735 0.364033 0.968400 0.365544 0.972026 0.368112 0.972479 0.371738 0.972819 0.373551 0.973046 0.376874 0.972479 0.379216 0.971289 0.381860 0.969477 0.386165 0.968457 0.387072 0.967267 0.386770 0.966247 0.386392 0.965171 0.385335 0.965171 0.380349 0.964774 0.376648 0.964321 0.374457 0.961942 0.372191 0.959336 0.370605 0.956163 0.369774 0.953387 0.369321
0 0.807852 0.332327 0.808047 0.330084 0.808985 0.326936 0.810764 0.325210 0.812705 0.325081 0.814743 0.322105 0.817105 0.322062 0.820825 0.322795 0.823639 0.323787 0.825418 0.325728 0.826195 0.328445 0.825095 0.330818 0.825095 0.333966 0.823736 0.336252 0.822895 0.337029 0.822151 0.335994 0.821989 0.334786 0.820631 0.335002 0.820534 0.336037 0.818851 0.336123 0.817946 0.335821 0.816619 0.334786 0.816360 0.333708 0.812090 0.332543 0.811120 0.332672 0.809955 0.334355 0.808499 0.334268 0.807173 0.332198
0 0.842800 0.338798 0.844375 0.339323 0.844571 0.338161 0.848507 0.338985 0.848760 0.340372 0.850559 0.340897 0.850953 0.339810 0.851993 0.339548 0.851515 0.340485 0.853118 0.341422 0.853624 0.339623 0.854045 0.338123 0.855085 0.337186 0.855001 0.335349 0.855310 0.333363 0.854523 0.332313 0.854608 0.330289 0.853314 0.329577 0.851487 0.328640 0.850166 0.328190 0.847411 0.327515 0.846033 0.327665 0.845780 0.327928
0 0.742331 0.302723 0.742932 0.299856 0.744450 0.298676 0.746094 0.296989 0.748212 0.297158 0.749666 0.297959 0.749002 0.300235 0.748528 0.301542 0.747833 0.303608 0.746979 0.304324 0.745714 0.304156 0.743786 0.303439 0.743027 0.303903 0.742679 0.302638
0 0.754946 0.299139 0.757191 0.299603 0.759689 0.300151 0.759468 0.302217 0.759942 0.304367 0.759373 0.306559 0.758646 0.307655 0.757918 0.307107 0.757602 0.306559 0.755832 0.306517 0.755294 0.307107 0.754441 0.306517 0.754030 0.306179
0 0.938870 0.360955 0.940470 0.357080 0.939543 0.354666 0.939586 0.353318 0.938364 0.352195 0.934532 0.351296 0.932005 0.350903 0.929267 0.353374 0.927540 0.354666 0.927035 0.357810 0.926824 0.359383 0.928593 0.359383 0.935669 0.361685 0.937311 0.361517 0.938996 0.361236
0 0.910399 0.353992 0.911031 0.349275 0.910441 0.345849 0.908125 0.344389 0.904798 0.343659 0.902987 0.343828 0.901808 0.345063 0.900207 0.346355 0.899323 0.348264 0.898438 0.350398 0.898691 0.351914 0.900544 0.351633 0.903197 0.352026 0.905387 0.353318 0.906735 0.353655 0.908336 0.354385 0.910820 0.353486
0 0.940554 0.357642 0.942828 0.358260 0.942997 0.358821 0.944892 0.359158 0.946240 0.359158 0.947588 0.356013 0.947714 0.353037 0.946535 0.350117 0.943544 0.348938 0.941270 0.348826 0.939291 0.350173 0.938069 0.351746 0.939586 0.352869 0.939712 0.354329 0.940386 0.356856
0 0.973479 0.376136 0.974257 0.376037 0.975370 0.377323 0.977075 0.377125 0.978410 0.372873 0.979115 0.369907 0.978855 0.368671 0.978855 0.367287 0.977780 0.365309 0.976482 0.364122 0.973516 0.363579 0.968992 0.362442 0.967694 0.363579 0.966879 0.364765 0.968399 0.365655 0.972181 0.368424 0.972663 0.372873 0.973034 0.375345 0.973516 0.376334
0 0.979003 0.371192 0.982192 0.371588 0.982637 0.372824 0.984454 0.373071 0.985418 0.370500 0.986419 0.367336 0.986790 0.365309 0.986604 0.361354 0.985752 0.360860 0.983156 0.359722 0.980709 0.359030 0.978633 0.359228 0.976853 0.360019 0.975666 0.361799 0.974406 0.363035 0.976445 0.364024 0.977594 0.364567 0.978558 0.366397 0.979077 0.368325 0.979337 0.370896