1 0.366349 0.931274 0.340564 0.999521 0.509514 1.000547
1 0.527217 0.715756 0.521829 0.726532 0.510668 0.736795 0.498738 0.745005 0.481804 0.751163 0.464101 0.753215 0.447168 0.753215 0.434852 0.751163 0.372506 0.914853 0.549828 1.000945 0.941554 1.000451 0.868048 0.845997
1 -0.000663 0.744958 0.354354 0.924238 0.324592 1.000060 -0.000663 1.000060
1 0.123168 0.551506 -0.000131 0.625911 0.000400 0.727243 0.359669 0.908649 0.422381 0.752045 0.402186 0.736455 0.380927 0.713779 0.373487 0.696772 0.369235 0.673388 0.372424 0.655673
1 0.501583 0.573017 0.483495 0.621765 0.492732 0.626383 0.510820 0.641777 0.520056 0.655632 0.525829 0.667434 0.529293 0.685907 0.529293 0.708485 0.864114 0.837282 0.798304 0.681802
1 0.526214 0.507849 0.503123 0.569425 0.795610 0.676671 0.758665 0.590464
1 0.241213 0.481172 0.129304 0.546327 0.375142 0.648884 0.391732 0.626362 0.414657 0.613090 0.436073 0.611481 0.475287 0.617112 0.494592 0.571664
1 0.314512 0.438942 0.244833 0.479563 0.496401 0.566436 0.520834 0.505303
1 0.933743 0.567455 0.994390 0.621644 1.000286 0.623609 1.000286 0.589917
1 0.995443 0.623890 1.000076 0.630348 1.000497 0.625013
1 0.890364 0.527023 0.932690 0.565489 1.000076 0.587670 0.999865 0.562682
1 0.891417 0.468347 0.897795 0.474016 0.903960 0.475717 0.911613 0.477701 0.922880 0.481386 0.926069 0.480535
1 0.892587 0.478976 0.893968 0.480252 0.895988 0.481953 0.885146 0.481244 0.880682 0.482236 0.876962 0.485212 0.831256 0.470331 0.810848 0.451340
1 0.831894 0.471465 0.856341 0.494424 0.869202 0.498392 0.871860 0.493716 0.875048 0.485921
1 0.986368 0.471061 1.000009 0.480614 0.999871 0.474736
1 0.780031 0.421467 0.785810 0.428644 0.787155 0.424211
1 0.756681 0.400359 0.767129 0.409541 0.776469 0.412391 0.776628 0.410808 0.772591 0.407852 0.772987 0.406480
1 0.746866 0.391599 0.756048 0.399515 0.773145 0.405425 0.774728 0.400781
1 0.725453 0.371516 0.731654 0.376555 0.738504 0.378524 0.734784 0.374508
1 0.720080 0.366084 0.725040 0.370729 0.734429 0.373327 0.734429 0.370887
1 0.709569 0.357187 0.712639 0.360651 0.720316 0.362777 0.714293 0.359234
1 0.707088 0.354195 0.709451 0.356557 0.714411 0.359234 0.714765 0.356793
1 0.541541 0.466269 0.526558 0.505408 0.756194 0.585928 0.732497 0.531093
1 0.580680 0.446088 0.577928 0.448534 0.571201 0.448942 0.563557 0.448534 0.548268 0.446088 0.542306 0.464434 0.731273 0.528647 0.714303 0.490119
1 0.560811 0.415206 0.557900 0.422754 0.566796 0.427067 0.572457 0.430302 0.577471 0.434400 0.579574 0.437635 0.580706 0.440654 0.580706 0.444321 0.713017 0.487885 0.701210 0.460927
1 0.544798 0.445615 0.539137 0.443889 0.533799 0.441948 0.528300 0.439145 0.527814 0.446477 0.527976 0.449065 0.526197 0.452947 0.525226 0.458770 0.537843 0.463299
1 0.553371 0.421676 0.557091 0.413912 0.518109 0.402913 0.523932 0.411108 0.525550 0.415421 0.526520 0.418441 0.535255 0.417147 0.543666 0.418872 0.552077 0.421029
1 0.516977 0.401619 0.557576 0.412833 0.563561 0.397737 0.450498 0.363662 0.441117 0.368191 0.455189 0.367544 0.464409 0.369485 0.479613 0.374661 0.497244 0.381346 0.507919 0.386953 0.511801 0.392992 0.516492 0.400325
1 0.567281 0.398168 0.561296 0.413696 0.700078 0.459417 0.690534 0.438066
1 0.572134 0.385012 0.567605 0.397305 0.689726 0.436772 0.682285 0.419735
1 0.594963 0.379789 0.593437 0.381061 0.588954 0.380806 0.582086 0.380170 0.574741 0.378008 0.572260 0.383477 0.681864 0.418454 0.675473 0.404972
1 0.579510 0.364908 0.578556 0.367325 0.580464 0.367706 0.585997 0.369995 0.589717 0.372030 0.593723 0.375592 0.594582 0.378899 0.675092 0.404082 0.670417 0.393398
1 0.559478 0.380298 0.569589 0.383223 0.571497 0.377372 0.568254 0.377627 0.563866 0.375592 0.562435 0.378644 0.560050 0.379789
1 0.566632 0.353334 0.565297 0.355623 0.562149 0.358803 0.577412 0.363509 0.580559 0.357022
1 0.582467 0.357531 0.580082 0.364399 0.669941 0.392381 0.666125 0.383477
1 0.090820 0.364837 -0.000032 0.381284 -0.000032 0.333770
1 0.135396 0.309835 0.131063 0.309835 0.128962 0.310185 0.132770 0.313512 0.134477 0.316313 0.136315 0.321215 0.137891 0.326642 0.138153 0.332419 0.138547 0.336621 0.138416 0.338022 0.170323 0.348176 0.225601 0.336971
1 0.138285 0.309660 0.142880 0.308435 0.146032 0.306159 0.147082 0.303533 0.146294 0.300557 0.168090 0.298281 0.271032 0.328393 0.227964 0.336446
1 0.172161 0.298281 0.212339 0.294429 0.307140 0.321740 0.272213 0.327517
1 0.087471 0.276047 0.089178 0.278673 0.092985 0.281474 0.100470 0.288827 0.102570 0.287952 0.106116 0.289177 0.107823 0.291453 0.114913 0.292853 0.122397 0.293029 0.133164 0.294779 0.139598 0.296355 0.144587 0.299506 0.164283 0.297230
1 0.354592 0.301179 0.353708 0.303094 0.350393 0.303683 0.349730 0.304567 0.347741 0.307219 0.361554 0.311492 0.381002 0.308251
1 0.248068 0.291749 0.335475 0.316060 0.308402 0.321216 0.215470 0.294401
1 0.239228 0.279078 0.239007 0.280699 0.238233 0.281878 0.236355 0.282909 0.235360 0.283204 0.234366 0.286592 0.247737 0.290718 0.264864 0.288802 0.261770 0.287329 0.260113 0.286150 0.259450 0.284088
1 0.239228 0.269796 0.239117 0.272448 0.239228 0.274658 0.239449 0.278047 0.259560 0.283056 0.260997 0.281878 0.263759 0.281288 0.269506 0.281288 0.269174 0.278194
1 0.260002 0.267291 0.239449 0.268323 0.269064 0.277016 0.269948 0.274805 0.271384 0.273185 0.271937 0.270975
1 0.384520 0.294622 0.384520 0.297618 0.384520 0.299915 0.383471 0.300515 0.398527 0.305109 0.414032 0.302812
1 0.384370 0.288730 0.384820 0.290727 0.384520 0.293723 0.415231 0.302712 0.426167 0.299516
1 0.432758 0.292725 0.432009 0.295022 0.430211 0.295321 0.437552 0.297818 0.446840 0.296120
1 0.432758 0.288330 0.432833 0.291926 0.449537 0.296320 0.456578 0.294722
1 0.017009 0.238215 0.000108 0.236940 0.000002 0.231838
1 0.111503 0.243317 0.070580 0.241050 0.055699 0.236231 0.057931 0.234814 0.058569 0.231554 0.058144 0.227161 0.058994 0.227161
1 0.070478 0.213613 0.070288 0.215140 0.069715 0.216666 0.067712 0.217175 0.066377 0.219082 0.085455 0.225315 0.106632 0.226078 0.106250 0.224806 0.102053 0.222771
1 0.067998 0.224297 0.067998 0.226459 0.066567 0.227095 0.062370 0.227477 0.112927 0.243121 0.117601 0.241595 0.120368 0.240068 0.124183 0.238288 0.085359 0.225696
1 0.194007 0.231997 0.189386 0.232092 0.187680 0.231049 0.183415 0.229628 0.178012 0.227542 0.172823 0.227448 0.169482 0.227258 0.168842 0.227068 0.166923 0.225268 0.163937 0.223372
1 0.185192 0.234746 0.179647 0.234272 0.176377 0.233893 0.171685 0.232566 0.172752 0.235978 0.173036 0.236547 0.178936 0.238063 0.179789 0.237495 0.179718 0.236452
1 0.190239 0.233135 0.187111 0.234651 0.191163 0.235409 0.195500 0.236168 0.199978 0.236357 0.206945 0.236736 0.210712 0.236926 0.199907 0.233514
1 0.203817 0.233514 0.220238 0.234272 0.260474 0.245836 0.250166 0.247447
1 0.207300 0.230102 0.207869 0.228395 0.211637 0.228206 0.233034 0.234177 0.221589 0.234177
0 0.999933 0.501118 0.998099 0.500098 0.998863 0.497448 0.993206 0.497448 0.979447 0.491740 0.968439 0.487052 0.954220 0.481956 0.945353 0.479713 0.939696 0.479102 0.933886 0.479713 0.925783 0.480936 0.918904 0.482771 0.912941 0.483587 0.906214 0.483790 0.897958 0.482975 0.887715 0.481548 0.882669 0.482160 0.879153 0.483179 0.876095 0.485421 0.874108 0.488683 0.872579 0.491944 0.868604 0.500098 0.872732 0.505602 0.880223 0.510698 0.890314 0.517833 0.899640 0.522318 0.902698 0.524152 0.903768 0.528637 0.906520 0.532306 0.916152 0.535772 0.920891 0.535160 0.926548 0.531899 0.988926 0.552487 0.989843 0.556768 0.991372 0.559622 0.997181 0.562680 1.000086 0.563088
0 0.999933 0.439148 0.993054 0.436294 0.984951 0.433440 0.976695 0.431809 0.971038 0.432217 0.963088 0.434255 0.958501 0.434051 0.954679 0.434867 0.951621 0.436497 0.949940 0.439148 0.957278 0.441798 0.960489 0.444448 0.971344 0.448728 0.976542 0.453009 0.979294 0.457698 0.980975 0.462998 0.984645 0.462794 0.991372 0.464425 0.995500 0.467279 0.996876 0.469725 0.999016 0.470540 0.999933 0.469929
0 0.958695 0.433602 0.958695 0.432493 0.957724 0.429812 0.956476 0.423804 0.949475 0.420385 0.942890 0.417981 0.936997 0.416225 0.931244 0.415116 0.925351 0.417612 0.923549 0.417889 0.922370 0.418721 0.919043 0.418074 0.916825 0.418074 0.914606 0.421216 0.912943 0.425468 0.916547 0.427224 0.919043 0.432678 0.922856 0.434341 0.925767 0.434988 0.928471 0.434064 0.936027 0.435081 0.943305 0.437207 0.949614 0.439148 0.951208 0.436560 0.954535 0.434526 0.958487 0.433325
0 0.916547 0.410310 0.918488 0.410587 0.923549 0.412159 0.924797 0.413360 0.925143 0.414839 0.926322 0.415486 0.929511 0.414377 0.930966 0.412528 0.932075 0.410033 0.932630 0.407999 0.933323 0.404025 0.932907 0.400328 0.926946 0.397740 0.922162 0.395152 0.917171 0.393488 0.915854 0.395337 0.913359 0.396908 0.911764 0.398387 0.911487 0.400050 0.914052 0.403193 0.914191 0.405411 0.916547 0.410125
0 0.876549 0.397832 0.874539 0.400882 0.873846 0.404487 0.874123 0.406705 0.874400 0.408461 0.874747 0.410125 0.876272 0.410772 0.877450 0.410865 0.878559 0.409201 0.887848 0.413915 0.888542 0.416503 0.891869 0.417704 0.895751 0.418721 0.901851 0.420292 0.904486 0.421679 0.907605 0.422880 0.910170 0.423897 0.911834 0.421309 0.914329 0.419922 0.915022 0.415856 0.915854 0.413268 0.915993 0.408831 0.913705 0.404764 0.913844 0.402916 0.909407 0.399496 0.902961 0.396631 0.896167 0.394412 0.891245 0.393580 0.888195 0.393950 0.884174 0.395521 0.880778 0.395891 0.876618 0.397555
0 0.906981 0.438038 0.900742 0.436929 0.893256 0.436375 0.890413 0.437391 0.888195 0.439332 0.887848 0.440534 0.890621 0.442845 0.893464 0.446819 0.893394 0.449222 0.893533 0.452180 0.893186 0.458003 0.892216 0.462809 0.895890 0.464473 0.900188 0.466599 0.902198 0.467246 0.903931 0.469926 0.906011 0.471682 0.909061 0.473254 0.913081 0.473716 0.915993 0.473161 0.918280 0.470943 0.936720 0.476581 0.939631 0.478060 0.950099 0.480555 0.958972 0.483051 0.966181 0.485916 0.970826 0.487765 0.972004 0.486286 0.976996 0.485362 0.979491 0.482127 0.980323 0.478799 0.982472 0.469094 0.983650 0.466876 0.983373 0.465120 0.981293 0.462902 0.979491 0.458280 0.977204 0.454121 0.973876 0.450886 0.969509 0.448113 0.959527 0.444046 0.956546 0.441643 0.945593 0.438408 0.935126 0.434896 0.927639 0.434526 0.922440 0.435450 0.913497 0.437299 0.907605 0.438223
0 0.919680 0.436034 0.915277 0.427297 0.909748 0.424157 0.900021 0.419924 0.887734 0.416238 0.885584 0.415965 0.880259 0.417467 0.874832 0.419924 0.872477 0.420471 0.863876 0.418969 0.860088 0.417877 0.861521 0.421836 0.864286 0.423747 0.866231 0.424566 0.868689 0.424293 0.869406 0.426478 0.875140 0.430437 0.880976 0.436444 0.882921 0.439038 0.885584 0.440676 0.887529 0.440403 0.889884 0.438082 0.894082 0.436853 0.901045 0.437399 0.907495 0.437945 0.914663 0.436717 0.919680 0.436034
0 0.866231 0.424839 0.868177 0.424293 0.869098 0.426341 0.872580 0.428935 0.877290 0.432485 0.881385 0.437945 0.883433 0.439720 0.886812 0.440812 0.890294 0.442451 0.893570 0.447092 0.893468 0.451325 0.892751 0.457878 0.891932 0.461427 0.890089 0.465113 0.887631 0.467571 0.883229 0.467571 0.876983 0.465523 0.874423 0.468936 0.871863 0.469346 0.868177 0.468800 0.864081 0.466888 0.861624 0.464158 0.861112 0.460608 0.820360 0.447365 0.817767 0.449365 0.813985 0.450225 0.808820 0.448996 0.805222 0.447151 0.804023 0.444568 0.804023 0.441617 0.799042 0.439157 0.791571 0.435836 0.787974 0.432639 0.785760 0.429564 0.787052 0.425875 0.788712 0.422185 0.791202 0.419726 0.794615 0.417143 0.799965 0.415913 0.808820 0.415667 0.816199 0.416528 0.825791 0.414437 0.833631 0.413208 0.843501 0.415544 0.855584 0.419480 0.862963 0.422308 0.866283 0.424399
0 0.861210 0.421447 0.857982 0.412593 0.858628 0.410502 0.856875 0.409149 0.843870 0.401524 0.835015 0.397220 0.825146 0.393899 0.817213 0.391931 0.810019 0.392792 0.799965 0.395375 0.791110 0.394391 0.784746 0.394268 0.780042 0.394637 0.778381 0.395621 0.776629 0.397835 0.774784 0.401647 0.773124 0.406566 0.774507 0.409272 0.776721 0.411855 0.780042 0.413945 0.782993 0.416405 0.786406 0.418250 0.787974 0.420955 0.788527 0.421939 0.790741 0.420218 0.793139 0.417881 0.797290 0.416405 0.801810 0.415913 0.808912 0.416036 0.816199 0.415790 0.828374 0.413699 0.833724 0.412962 0.847283 0.416528 0.857521 0.420218 0.861579 0.421816
0 0.877444 0.418373 0.868220 0.413331 0.865177 0.410748 0.863885 0.406812 0.858997 0.401770 0.848851 0.395867 0.838335 0.392177 0.824684 0.389349 0.824131 0.391317 0.823209 0.392423 0.823024 0.392915 0.830219 0.395744 0.837874 0.398573 0.847283 0.403615 0.858443 0.410379 0.858259 0.413208 0.860196 0.417881 0.864531 0.419111 0.873386 0.420218 0.877075 0.418619
0 0.882609 0.395129 0.880672 0.393899 0.877260 0.388488 0.874124 0.385413 0.867575 0.382585 0.861948 0.381355 0.857152 0.381109 0.853647 0.383077 0.850880 0.386151 0.850142 0.390087 0.849957 0.392177 0.852079 0.395129 0.853647 0.397097 0.858351 0.399433 0.859550 0.401401 0.861210 0.402139 0.862686 0.402754 0.865361 0.403738 0.867667 0.402385 0.874124 0.405091 0.874493 0.401893 0.876798 0.397589 0.882517 0.394883
0 0.838335 0.366474 0.835476 0.368811 0.834277 0.368073 0.833447 0.368196 0.834000 0.369795 0.832709 0.370778 0.832063 0.372623 0.830772 0.376313 0.831325 0.377665 0.832709 0.378157 0.835015 0.378157 0.840365 0.380494 0.840918 0.382093 0.843316 0.382585 0.844792 0.382462 0.846821 0.381355 0.848113 0.379387 0.848666 0.376190 0.848020 0.372746 0.846729 0.369549 0.843501 0.367335 0.838612 0.366228
0 0.859089 0.401524 0.857521 0.398819 0.852909 0.396728 0.849035 0.392423 0.845530 0.388980 0.839073 0.385905 0.830126 0.382585 0.824131 0.381601 0.819704 0.382093 0.813985 0.384184 0.808358 0.384061 0.810019 0.386889 0.809188 0.389964 0.808543 0.392669 0.813155 0.391808 0.817029 0.392054 0.822840 0.393284 0.824777 0.389472 0.839442 0.392669 0.844977 0.394883 0.851894 0.397712 0.858904 0.401524
0 0.821258 0.381503 0.817853 0.379233 0.812620 0.372339 0.808395 0.368556 0.798433 0.363596 0.790866 0.361914 0.786830 0.363007 0.783741 0.365530 0.787083 0.367968 0.792632 0.370069 0.797298 0.372928 0.801711 0.375618 0.805810 0.378056 0.807512 0.381588 0.808458 0.383689 0.813566 0.383942 0.820880 0.381335
0 0.808269 0.393190 0.810224 0.386800 0.805495 0.378393 0.797424 0.373432 0.787587 0.369649 0.779453 0.367800 0.774219 0.367211 0.769364 0.368304 0.762680 0.369817 0.759086 0.370322 0.753537 0.370154 0.748998 0.370154 0.743386 0.370994 0.741998 0.374189 0.740611 0.377048 0.740170 0.380074 0.741431 0.382176 0.744016 0.383353 0.746412 0.386043 0.747736 0.387977 0.749502 0.389238 0.751583 0.391004 0.754736 0.392853 0.757258 0.393694 0.760474 0.392013 0.761230 0.390583 0.777561 0.396048 0.779831 0.394703 0.786452 0.394030 0.793893 0.394703 0.800009 0.395376 0.808017 0.393106
0 0.788092 0.369481 0.784119 0.365698 0.778318 0.363764 0.771508 0.361746 0.766401 0.361326 0.759969 0.362671 0.754672 0.364353 0.751646 0.364268 0.745466 0.363848 0.739539 0.364100 0.736513 0.365277 0.735125 0.370994 0.734558 0.372844 0.735882 0.375534 0.737522 0.377216 0.740170 0.378897 0.741179 0.376711 0.743386 0.371667 0.748619 0.369901 0.755934 0.370322 0.762365 0.370406 0.773021 0.367211 0.784434 0.368640 0.787776 0.369397
0 0.812012 0.370978 0.811029 0.366815 0.803338 0.362882 0.795647 0.359875 0.788419 0.357871 0.783330 0.358719 0.776391 0.362188 0.775639 0.362882 0.783446 0.365427 0.786221 0.363191 0.790732 0.362188 0.799059 0.363576 0.808138 0.368357 0.812244 0.371132
0 0.785065 0.357948 0.777316 0.355943 0.773037 0.355943 0.769394 0.357100 0.766618 0.358873 0.764363 0.360415 0.766271 0.361340 0.771475 0.361880 0.775755 0.362882 0.777952 0.361340 0.784718 0.358025
0 0.771591 0.356251 0.768179 0.351702 0.763495 0.348233 0.757018 0.346768 0.750947 0.346691 0.746089 0.349235 0.750137 0.350546 0.753722 0.352011 0.759158 0.356483 0.762512 0.359798 0.763437 0.360107 0.765403 0.358950 0.769625 0.356945 0.771591 0.356329
0 0.765288 0.361494 0.762223 0.359721 0.756151 0.353861 0.751583 0.350777 0.745916 0.349543 0.741174 0.349158 0.745684 0.352011 0.749559 0.355326 0.753838 0.360338 0.757423 0.363114 0.764999 0.361572
0 0.757250 0.363345 0.752797 0.359413 0.748691 0.355095 0.743545 0.350700 0.739092 0.348850 0.733772 0.347385 0.729377 0.347385 0.723710 0.348927 0.719054 0.348154 0.717744 0.351158 0.716225 0.354162 0.715020 0.359332 0.718950 0.361428 0.722722 0.364013 0.724661 0.366389 0.726862 0.368205 0.729586 0.368415 0.731577 0.366598 0.736031 0.368135 0.736712 0.365830 0.740275 0.364013 0.745725 0.363734 0.752851 0.364362 0.757305 0.363524
0 0.739227 0.348503 0.737498 0.346547 0.734250 0.341517 0.731944 0.339072 0.725866 0.336417 0.718478 0.333972 0.709832 0.332225 0.707789 0.334321 0.705221 0.335579 0.704540 0.336906 0.703597 0.339072 0.702863 0.342635 0.702497 0.344871 0.702601 0.346547 0.704173 0.348923 0.706793 0.350040 0.707370 0.351158 0.709046 0.353324 0.710304 0.353883 0.713605 0.355140 0.715177 0.354791 0.716801 0.353114 0.718530 0.348643 0.719421 0.348224 0.722932 0.348923 0.729377 0.346897 0.735612 0.348014 0.739227 0.348503
0 0.755838 0.346547 0.755785 0.345290 0.751593 0.342914 0.745096 0.341238 0.742371 0.341168 0.740275 0.342076 0.741585 0.343264 0.743629 0.344731 0.745410 0.345499 0.745306 0.349062 0.746773 0.347945 0.750545 0.346827 0.755995 0.346477
0 0.739856 0.349062 0.745096 0.349482 0.745306 0.345429 0.741271 0.343194 0.738861 0.340958 0.737498 0.339142 0.734564 0.337325 0.728853 0.335509 0.720783 0.333553 0.720731 0.334461 0.726862 0.337116 0.731368 0.338862 0.733831 0.341517 0.736660 0.345709 0.739699 0.349062
0 0.704959 0.335858 0.705955 0.335090 0.707841 0.333483 0.703178 0.333692 0.700086 0.334601 0.697676 0.337046 0.697886 0.340469 0.698410 0.341517 0.699510 0.337954 0.701187 0.336207 0.705117 0.335649
0 0.725185 0.333064 0.725185 0.332016 0.721936 0.329431 0.719788 0.329221 0.713500 0.326916 0.708051 0.325937 0.703702 0.327405 0.699615 0.328592 0.697257 0.328173 0.693537 0.328103 0.691336 0.328173 0.690236 0.328732 0.688873 0.333972 0.692646 0.337255 0.693327 0.339002 0.694637 0.340190 0.697309 0.341238 0.697414 0.339281 0.697309 0.337255 0.699562 0.334810 0.703859 0.333553 0.708522 0.333203 0.709518 0.332295 0.720364 0.334251 0.720521 0.333483 0.725028 0.333692 0.725394 0.332505
0 0.509450 0.467209 0.506356 0.472660 0.502820 0.475165 0.498179 0.480322 0.492654 0.483121 0.486576 0.482532 0.480277 0.479143 0.476299 0.473397 0.472321 0.463083 0.403810 0.443488 0.399390 0.445992 0.394970 0.449971 0.389003 0.450855 0.382041 0.450707 0.377842 0.448792 0.375521 0.445845 0.370991 0.435090 0.367123 0.428459 0.364471 0.426102 0.362703 0.416378 0.359057 0.409158 0.360825 0.403560 0.360051 0.399729 0.363256 0.396929 0.365355 0.393099 0.368670 0.387500 0.382152 0.380575 0.388008 0.378807 0.393644 0.375713 0.405799 0.375271 0.418838 0.377923 0.433204 0.372619 0.441823 0.369230 0.457514 0.368199 0.478620 0.374387 0.501604 0.382933 0.507792 0.386469 0.514202 0.397224 0.518180 0.403265 0.523926 0.411074 0.527020 0.421682 0.526467 0.427133 0.528235 0.433764 0.528235 0.444224 0.527351 0.451444 0.525804 0.456748 0.524036 0.460873 0.520058 0.463673 0.516412 0.466030 0.510003 0.467062
0 -0.000024 0.259764 0.012573 0.257996 0.029038 0.258733 0.053901 0.263006 0.070808 0.267426 0.083074 0.272288 0.088157 0.276413 0.100975 0.289232 0.103296 0.288053 0.106169 0.289084 0.107826 0.291736 0.107163 0.294388 0.105064 0.295272 0.108821 0.297630 0.116003 0.302197 0.124402 0.307943 0.130590 0.311774 0.133905 0.315752 0.136778 0.321498 0.137551 0.326508 0.138435 0.337411 0.136778 0.340210 0.134457 0.342862 0.130811 0.344483 0.124291 0.345956 0.110147 0.348313 0.096113 0.348313 0.081969 0.347577 0.079759 0.351113 0.077328 0.351407 0.070255 0.351555 0.065946 0.350965 0.062078 0.348903 0.056774 0.342567 0.055338 0.338147 0.005391 0.320320 0.004728 0.323708 0.001744 0.325329 -0.000134 0.325918
0 0.098757 0.247370 0.093499 0.250322 0.092484 0.255610 0.092484 0.261882 0.095252 0.268400 0.096543 0.269015 0.097834 0.272458 0.099495 0.275410 0.102077 0.276886 0.108718 0.278239 0.111116 0.274549 0.111670 0.273442 0.143399 0.281682 0.145060 0.284757 0.145798 0.287585 0.148473 0.289676 0.151147 0.291275 0.153638 0.290906 0.156128 0.289922 0.157788 0.288077 0.159172 0.285126 0.164983 0.286233 0.171624 0.286479 0.176051 0.285495 0.177435 0.288200 0.182047 0.289676 0.184076 0.288938 0.186290 0.287216 0.187766 0.285003 0.191824 0.284880 0.194776 0.282789 0.195421 0.280206 0.195329 0.275410 0.194683 0.272458 0.193208 0.267785 0.192839 0.262128 0.189149 0.259176 0.184445 0.255979 0.176513 0.249215 0.169226 0.243557 0.160648 0.240975 0.147919 0.238269 0.137496 0.237900 0.130394 0.238023 0.125874 0.238146 0.118864 0.240975 0.112039 0.245525 0.108534 0.246386 0.098664 0.247247
0 0.167381 0.242943 0.175037 0.238884 0.181586 0.236301 0.189426 0.236056 0.208703 0.237777 0.217189 0.239130 0.225675 0.242943 0.231209 0.246386 0.233700 0.251797 0.235637 0.257086 0.238127 0.258807 0.239234 0.264957 0.238957 0.270491 0.239326 0.278854 0.238404 0.282420 0.235268 0.283527 0.234991 0.286110 0.232962 0.287585 0.231025 0.288692 0.228166 0.288938 0.226505 0.288446 0.223830 0.286602 0.222631 0.283773 0.217927 0.284142 0.212301 0.284265 0.211286 0.287585 0.210179 0.289061 0.206859 0.289430 0.204276 0.289799 0.201786 0.288200 0.198650 0.286479 0.197451 0.284757 0.195883 0.280452 0.195237 0.274426 0.193577 0.269630 0.192931 0.262989 0.185091 0.255979 0.175867 0.248354 0.167658 0.242820
0 0.593992 0.354023 0.595309 0.355132 0.596349 0.357812 0.596972 0.359568 0.598705 0.361417 0.601548 0.363265 0.603766 0.363265 0.605707 0.361787 0.607093 0.359938 0.638011 0.370290 0.639189 0.372231 0.640783 0.373710 0.642724 0.374911 0.644735 0.375466 0.647300 0.375836 0.648825 0.375651 0.651251 0.373617 0.658114 0.374542 0.660055 0.373617 0.660887 0.372139 0.660817 0.370013 0.661025 0.368072 0.661372 0.364190 0.661441 0.361787 0.658599 0.358736 0.652221 0.353468 0.646745 0.350325 0.640645 0.344410 0.635862 0.339604 0.632673 0.336923 0.622344 0.332394 0.615551 0.330731 0.605568 0.330176 0.603073 0.330731 0.597666 0.332949 0.594546 0.336276 0.593229 0.339234 0.592051 0.342654 0.590664 0.344965 0.590872 0.348107 0.590734 0.351619 0.594338 0.354577
0 0.590664 0.344410 0.590872 0.340528 0.590387 0.338217 0.592882 0.336276 0.593506 0.332117 0.594408 0.329991 0.598705 0.329529 0.602657 0.328882 0.611530 0.327034 0.622413 0.328512 0.633089 0.332949 0.635654 0.334982 0.644457 0.345519 0.649657 0.347922 0.655688 0.351157 0.659500 0.354670 0.660887 0.360585 0.656589 0.356980 0.650072 0.352266 0.645359 0.348847 0.638149 0.341822 0.630524 0.335907 0.623730 0.332579 0.615620 0.330823 0.605984 0.330176 0.600231 0.331470 0.596903 0.333596 0.595378 0.335537 0.592675 0.339974 0.591011 0.344410
0 0.656034 0.351435 0.657213 0.348939 0.659154 0.348939 0.660263 0.345704 0.660956 0.342099 0.662134 0.339142 0.661510 0.334058 0.658114 0.333688 0.657559 0.328512 0.659223 0.325462 0.658114 0.324168 0.653816 0.322505 0.652291 0.321303 0.644388 0.319085 0.636763 0.317144 0.629831 0.315203 0.623453 0.315388 0.621166 0.316682 0.617353 0.319639 0.615135 0.320564 0.612708 0.321303 0.607440 0.321858 0.601062 0.321118 0.598359 0.321395 0.596764 0.323336 0.595378 0.325555 0.593784 0.327773 0.593021 0.330638 0.593576 0.331655 0.594477 0.329991 0.610837 0.327034 0.622344 0.328235 0.633089 0.333041 0.635515 0.334798 0.638149 0.338125 0.641477 0.342377 0.643834 0.344872 0.645913 0.346074 0.655965 0.351250
0 0.594754 0.326849 0.593714 0.324723 0.595031 0.322042 0.596210 0.319824 0.598359 0.318900 0.603003 0.318438 0.609797 0.319177 0.614025 0.318438 0.621027 0.315850 0.622483 0.315572 0.619848 0.317698 0.616798 0.320009 0.613263 0.321118 0.609242 0.322042 0.603766 0.321303 0.599260 0.321118 0.597943 0.322135 0.595101 0.326571
0 0.602033 0.318160 0.603073 0.314648 0.605846 0.314094 0.610559 0.314186 0.615828 0.314186 0.621235 0.311968 0.627266 0.311321 0.633227 0.312522 0.637872 0.314648 0.641061 0.316589 0.642516 0.318623 0.639328 0.318068 0.633089 0.316589 0.628514 0.315572 0.623453 0.315850 0.620680 0.315757 0.618323 0.316866 0.614996 0.317791 0.611877 0.318715 0.608757 0.318900 0.605707 0.318623 0.602102 0.318530
0 0.605360 0.314001 0.605707 0.311690 0.607509 0.310766 0.613817 0.310489 0.618115 0.310396 0.623453 0.308640 0.625671 0.308086 0.624978 0.306145 0.623938 0.304851 0.625048 0.303649 0.626226 0.303002 0.629137 0.303464 0.636278 0.305128 0.643903 0.306977 0.645081 0.309657 0.643972 0.312060 0.643556 0.312615 0.644804 0.314094 0.645775 0.314741 0.646398 0.316127 0.646953 0.318253 0.647300 0.319639 0.644250 0.319454 0.642378 0.318715 0.640922 0.317051 0.638981 0.316035 0.636000 0.313816 0.632049 0.312060 0.627196 0.311506 0.623176 0.311783 0.620403 0.312245 0.617422 0.313354 0.615412 0.313816 0.613263 0.313909 0.608688 0.314001 0.605152 0.314094
0 0.606331 0.311506 0.605707 0.309934 0.606261 0.308455 0.607995 0.303742 0.609728 0.300414 0.619294 0.303002 0.623453 0.304111 0.624285 0.306422 0.625117 0.308086 0.622899 0.308271 0.620472 0.309657 0.618323 0.310396 0.615481 0.310489 0.612084 0.310581 0.606885 0.311043
0 0.605776 0.311506 0.603489 0.309380 0.603766 0.306330 0.606747 0.300414 0.610698 0.297549 0.615135 0.298935 0.619640 0.299305 0.625602 0.302632 0.623869 0.304111 0.621235 0.303464 0.609520 0.300414 0.608549 0.302725 0.605707 0.310766
0 0.603345 0.307672 0.602349 0.305995 0.603921 0.301943 0.604654 0.298450 0.608270 0.295935 0.610575 0.295097 0.617387 0.296773 0.623256 0.298520 0.626295 0.301384 0.627814 0.303061 0.623570 0.301175 0.620269 0.299079 0.617387 0.299149 0.614191 0.298660 0.611099 0.297752 0.609632 0.298380 0.607746 0.300057 0.606279 0.301734 0.605231 0.304528 0.603659 0.307812
0 0.634259 0.304528 0.635464 0.303550 0.642014 0.303620 0.645315 0.303271 0.648616 0.300616 0.653646 0.302293 0.659620 0.303969 0.665017 0.307183 0.665855 0.310187 0.666274 0.313750 0.665488 0.318291 0.664650 0.319409 0.662868 0.318781 0.662187 0.320178 0.660510 0.321575 0.659043 0.321296 0.657209 0.319409 0.656790 0.318082 0.655952 0.318920 0.655585 0.319898 0.654485 0.319968 0.653122 0.319270 0.651288 0.317942 0.650817 0.316196 0.644582 0.313331 0.643900 0.312074 0.645315 0.309838 0.643586 0.307043 0.634469 0.304528
0 0.468421 0.335121 0.465958 0.341074 0.464727 0.346000 0.464034 0.350926 0.463110 0.355954 0.465804 0.359033 0.469345 0.360881 0.470961 0.363241 0.473039 0.366217 0.475041 0.368270 0.480275 0.370630 0.483738 0.370733 0.487356 0.369501 0.489126 0.367757 0.530536 0.379456 0.532768 0.383664 0.538464 0.387564 0.545392 0.387358 0.548240 0.383766 0.549548 0.381201 0.555013 0.381406 0.560170 0.379046 0.563403 0.377506 0.562941 0.369912 0.563865 0.358110 0.564480 0.353799 0.556552 0.344050 0.552319 0.340868 0.546315 0.335532 0.535539 0.331529 0.521146 0.327937 0.512910 0.327321 0.504443 0.329374 0.498825 0.331119 0.494052 0.332350 0.488818 0.332350 0.483507 0.331529 0.476349 0.331119 0.473039 0.331119 0.469037 0.332453 0.468729 0.335429
0 0.564557 0.356365 0.566712 0.353799 0.567251 0.349386 0.567636 0.341895 0.565019 0.333582 0.563172 0.327116 0.560093 0.324037 0.542698 0.319419 0.527150 0.317161 0.517759 0.316546 0.511525 0.319727 0.504751 0.321780 0.499055 0.321574 0.492436 0.321472 0.488049 0.321574 0.483200 0.323935 0.480583 0.326090 0.479274 0.328245 0.479736 0.330811 0.482353 0.331427 0.486586 0.331632 0.492513 0.332145 0.497901 0.331324 0.505829 0.329271 0.513834 0.327835 0.521146 0.328040 0.537079 0.332145 0.546469 0.335634 0.553243 0.341895 0.556706 0.344563 0.560709 0.348873 0.564942 0.354107 0.565096 0.355954
0 0.505038 0.322116 0.504972 0.319650 0.504708 0.315776 0.506227 0.310493 0.507878 0.307058 0.511774 0.303008 0.512303 0.299838 0.517190 0.299222 0.524520 0.299926 0.533171 0.301511 0.543077 0.304153 0.549021 0.307235 0.561436 0.317801 0.567644 0.323701 0.572135 0.324757 0.578739 0.330304 0.579795 0.333474 0.579531 0.345538 0.576361 0.348003 0.571672 0.347651 0.568965 0.349060 0.567314 0.349324 0.567050 0.346242 0.567512 0.342984 0.566587 0.339022 0.563616 0.327839 0.560049 0.324053 0.543936 0.320090 0.529869 0.317625 0.518180 0.317008 0.512633 0.318417 0.507152 0.320354 0.504312 0.321851
0 0.545058 0.304681 0.551068 0.303712 0.558398 0.304241 0.566125 0.307323 0.575040 0.315600 0.581578 0.317185 0.583097 0.319122 0.583229 0.325814 0.582371 0.329688 0.579861 0.330833 0.577418 0.328631 0.572861 0.325109 0.567644 0.323348 0.564936 0.321235 0.558134 0.314895 0.549813 0.307851 0.545190 0.305033
0 0.306109 0.262157 0.300895 0.263678 0.292748 0.268240 0.288431 0.267914 0.277922 0.268457 0.272545 0.269109 0.271975 0.271173 0.271241 0.273019 0.269449 0.275626 0.269205 0.278450 0.270427 0.284424 0.269775 0.286488 0.271730 0.289638 0.273848 0.291267 0.275315 0.294743 0.276537 0.296373 0.279388 0.298871 0.283787 0.299631 0.285579 0.298328 0.286964 0.296481 0.288186 0.294092 0.292259 0.295178 0.295925 0.297350 0.301221 0.297893 0.308797 0.299197 0.320854 0.301912 0.322076 0.302998 0.325171 0.308755 0.326964 0.310385 0.332422 0.311145 0.335192 0.310602 0.336576 0.305062 0.337961 0.305279 0.339835 0.308321 0.342931 0.309407 0.345945 0.309190 0.348145 0.307126 0.349122 0.304302 0.349774 0.303433 0.353684 0.302238 0.354662 0.300283 0.355151 0.297024 0.354010 0.294743 0.354091 0.291702 0.353521 0.284316 0.350181 0.277690 0.346189 0.271499 0.339428 0.268023 0.327452 0.264438 0.316210 0.262266 0.306353 0.261940
0 0.324927 0.263243 0.326964 0.261723 0.326964 0.259225 0.331200 0.259116 0.343257 0.259985 0.354417 0.262700 0.362075 0.266937 0.369244 0.275735 0.374376 0.278885 0.382197 0.284316 0.384641 0.288769 0.384478 0.293874 0.384152 0.298871 0.381056 0.300609 0.376494 0.301369 0.370792 0.300283 0.369651 0.300500 0.367615 0.302129 0.363216 0.302347 0.359631 0.300935 0.356291 0.298219 0.355639 0.296264 0.354499 0.294092 0.354091 0.291159 0.353358 0.287900 0.352869 0.283447 0.349937 0.276061 0.346108 0.270955 0.339672 0.268023 0.328756 0.264981 0.324927 0.263352
0 0.349065 0.242913 0.364775 0.247178 0.366268 0.248031 0.367405 0.251064 0.367690 0.256467 0.367974 0.261775 0.367618 0.266040 0.367050 0.270590 0.366836 0.272390 0.365699 0.271537 0.361789 0.267177 0.356316 0.263102 0.353472 0.262154 0.348141 0.260827
0 0.367547 0.250496 0.369467 0.249927 0.375936 0.250116 0.386741 0.252202 0.394063 0.254287 0.395556 0.256088 0.396551 0.259216 0.397688 0.262343 0.392641 0.261490 0.387167 0.260543 0.378850 0.259974 0.374869 0.263955 0.371813 0.265945 0.369893 0.273528 0.367690 0.273244 0.366979 0.272485 0.367050 0.270969 0.367974 0.262533 0.367618 0.250780
0 0.394561 0.254097 0.398968 0.256562 0.401954 0.260353 0.406645 0.262533 0.408067 0.265945 0.406645 0.266040 0.402096 0.263765 0.397831 0.263102 0.396409 0.257320 0.394561 0.254287
0 0.378850 0.260353 0.372168 0.266040 0.370178 0.272770 0.369751 0.274665 0.369751 0.276277 0.373519 0.278267 0.376078 0.280068 0.381978 0.283954 0.383329 0.286703 0.385959 0.284238 0.410413 0.292200 0.411479 0.294854 0.415176 0.296181 0.419583 0.296655 0.422000 0.294949 0.424844 0.297508 0.428185 0.296560 0.429678 0.295233 0.431526 0.294570 0.432521 0.292390 0.432379 0.289451 0.432095 0.286134 0.430246 0.283101 0.425128 0.280447 0.417522 0.276940 0.410911 0.270210 0.405295 0.265945 0.398115 0.262723 0.391575 0.261490 0.385035 0.260258 0.378779 0.259974
0 0.429536 0.268504 0.428469 0.261775 0.423920 0.258647 0.414536 0.254950 0.408494 0.253529 0.400816 0.253908 0.398399 0.255898 0.400390 0.257983 0.401243 0.259595 0.406645 0.262438 0.408138 0.266230 0.408351 0.268220 0.411124 0.270590 0.412475 0.271822 0.414323 0.270116 0.418304 0.269073 0.422285 0.268694 0.429536 0.268694
0 0.407604 0.252916 0.410600 0.249520 0.417192 0.250119 0.426929 0.252616 0.431498 0.255512 0.434495 0.259408 0.441011 0.263203 0.442359 0.265000 0.440786 0.265799 0.438315 0.266099 0.435993 0.266498 0.433446 0.267397 0.430674 0.268895 0.429701 0.268496 0.428652 0.261904 0.422959 0.258009 0.417716 0.256212 0.410900 0.254014 0.407829 0.253415
0 0.427603 0.252816 0.433296 0.251018 0.440262 0.251917 0.449400 0.254514 0.453221 0.256112 0.454045 0.261505 0.448202 0.261405 0.444232 0.261305 0.441236 0.262803 0.438614 0.261605 0.435918 0.260506 0.434195 0.259208 0.430075 0.254514 0.427903 0.253016
0 0.414645 0.270493 0.413596 0.272790 0.415694 0.274988 0.417341 0.276785 0.424382 0.279781 0.429850 0.282877 0.432098 0.286173 0.448352 0.288670 0.450599 0.292166 0.454943 0.294263 0.458014 0.293764 0.461086 0.292565 0.463108 0.291466 0.469400 0.291566 0.470523 0.288171 0.470598 0.284376 0.469025 0.279182 0.464231 0.277085 0.461535 0.276186 0.453820 0.269794 0.448352 0.266998 0.440712 0.266299 0.436217 0.266498 0.431948 0.267797 0.429176 0.268995 0.424832 0.269395 0.418016 0.269495 0.414121 0.270593
0 0.441236 0.266199 0.442959 0.262104 0.448801 0.261405 0.454494 0.262504 0.463932 0.265100 0.469475 0.268296 0.474119 0.274189 0.481235 0.278383 0.483856 0.283477 0.482508 0.288570 0.480111 0.288670 0.477639 0.289669 0.475842 0.290468 0.473744 0.290767 0.469924 0.290967 0.470973 0.287671 0.471123 0.284076 0.468876 0.279482 0.462808 0.276985 0.457490 0.272191 0.448352 0.266898 0.443858 0.266898 0.441236 0.266598
0 0.483407 0.287671 0.485205 0.289269 0.487452 0.289968 0.490373 0.289169 0.492395 0.289269 0.494867 0.288870 0.495766 0.285774 0.495242 0.282578 0.494792 0.280580 0.491571 0.278383 0.487602 0.275187 0.482208 0.270493 0.474194 0.266598 0.467527 0.264701 0.463707 0.265000 0.467003 0.266698 0.469325 0.268196 0.473744 0.274588 0.481235 0.278383 0.483707 0.283876 0.483182 0.287771
0 0.495052 0.281871 0.496128 0.279756 0.495788 0.277112 0.493692 0.274620 0.489160 0.271220 0.482985 0.265026 0.479642 0.262911 0.473524 0.261023 0.468255 0.261703 0.465082 0.264724 0.468878 0.265177 0.474940 0.267141 0.480322 0.269483 0.484968 0.272882 0.488537 0.276432 0.494995 0.281342
0 0.483211 0.265253 0.483948 0.264195 0.491143 0.265026 0.496468 0.266537 0.500037 0.270012 0.502020 0.273184 0.506439 0.276584 0.507912 0.277490 0.508705 0.279832 0.508819 0.282551 0.507969 0.284062 0.505589 0.284817 0.503267 0.284591 0.501397 0.284968 0.497998 0.284968 0.495392 0.283457 0.496015 0.280360 0.496015 0.278396 0.495505 0.276206 0.493239 0.274015 0.487120 0.270389 0.483268 0.265328
0 0.000249 0.161850 0.005338 0.161612 0.012570 0.162683 0.022838 0.164945 0.034713 0.168755 0.042124 0.171136 0.049802 0.181493 0.050517 0.184945 0.050160 0.186374 0.049356 0.187207 0.044802 0.184588 0.038195 0.182445 0.033820 0.181136 0.024981 0.179707 0.019356 0.178993 0.013999 0.178755 0.009177 0.179945 0.005338 0.181612 0.002124 0.182564 0.000070 0.182683
0 0.000249 0.183993 0.007302 0.186255 0.015695 0.190064 0.019267 0.193040 0.023999 0.196374 0.030785 0.202207 0.036588 0.208874 0.039892 0.209469 0.046499 0.214350 0.050338 0.216850 0.053910 0.218755 0.056677 0.223040 0.057481 0.225421 0.058731 0.231612 0.058463 0.234707 0.055338 0.236017 0.053552 0.238755 0.052660 0.238993 0.049267 0.238755 0.047660 0.238398 0.046320 0.237326 0.045338 0.235183 0.043463 0.233993 0.037124 0.234231 0.032927 0.233636 0.028552 0.233398 0.024356 0.233398 0.019713 0.232445 0.018731 0.233040 0.016677 0.234350 0.014535 0.234469 0.011856 0.233398 0.008642 0.230421 0.005785 0.227207 -0.000019 0.224588
0 0.000070 0.183160 0.002660 0.184350 0.008195 0.186850 0.013463 0.189707 0.016052 0.190183 0.022749 0.196136 0.028106 0.200183 0.033552 0.206612 0.035338 0.208160 0.037124 0.209231 0.041588 0.209707 0.044177 0.212564 0.047392 0.215421 0.050606 0.216017 0.055606 0.216255 0.056767 0.216255 0.057124 0.216850 0.058463 0.218636 0.060249 0.219231 0.063820 0.219945 0.065338 0.219826 0.067035 0.217802 0.068552 0.215660 0.069981 0.215898 0.069802 0.212207 0.070338 0.208517 0.069535 0.204826 0.068552 0.201850 0.068285 0.200660 0.064267 0.198755 0.061410 0.195898 0.054088 0.190302 0.050338 0.187564 0.044624 0.184707 0.035160 0.181612 0.025695 0.179826 0.015785 0.178755 0.009624 0.179588 0.004624 0.182088 0.000963 0.182802
0 0.166592 0.242594 0.168323 0.242133 0.171783 0.240403 0.172303 0.237057 0.172216 0.233712 0.170053 0.228521 0.165554 0.224368 0.158719 0.221254 0.156556 0.217677 0.147126 0.209833 0.137523 0.206949 0.129909 0.205450 0.120219 0.203027 0.113298 0.202335 0.107415 0.203143 0.104213 0.206719 0.102829 0.210295 0.101272 0.216409 0.101878 0.221484 0.103608 0.223099 0.106376 0.224599 0.106809 0.226560 0.108453 0.229675 0.109664 0.231289 0.114942 0.233020 0.115374 0.232789 0.118056 0.229790 0.138907 0.237519 0.144357 0.238211 0.149895 0.238788 0.159411 0.240864 0.167025 0.242825
0 0.124372 0.203950 0.119527 0.199105 0.111567 0.191722 0.100753 0.188723 0.091495 0.185493 0.084574 0.183878 0.075317 0.183647 0.072116 0.187108 0.070039 0.189300 0.069261 0.191607 0.069088 0.196913 0.068828 0.198298 0.069520 0.203027 0.072029 0.207180 0.073240 0.209949 0.074798 0.213755 0.080681 0.215716 0.082498 0.214563 0.083449 0.211794 0.095994 0.215255 0.097725 0.218370 0.098417 0.219292 0.100320 0.219292 0.100839 0.218946 0.101272 0.216755 0.101618 0.214909 0.102397 0.211564 0.103954 0.206257 0.107328 0.203258 0.113384 0.202220 0.119181 0.202566 0.124026 0.203950
0 0.387734 0.249281 0.388635 0.251314 0.389467 0.252054 0.391269 0.252886 0.393141 0.252331 0.393765 0.251592 0.394666 0.252978 0.396122 0.253163 0.397162 0.252608 0.399311 0.250852 0.400836 0.250852 0.401390 0.250020 0.401737 0.247155 0.401876 0.245214 0.401806 0.243088 0.399727 0.237265 0.396468 0.235971 0.387873 0.233476 0.381564 0.233014 0.379277 0.233106 0.376296 0.234862 0.373038 0.235971 0.370265 0.236064 0.367423 0.236711 0.370334 0.238190 0.372345 0.240593 0.373107 0.240870 0.373939 0.242626 0.374286 0.243735 0.374286 0.246323 0.375048 0.246970
0 0.366938 0.249651 0.368948 0.249835 0.370057 0.249835 0.371374 0.248911 0.373315 0.248911 0.374355 0.246785 0.374355 0.243550 0.373038 0.240870 0.369572 0.238559 0.366591 0.236526 0.361739 0.231720 0.359035 0.228762 0.348706 0.227098 0.351826 0.229316 0.354460 0.232367 0.357579 0.234862 0.359728 0.235879 0.363333 0.238559 0.365066 0.240223 0.366175 0.241517 0.366938 0.244290 0.367007 0.247617 0.367007 0.248911
0 0.332277 0.227930 0.332346 0.225434 0.336644 0.224972 0.347874 0.227006 0.350924 0.229039 0.355153 0.233383 0.361323 0.236896 0.366452 0.241424 0.366730 0.245122 0.366106 0.247894 0.363194 0.246600 0.356331 0.244752 0.348706 0.242256 0.348429 0.237820 0.344270 0.233661 0.340110 0.231350 0.334634 0.230333 0.331930 0.229039 0.332208 0.227560
0 0.308916 0.224510 0.310995 0.222939 0.315224 0.222199 0.324444 0.224325 0.327910 0.225989 0.330405 0.227283 0.331653 0.228577 0.332624 0.229779
0 0.309764 0.223656 0.307179 0.220209 0.302513 0.217098 0.295892 0.214660 0.289460 0.213063 0.281831 0.212474 0.277795 0.216090 0.288073 0.219705 0.298792 0.222479 0.309449 0.224077
0 0.262157 0.221050 0.258185 0.219705 0.249799 0.217183 0.239395 0.216258 0.237314 0.216510 0.237377 0.217855 0.234918 0.219873 0.233215 0.221218 0.232774 0.223488 0.232711 0.226010 0.232711 0.228196 0.232837 0.230382 0.233089 0.231811 0.233468 0.233829 0.234350 0.235931 0.235296 0.237444 0.237440 0.237781 0.239962 0.237865 0.240971 0.236772 0.241728 0.236351 0.246520 0.237949 0.247844 0.239630 0.249610 0.239966 0.250808 0.239210 0.259446 0.241816 0.260644 0.244170 0.261149 0.244675 0.261905 0.221050
0 0.240467 0.212222 0.237503 0.213231 0.239269 0.215753 0.242358 0.216342 0.251060 0.217098 0.256798 0.219789 0.262725 0.221554 0.263166 0.219789 0.259194 0.216090 0.253771 0.214997 0.243493 0.212054 0.240845 0.212054
0 0.252699 0.214576 0.254339 0.212390 0.266319 0.215417 0.269661 0.216090 0.266697 0.217855 0.262914 0.219284 0.259131 0.215753 0.252825 0.214576
0 0.254155 0.211524 0.251318 0.209338 0.248039 0.205638 0.244760 0.203705 0.237572 0.201939 0.233347 0.201098 0.232401 0.201939 0.234797 0.203537 0.237446 0.205807 0.239085 0.207656 0.245580 0.210683 0.247030 0.212112 0.247282 0.212953 0.249868 0.213625 0.252390 0.214466 0.254281 0.211355
0 0.222754 0.200090 0.225844 0.202948 0.227042 0.205638 0.231519 0.207908 0.233789 0.209758 0.236941 0.213037 0.240220 0.211944 0.243247 0.211692 0.246778 0.212785 0.246210 0.210515 0.239653 0.207656 0.234671 0.203621 0.231645 0.201855 0.226663 0.200594 0.223258 0.200594
0 0.226348 0.205470 0.224330 0.202023 0.221114 0.199837 0.217394 0.198660 0.212980 0.198240 0.208188 0.198997 0.210017 0.201351 0.214431 0.201687 0.218403 0.202864 0.221051 0.203284 0.226600 0.205638
0 0.239400 0.216063 0.234671 0.211019 0.230825 0.207908 0.224330 0.204882 0.218025 0.202696 0.212980 0.201687 0.205225 0.199837 0.199297 0.199249 0.196586 0.201014 0.195262 0.205218 0.199171 0.207320 0.203774 0.210599 0.208377 0.214634 0.210837 0.215727 0.211467 0.218081 0.212098 0.219763 0.212980 0.222957 0.212854 0.225816 0.213170 0.226993 0.216385 0.226825 0.216448 0.226068 0.225844 0.228590 0.226537 0.230524 0.227483 0.231197 0.228429 0.231869 0.230447 0.232290 0.231771 0.231953 0.232654 0.230776 0.232654 0.226825 0.233221 0.221528 0.237446 0.217913 0.237383 0.216736 0.239716 0.216063
0 0.169725 0.207320 0.163608 0.207320 0.160267 0.212196 0.160267 0.214634 0.160897 0.218081 0.162915 0.218754 0.162536 0.220183 0.164176 0.222789 0.165941 0.223294 0.167833 0.222621 0.168842 0.221696 0.168905 0.220183 0.178048 0.222285 0.178237 0.224471 0.179940 0.224807 0.181705 0.225227 0.182525 0.223462 0.186750 0.224807 0.188515 0.227750 0.189020 0.228843 0.191226 0.229431 0.192740 0.229431 0.194064 0.229347 0.195073 0.227077 0.199108 0.227834 0.200117 0.227497 0.201883 0.229515 0.202829 0.230524 0.204531 0.230860 0.206107 0.230524 0.206801 0.229515 0.208314 0.227834 0.211341 0.228170 0.213233 0.226909 0.212728 0.223294 0.211467 0.218754 0.210395 0.215727 0.208440 0.213962 0.198289 0.206899 0.192803 0.204630 0.186371 0.203621 0.180381 0.203116 0.176472 0.204293 0.170734 0.207152
0 0.201946 0.196390 0.202324 0.195129 0.203459 0.192523 0.202955 0.188067 0.201378 0.183947 0.195262 0.182098 0.186308 0.180669 0.184290 0.181930 0.181327 0.183107 0.178679 0.183359 0.176787 0.184116 0.175841 0.186554 0.176030 0.187815 0.176850 0.189580 0.178931 0.189496 0.185993 0.190169 0.190470 0.191346 0.192803 0.192439 0.194190 0.193364 0.196712 0.194288 0.201631 0.197147
0 0.208882 0.200846 0.206675 0.197651 0.199865 0.195886 0.191605 0.194457 0.183345 0.194625 0.178742 0.195550 0.176219 0.197315 0.172877 0.198072 0.169914 0.198324 0.168653 0.201267 0.168590 0.203873 0.170797 0.206984 0.174012 0.205218 0.178868 0.203537 0.182399 0.203621 0.195325 0.205807 0.196649 0.201267 0.199487 0.199081 0.207999 0.200174
0 0.180318 0.189749 0.179561 0.191178 0.179940 0.192859 0.181705 0.194793 0.187002 0.194961 0.192551 0.194793 0.197154 0.195129 0.192361 0.191850 0.182588 0.189580 0.179940 0.189580
0 0.108175 0.190850 0.108560 0.186950 0.115949 0.186950 0.121183 0.183769 0.128880 0.182230 0.134883 0.183359 0.143966 0.185924 0.147660 0.187361 0.150354 0.190337 0.151740 0.194955 0.153279 0.199266 0.153895 0.203371 0.153664 0.205834 0.152971 0.207065 0.151740 0.208810 0.148892 0.210657 0.147507 0.210144 0.146737 0.209118 0.144967 0.205423 0.141503 0.205731 0.138809 0.205526 0.137500 0.206758 0.134729 0.206450 0.132189 0.205937 0.128264 0.205321 0.125955 0.204808 0.123569 0.204192 0.120567 0.200497 0.115564 0.195161 0.111946 0.192184 0.107559 0.190542
0 0.153772 0.204111 0.155643 0.204283 0.157127 0.203595 0.162998 0.204455 0.163772 0.206175 0.165965 0.206691 0.167385 0.206347 0.168417 0.203681 0.168546 0.201702 0.169772 0.198089 0.170030 0.197057 0.169320 0.195509 0.166352 0.193961 0.161449 0.190520 0.155192 0.187509 0.150160 0.186477 0.146418 0.186821 0.150611 0.190004 0.151708 0.194391 0.152998 0.198778 0.154095 0.204541
0 0.181900 0.194735 0.177513 0.191208 0.172739 0.189660 0.166352 0.188542 0.161514 0.188628 0.160288 0.189316 0.162998 0.191552 0.166223 0.193703 0.169513 0.195337 0.170288 0.196455 0.169772 0.198003 0.175513 0.197401 0.178416 0.195853 0.181835 0.194649