1 0.116535 0.735798 0.305375 0.804845 0.157160 1.000083 0.000017 1.000083 -0.000429 0.811988
1 0.313410 0.807821 0.551357 0.886988 0.538410 1.000083 0.173678 1.000083
1 0.560215 0.890313 0.552903 1.000637 0.854627 1.000124 0.839618 0.967796
1 0.957799 0.636333 0.963303 0.643468 0.966361 0.650602 0.966208 0.659572 0.967278 0.661610 0.965750 0.671599 0.962386 0.679753 0.962233 0.684033 0.954742 0.689333 1.000149 0.698303 0.999996 0.661610
1 1.000149 0.629606 0.940217 0.618802 0.944651 0.624306 0.947556 0.627975 0.999996 0.659368
1 0.146615 0.476563 0.144930 0.483302 0.143666 0.490883 0.144930 0.500148 0.116291 0.505764 0.048484 0.490602
1 0.365990 0.477262 0.384897 0.481289 0.385028 0.484440 0.384109 0.488117 0.384109 0.496345 0.386473 0.498271 0.365727 0.506499 0.303096 0.493544
1 0.365990 0.564797 0.376494 0.557794 0.373868 0.553593 0.372949 0.546590 0.372949 0.538012 0.374393 0.530484 0.376888 0.520680 0.381352 0.515428 0.384635 0.510701 0.367171 0.507374 0.276179 0.544839
1 0.192014 0.525056 0.273027 0.543789 0.363757 0.506674 0.300864 0.494069
1 0.504956 0.543670 0.508319 0.544078 0.515199 0.545505 0.529570 0.546116 0.534616 0.544689 0.538285 0.543874 0.541954 0.542039 0.585680 0.550601 0.578647 0.612979 0.471779 0.588313
1 0.530946 0.507793 0.518410 0.524305 0.525901 0.526343 0.537215 0.531032 0.540884 0.534497 0.542566 0.540816 0.585833 0.549378 0.589196 0.519004
1 0.780328 0.553343 0.781622 0.553774 0.797312 0.567361 0.796179 0.571459 0.795371 0.569087 0.791974 0.567577 0.788415 0.568008 0.787121 0.570381
1 0.993352 0.617827 0.999984 0.619984 0.999660 0.595829 0.992058 0.592379 0.990926 0.595614 0.990926 0.600790 0.985750 0.605534 0.981221 0.608554 0.979118 0.610495
1 0.757683 0.507161 0.729832 0.502246 0.728911 0.505250 0.733109 0.508936 0.736897 0.514806 0.738843 0.518765 0.786557 0.527230
1 0.636041 0.488867 0.636246 0.489959 0.644233 0.491461 0.652424 0.494601 0.654165 0.499243 0.655701 0.504840 0.656520 0.504021 0.660411 0.505523 0.661844 0.506615 0.679455 0.507434 0.681913 0.505113 0.682834 0.504430 0.673619 0.492826 0.652731 0.489550 0.650786 0.490232 0.647100 0.490505 0.641366 0.489686
1 0.683517 0.482499 0.667418 0.481327 0.667418 0.483040 0.675806 0.492871 0.682502 0.494043 0.683382 0.485566
1 0.619506 0.483281 0.620987 0.484334 0.624641 0.486441 0.629481 0.487758 0.633333 0.488548 0.633827 0.489865 0.622074 0.488153 0.617135 0.487890 0.613283 0.490787 0.611604 0.496450 0.610123 0.495660 0.606172 0.495660 0.593135 0.492499 0.594419 0.479462
1 0.553628 0.474984 0.556591 0.476038 0.562319 0.476169 0.567850 0.476169 0.570122 0.475116 0.592740 0.479593 0.591061 0.492762 0.546813 0.485124
1 0.544739 0.484598 0.513331 0.478672 0.509874 0.473009 0.516689 0.466161 0.539109 0.469980 0.541084 0.471429 0.545232 0.473272 0.551652 0.475116
1 0.526371 0.458133 0.511316 0.455236 0.511091 0.460230 0.510417 0.464025 0.515960 0.465024
1 0.539255 0.469118 0.540528 0.467321 0.542925 0.466622 0.548243 0.466522 0.556258 0.467820 0.559479 0.463426 0.527870 0.458432 0.518581 0.465323
1 0.443788 0.453548 0.442144 0.454587 0.444134 0.456317 0.447941 0.460008 0.453564 0.467622 0.455035 0.467853 0.457285 0.468891 0.457890 0.469121 0.470608 0.463238 0.470695 0.458163
1 0.421380 0.444781 0.423370 0.446166 0.424408 0.447550 0.424149 0.449396 0.443009 0.452856 0.456592 0.448934 0.456073 0.447204 0.433319 0.442128
1 0.403384 0.449280 0.406413 0.449857 0.400875 0.451818 0.398972 0.453433 0.395165 0.456432 0.393868 0.459316 0.376737 0.454933
1 0.374488 0.441436 0.395079 0.445127 0.395944 0.446281 0.401308 0.448473 0.375699 0.454010 0.352858 0.449396 0.350003 0.446281
1 0.377343 0.440975 0.395252 0.444320 0.396896 0.442474 0.400443 0.441782 0.407537 0.441897 0.418525 0.443858 0.432108 0.441667 0.402433 0.436937
1 0.341698 0.435553 0.344034 0.440398 0.345504 0.443858 0.348965 0.445358 0.371200 0.441090
1 0.344120 0.427016 0.351993 0.428516 0.353031 0.431400 0.353637 0.433476 0.341179 0.434515 0.338064 0.430939 0.335468 0.428170
1 0.075010 0.398857 0.079877 0.400983 0.084241 0.403109 0.098758 0.402661 0.097751 0.400871 0.095486 0.398857
1 0.108492 0.408927 0.124940 0.413402 0.132324 0.412955 0.132324 0.407472
1 0.082059 0.387445 0.087514 0.389794 0.094479 0.390913 0.094730 0.387445
1 0.093220 0.394605 0.094395 0.397291 0.072745 0.398298 0.064437 0.396955 0.060241 0.394381
1 0.087430 0.393822 0.079626 0.391920 0.069891 0.391249 0.057724 0.389794 0.053612 0.389458 0.058731 0.393710
1 0.088101 0.391249 0.090031 0.393039 0.093388 0.393710 0.094227 0.391025
1 0.093676 0.386419 0.077689 0.384086 0.043242 0.383684 0.055971 0.387062 0.060556 0.386419 0.070208 0.385695 0.080283 0.386901
1 0.032563 0.379662 0.042457 0.383201 0.076120 0.383603 0.057901 0.380547
1 0.536754 0.450526 0.510712 0.446983 0.510653 0.446353 0.518566 0.443440 0.541655 0.447692
1 0.593621 0.460447 0.589664 0.459581 0.589487 0.457770 0.588719 0.456117 0.594034 0.456904
1 0.594506 0.452573 0.587184 0.450684 0.587479 0.452259 0.588778 0.451629 0.589723 0.451944 0.590491 0.453518 0.589782 0.454778 0.594152 0.455880
1 0.424457 0.427913 0.434052 0.430337 0.434153 0.431617 0.430769 0.432627 0.403751 0.428991
1 0.425618 0.427711 0.433547 0.427172 0.433496 0.428385 0.433648 0.429799
0 0.000203 0.611805 0.016820 0.613789 0.041622 0.618088 0.064439 0.624702 0.087257 0.635284 0.092465 0.637598 0.096681 0.644212 0.100153 0.645866 0.102138 0.651487 0.103874 0.655125 0.102634 0.661408 0.099161 0.672982 0.099161 0.677942 0.100649 0.684556 0.095193 0.702082 0.084280 0.710680 0.077832 0.723246 0.066423 0.735813 0.061463 0.742426 0.051294 0.756646 0.034925 0.769873 0.012852 0.776818 -0.000293 0.767228
0 1.000064 0.917354 0.976479 0.912580 0.973109 0.917634 0.969740 0.918477 0.952683 0.921565 0.939627 0.927181 0.930362 0.926338 0.922149 0.930550 0.918359 0.939535 0.916464 0.957785 0.916042 0.972947 0.918991 0.990074 0.922360 0.999620 1.000064 0.999901
0 0.000144 0.404137 0.003780 0.403468 0.005160 0.402131 0.024221 0.402131 0.046040 0.403134 0.060211 0.404137 0.071121 0.405809 0.081905 0.407481 0.094571 0.409655 0.104227 0.413500 0.113381 0.421192 0.121532 0.428883 0.127677 0.429719 0.134699 0.430889 0.143226 0.432227 0.146487 0.436909 0.146612 0.440754 0.148242 0.444265 0.148619 0.450117 0.146487 0.453629 0.145985 0.458310 0.143352 0.461654 0.139590 0.463159 0.138336 0.468008 0.136079 0.471519 0.132567 0.472857 0.127300 0.471519 0.120027 0.466503 0.118773 0.464831 0.071998 0.471018 0.069616 0.476201 0.065854 0.482220 0.059333 0.483056 0.050806 0.480715 0.046166 0.476535 0.037889 0.473860 0.036761 0.470516 0.028108 0.470182 0.025224 0.473693 0.021211 0.475198 0.011304 0.474529 0.006790 0.472021 0.003529 0.469680 0.000144 0.470014
0 -0.000107 0.374877 0.016320 0.377050 0.018578 0.378054 0.031494 0.379893 0.040147 0.382735 0.048925 0.386414 0.055822 0.391430 0.064349 0.397282 0.074506 0.398787 0.082783 0.402131 0.084664 0.403468 0.087423 0.407983 0.078269 0.406812 0.059960 0.404304 0.040147 0.402799 0.016697 0.402298 0.005034 0.402298 0.003279 0.403803 0.000144 0.404137
0 0.178352 0.459117 0.168320 0.463130 0.159918 0.466642 0.154149 0.469150 0.148506 0.473162 0.146750 0.476674 0.143866 0.488378 0.143365 0.491220 0.144619 0.498243 0.145371 0.501419 0.147252 0.502423 0.156783 0.505265 0.173336 0.507606 0.191393 0.508944 0.197287 0.509780 0.200171 0.514294 0.203056 0.515297 0.210956 0.513960 0.214216 0.510783 0.217226 0.506603 0.219609 0.503259 0.261869 0.492725 0.263624 0.495567 0.266760 0.497908 0.272779 0.497741 0.275161 0.495066 0.277042 0.489883 0.277920 0.485368 0.282058 0.482358 0.283939 0.477175 0.283689 0.471658 0.282936 0.467478 0.283187 0.463130 0.282058 0.458950 0.278046 0.453098 0.271650 0.443735 0.267387 0.441728 0.257605 0.439053 0.239924 0.437047 0.230519 0.436211 0.216474 0.436712 0.206818 0.438719 0.201551 0.441394 0.192146 0.446410 0.187506 0.450423 0.186001 0.450256 0.183618 0.451761 0.182615 0.454770 0.180734 0.457278
0 0.267637 0.441728 0.270898 0.426847 0.273657 0.421831 0.278171 0.420995 0.287827 0.419825 0.298862 0.420159 0.311026 0.420995 0.322688 0.423169 0.331717 0.426513 0.334852 0.428018 0.341499 0.434706 0.345637 0.443735 0.349901 0.445574 0.351907 0.448918 0.352659 0.451092 0.353537 0.455941 0.353537 0.463297 0.352785 0.470153 0.352032 0.471323 0.351029 0.474834 0.349399 0.477677 0.347267 0.478847 0.344007 0.478680 0.341875 0.476841 0.341373 0.473497 0.318049 0.478011 0.316795 0.483194 0.315290 0.486371 0.312656 0.487709 0.309020 0.487542 0.305383 0.486706 0.302750 0.479850 0.286071 0.477342 0.283312 0.479516 0.284065 0.476506 0.283062 0.467812 0.282936 0.462963 0.282184 0.459117 0.271650 0.443735
0 0.425937 0.478978 0.424181 0.479480 0.419290 0.480316 0.410638 0.484997 0.402737 0.491351 0.391201 0.504393 0.386310 0.509743 0.376779 0.520110 0.373394 0.533319 0.372641 0.542849 0.373394 0.551376 0.374146 0.555222 0.376278 0.558566 0.383551 0.561241 0.386812 0.564585 0.390574 0.566759 0.397471 0.565421 0.432583 0.572945 0.443869 0.572277 0.447506 0.577961 0.452898 0.579801 0.456911 0.577125 0.458165 0.572444 0.461049 0.559904 0.478856 0.543852 0.481991 0.546193 0.487760 0.545859 0.492650 0.543518 0.496538 0.534489 0.497415 0.526296 0.496036 0.521280 0.494280 0.518438 0.494406 0.513756 0.492650 0.509074 0.490142 0.505730 0.487007 0.504393 0.485502 0.503055 0.483120 0.502386 0.481113 0.502219 0.475596 0.494026 0.469075 0.488174 0.461300 0.485499 0.451644 0.482991 0.433962 0.479480
0 0.391075 0.504393 0.388316 0.503724 0.387062 0.501718 0.386185 0.498039 0.384053 0.496534 0.383927 0.488007 0.385056 0.483158 0.385808 0.470785 0.388693 0.466940 0.392831 0.461422 0.394586 0.456740 0.400480 0.451724 0.406123 0.449718 0.411516 0.449551 0.415905 0.450387 0.426815 0.452560 0.437850 0.454232 0.442866 0.455235 0.448133 0.459081 0.453274 0.468110 0.455531 0.468277 0.456660 0.470284 0.457036 0.472290 0.459920 0.476303 0.461049 0.481152 0.457538 0.484830 0.444747 0.481319 0.426689 0.478978 0.419290 0.480817 0.411265 0.484997 0.402487 0.491853
0 0.458039 0.484663 0.461927 0.480984 0.463683 0.479647 0.468573 0.471287 0.474592 0.465100 0.481239 0.463596 0.490644 0.464933 0.503686 0.467608 0.507197 0.469615 0.513341 0.478476 0.516476 0.478978 0.517480 0.480650 0.516476 0.484496 0.518984 0.487004 0.520615 0.489345 0.520740 0.492689 0.519486 0.500714 0.518232 0.507904 0.517229 0.510412 0.514721 0.512084 0.511586 0.511081 0.510833 0.508907 0.506068 0.512251 0.504814 0.515595 0.504187 0.519106 0.503560 0.522451 0.501428 0.522785 0.498042 0.522618 0.496161 0.522618 0.494155 0.519106 0.494406 0.514258 0.491522 0.507737 0.489014 0.505062 0.487133 0.504727 0.485252 0.503222 0.480612 0.502052 0.472586 0.490515 0.466943 0.487673
0 0.794264 0.585227 0.795738 0.573996 0.798055 0.565854 0.800792 0.558834 0.803951 0.556307 0.807952 0.554903 0.814269 0.554903 0.825219 0.552096 0.837222 0.552376 0.856175 0.554623 0.870494 0.557711 0.882286 0.561642 0.894500 0.567819 0.905029 0.575119 0.912399 0.582700 0.927982 0.605443 0.929456 0.603477 0.932825 0.604319 0.935352 0.605443 0.937037 0.607969 0.937458 0.610777 0.934510 0.613023 0.947145 0.626781 0.955779 0.633801 0.961885 0.642505 0.965676 0.648682 0.966518 0.660193 0.967361 0.662439 0.965465 0.673109 0.962517 0.679567 0.962517 0.684901 0.952409 0.689674 0.934931 0.687147 0.894289 0.678163 0.869230 0.666370 0.864808 0.670020 0.857859 0.668897 0.851121 0.663001 0.847541 0.654297 0.846067 0.645874 0.811532 0.609373 0.809215 0.615270 0.805635 0.617235 0.803319 0.614427 0.802477 0.603477 0.798897 0.596177 0.795528 0.589158
0 0.800371 0.559957 0.796791 0.558273 0.794896 0.556027 0.794896 0.550411 0.794264 0.547042 0.794896 0.536653 0.795317 0.531880 0.797844 0.527668 0.799107 0.523176 0.802056 0.521491 0.804793 0.520368 0.808794 0.514472 0.811742 0.513349 0.820165 0.514191 0.830484 0.515595 0.846698 0.519526 0.856806 0.524861 0.862281 0.529634 0.869652 0.541426 0.871547 0.541426 0.874916 0.545638 0.873653 0.549007 0.880602 0.556027 0.883339 0.560238 0.883971 0.562765 0.873021 0.558273 0.849647 0.553219 0.824166 0.552096 0.814269 0.554903 0.807320 0.554623 0.803319 0.556307
0 0.867967 0.539461 0.870705 0.536934 0.877443 0.536934 0.881023 0.537496 0.882918 0.534688 0.884392 0.533565 0.887340 0.533284 0.895342 0.527949 0.904187 0.526265 0.911768 0.526265 0.922928 0.527949 0.940406 0.531038 0.949251 0.532442 0.961464 0.537215 0.971783 0.542549 0.977258 0.547603 0.982312 0.550973 0.990945 0.562765 0.994315 0.570627 0.995157 0.575961 0.993894 0.578488 0.993472 0.588035 0.992209 0.592246 0.991577 0.595615 0.990945 0.600950 0.982522 0.607689 0.979995 0.609654 0.976626 0.611339 0.972414 0.612462 0.967571 0.612743 0.962307 0.609654 0.958937 0.602635 0.951146 0.602354 0.934931 0.598704 0.927350 0.597862 0.925666 0.600669 0.919980 0.593931 0.912399 0.581858 0.903555 0.573715 0.890499 0.565854 0.883760 0.562765 0.882918 0.560519 0.875548 0.551253 0.872810 0.549007 0.874916 0.545076 0.872179 0.541707 0.869652 0.541426
0 0.917032 0.526826 0.917032 0.523738 0.919348 0.520368 0.921875 0.518403 0.930930 0.516438 0.934931 0.515314 0.943986 0.511103 0.951988 0.508857 0.967150 0.510261 0.982943 0.512788 0.994315 0.515876 1.000211 0.517841 1.000211 0.561923 0.997895 0.561642 0.996210 0.558273 0.987576 0.557150 0.982101 0.550973 0.976205 0.546480 0.970940 0.541988 0.949672 0.532442 0.926929 0.528511
0 0.618841 0.501311 0.617385 0.502174 0.614636 0.503683 0.607680 0.514682 0.604445 0.519858 0.601696 0.528916 0.599916 0.533876 0.596520 0.533445 0.595387 0.534092 0.594417 0.536033 0.593608 0.537974 0.594255 0.540778 0.598622 0.544228 0.598622 0.549620 0.597975 0.555012 0.595549 0.562991 0.593932 0.584774 0.592314 0.597929 0.591667 0.607419 0.595711 0.612163 0.601210 0.613026 0.604445 0.611085 0.605739 0.610007 0.614150 0.613457 0.628708 0.617555 0.655073 0.623593 0.659764 0.624672 0.662028 0.627260 0.667528 0.628122 0.672704 0.627691 0.674321 0.624025 0.677394 0.606340 0.679497 0.592106 0.679497 0.581323 0.677556 0.572912 0.675292 0.562991 0.676262 0.559972 0.681923 0.558678 0.683541 0.557168 0.683864 0.554796 0.682894 0.552208 0.679012 0.549836 0.675939 0.549189 0.674321 0.551777 0.673351 0.556090 0.670601 0.542934 0.666881 0.530426 0.663646 0.520936 0.659117 0.510800 0.656205 0.508212 0.651676 0.507350 0.635501 0.504115 0.620944 0.502605
0 0.603151 0.522877 0.602990 0.520074 0.604607 0.513172 0.607033 0.507350 0.609621 0.503899 0.608974 0.501742 0.604445 0.500448 0.603798 0.498292 0.604445 0.496566 0.607680 0.495057 0.611239 0.495919 0.612856 0.490528 0.618356 0.487724 0.632266 0.489449 0.641648 0.490959 0.652970 0.494410 0.656043 0.504330 0.656529 0.503899 0.660896 0.505409 0.662675 0.506703 0.662190 0.509291 0.659278 0.509938 0.655720 0.508212 0.640030 0.504977 0.620782 0.502605 0.618356 0.501311 0.614797 0.503468 0.612695 0.505624 0.608489 0.513604 0.605092 0.518780
0 0.725110 0.622946 0.734654 0.627260 0.755843 0.633514 0.779620 0.638043 0.791104 0.641709 0.796604 0.641925 0.799192 0.639121 0.800647 0.631573 0.802588 0.623809 0.803074 0.614104 0.802588 0.603321 0.794501 0.593832 0.792075 0.582833 0.790134 0.576794 0.794663 0.576363 0.795471 0.574422 0.795957 0.570971 0.795310 0.569030 0.792075 0.567736 0.787707 0.567952 0.787060 0.569677 0.779782 0.553071 0.775091 0.544444 0.769430 0.537543 0.765386 0.533661 0.756975 0.529779 0.739021 0.524603 0.720743 0.522015 0.713141 0.522015 0.710068 0.523740 0.701657 0.535602 0.700201 0.541209 0.695510 0.553286 0.693569 0.566658 0.692922 0.576363 0.693731 0.583480 0.695672 0.586715 0.699878 0.587793 0.702789 0.585852 0.710876 0.603105 0.711362 0.611732 0.709906 0.619280 0.711200 0.624887 0.716214 0.627907 0.719773 0.628985 0.722846 0.626613
0 0.740477 0.524818 0.738374 0.518133 0.732713 0.508212 0.727213 0.503683 0.716052 0.500233 0.698260 0.497429 0.691143 0.498076 0.685482 0.502821 0.679982 0.506703 0.678203 0.508644 0.676909 0.514466 0.676262 0.521368 0.676100 0.529563 0.675939 0.537543 0.676424 0.540562 0.678850 0.542719 0.682085 0.543366 0.682732 0.542719 0.687261 0.549620 0.686614 0.555443 0.687261 0.559756 0.689526 0.563423 0.692275 0.565795 0.694378 0.565148 0.695834 0.553502 0.701333 0.536033 0.710391 0.523740 0.713303 0.521799 0.722199 0.522446 0.738859 0.524818
0 0.840824 0.480839 0.841911 0.477942 0.843096 0.474386 0.842997 0.467538 0.841911 0.464904 0.835293 0.461875 0.824231 0.461349 0.819787 0.464377 0.817515 0.465563 0.815540 0.469118 0.815244 0.474386 0.816528 0.476756 0.818700 0.475834 0.828083 0.477020 0.836874 0.478600 0.839145 0.480839
0 0.820577 0.463456 0.819293 0.461480 0.807737 0.458320 0.805466 0.458583 0.801614 0.460822 0.799935 0.461744 0.798453 0.468328 0.799540 0.469513 0.801416 0.469382 0.805564 0.470172 0.806058 0.471357 0.808034 0.472411 0.809713 0.471225 0.815540 0.472674 0.816231 0.467538 0.818009 0.465431
0 0.804182 0.459373 0.802404 0.457003 0.797367 0.454896 0.792033 0.454632 0.788083 0.456739 0.785811 0.458188 0.784725 0.459768 0.784231 0.462270 0.784231 0.464641 0.786008 0.465694 0.788774 0.465431 0.791737 0.466484 0.793515 0.467011 0.796577 0.466880 0.798256 0.467275 0.800033 0.462007
0 0.870356 0.537202 0.872232 0.534305 0.875393 0.532461 0.875492 0.529564 0.876282 0.520214 0.874998 0.516000 0.869566 0.510337 0.867788 0.508230 0.869171 0.506650 0.868084 0.504938 0.864627 0.503489 0.860282 0.495456 0.856035 0.491769 0.848133 0.488608 0.837368 0.486896 0.826503 0.484526 0.822849 0.484921 0.816626 0.491637 0.819293 0.496115 0.821565 0.496378 0.823540 0.497827 0.823738 0.499539 0.822157 0.500197 0.827985 0.506518 0.829269 0.512181 0.829071 0.515473 0.841318 0.517975 0.847442 0.519687 0.856528 0.524955 0.863146 0.530749 0.868380 0.539177
0 0.822849 0.484921 0.815737 0.482287 0.797268 0.479127 0.797367 0.480049 0.805663 0.482682 0.812281 0.485975 0.816626 0.491637
0 0.777218 0.478468 0.777119 0.480049 0.773465 0.484921 0.772181 0.485053 0.771490 0.486765 0.770107 0.492822 0.768724 0.497037 0.768724 0.503753 0.768922 0.508494 0.770107 0.512181 0.772379 0.513366 0.774848 0.513893 0.776329 0.511522 0.786601 0.516790 0.786601 0.520214 0.787984 0.522716 0.791342 0.524428 0.794502 0.524428 0.798651 0.523375 0.803984 0.521004 0.809021 0.514156 0.811293 0.513893 0.829565 0.515736 0.829269 0.512444 0.827688 0.505991 0.822256 0.500329 0.823639 0.499539 0.823540 0.497695 0.821466 0.496378 0.819096 0.496115 0.812281 0.486238 0.805762 0.482814 0.796873 0.479785 0.782255 0.476756 0.779095 0.477810
0 0.778008 0.477678 0.767341 0.474123 0.758650 0.472806 0.754600 0.474518 0.751045 0.478468 0.747884 0.480444 0.749860 0.482419 0.750452 0.486501 0.750650 0.491242 0.750057 0.497563 0.756576 0.501909 0.760033 0.503489 0.763786 0.503358 0.768428 0.503358 0.768527 0.497037 0.771984 0.485184 0.773267 0.484789 0.777119 0.480180 0.777119 0.478468
0 0.770996 0.475044 0.768527 0.470304 0.769613 0.469908 0.768527 0.468592 0.767045 0.468328 0.764872 0.463587 0.760428 0.461480 0.748674 0.459373 0.746403 0.459768 0.742748 0.464377 0.741958 0.465826 0.743143 0.468328 0.744724 0.472806 0.746304 0.478600 0.747489 0.480049 0.752131 0.477415 0.754205 0.474913 0.758551 0.473069 0.766946 0.474254
0 0.751412 0.459641 0.749456 0.455839 0.742532 0.453667 0.735607 0.453015 0.731290 0.453124 0.726239 0.457577 0.729823 0.458338 0.735363 0.460401 0.737563 0.462357 0.740414 0.464312 0.742043 0.465724 0.743184 0.463769 0.746198 0.459858 0.748072 0.459315
0 0.737481 0.462682 0.733897 0.459858 0.727542 0.458012 0.719314 0.457469 0.716789 0.457469 0.713449 0.459641 0.711249 0.463443 0.711086 0.465398 0.713856 0.466050 0.717848 0.459967 0.727950 0.460945 0.734385 0.461705
0 0.714589 0.465724 0.717767 0.460510 0.727461 0.461270 0.736259 0.462682 0.740169 0.464420 0.742450 0.466701 0.746361 0.478215 0.749945 0.482125 0.750353 0.486362 0.750678 0.494943 0.749294 0.499939 0.747664 0.503198 0.744813 0.503415 0.742858 0.502112 0.742043 0.499287 0.733408 0.497875 0.730149 0.497224 0.729823 0.494182 0.727705 0.489729 0.725343 0.485601 0.723958 0.480170 0.721270 0.473653 0.717522 0.468548 0.714264 0.466376
0 0.689335 0.499287 0.686158 0.498418 0.682492 0.496898 0.683144 0.493531 0.683551 0.482125 0.684529 0.477781 0.686484 0.470938 0.689417 0.469200 0.691942 0.464529 0.693490 0.463008 0.700577 0.463877 0.710923 0.465941 0.714345 0.466919 0.718744 0.470503 0.722166 0.476260 0.725261 0.485819 0.729416 0.494725 0.729823 0.501786 0.729172 0.505370 0.726565 0.503741 0.713530 0.499939 0.695690 0.497658 0.691698 0.497984
0 0.706687 0.464963 0.705710 0.458989 0.704488 0.454862 0.698459 0.452255 0.689905 0.451820 0.685669 0.458338 0.683877 0.459098 0.682411 0.464420 0.682166 0.469743 0.683470 0.471372 0.686158 0.472132 0.686484 0.470720 0.689661 0.469417 0.692349 0.464529 0.693653 0.462791
0 0.706361 0.462139 0.711412 0.462357 0.713286 0.459858 0.714508 0.458772 0.714426 0.455188 0.713530 0.452255 0.714019 0.450843 0.713938 0.450191 0.712145 0.449757 0.709864 0.446498 0.703184 0.445303 0.699681 0.445412 0.698704 0.446607 0.699763 0.449105 0.701392 0.453450 0.704651 0.454536 0.705791 0.459641
0 0.696341 0.451712 0.698541 0.452146 0.701148 0.453341 0.698622 0.446064 0.695934 0.445086 0.689254 0.443783 0.687299 0.444326 0.686810 0.445629 0.689580 0.446933 0.693653 0.448127 0.696260 0.448996
0 0.696260 0.451495 0.695852 0.448779 0.687217 0.445738 0.683062 0.444977 0.680293 0.445086 0.677360 0.448453 0.674509 0.448670 0.673775 0.449539 0.675160 0.451060 0.674427 0.452907 0.674753 0.454319 0.675568 0.459207 0.676871 0.462139 0.677686 0.466267 0.682166 0.466919 0.683144 0.462574 0.684040 0.459424 0.685832 0.458772 0.689743 0.451929
0 0.641352 0.456926 0.643796 0.454101 0.646810 0.453776 0.654468 0.454753 0.660415 0.456382 0.663592 0.457469 0.665384 0.462574 0.666932 0.471263 0.667503 0.476912 0.667177 0.481474 0.666769 0.485601 0.665955 0.488425 0.662859 0.489077 0.662044 0.486144 0.641026 0.481908 0.638664 0.482125
0 0.653979 0.454210 0.654550 0.452472 0.658623 0.447693 0.661067 0.447150 0.667421 0.448670 0.670924 0.449431 0.673368 0.451277 0.674997 0.455188 0.676056 0.460076 0.677197 0.463877 0.677441 0.467570 0.676871 0.470394 0.676219 0.472675 0.673694 0.473327 0.672798 0.470720 0.667258 0.470069 0.665140 0.462248 0.663674 0.457360
0 0.668480 0.448996 0.667014 0.446389 0.659845 0.444760 0.655038 0.443891 0.653165 0.445520 0.650476 0.448236 0.648847 0.449974 0.648358 0.453015 0.649173 0.454319 0.653816 0.454427 0.654468 0.452146 0.658460 0.447910 0.660985 0.447367
0 0.648830 0.454043 0.648830 0.450032 0.646534 0.445705 0.637986 0.443700 0.633237 0.443172 0.630387 0.445916 0.628804 0.447183 0.627300 0.446866 0.626588 0.447394 0.626667 0.448555 0.627775 0.449505 0.626429 0.451510 0.625796 0.454993 0.626904 0.459425 0.628092 0.463014 0.629358 0.465335 0.631812 0.465547 0.636403 0.464913 0.641231 0.456998 0.643527 0.454359
0 0.638936 0.443489 0.639331 0.442539 0.634978 0.441378 0.629121 0.440850 0.627300 0.442117 0.625242 0.445283 0.624134 0.448238 0.624767 0.452354 0.625400 0.453726 0.627617 0.449610 0.626825 0.448344 0.626508 0.446866 0.627537 0.446550 0.628646 0.447077 0.634028 0.442539
0 0.623738 0.450138 0.620572 0.449716 0.609332 0.448133 0.607749 0.447394 0.607195 0.448871 0.605770 0.451404 0.603554 0.454676 0.601337 0.456892 0.600704 0.461219 0.599834 0.466919 0.599596 0.470718 0.599992 0.476628 0.601337 0.478422 0.604345 0.479267 0.606245 0.478000 0.619701 0.480111 0.623184 0.480427 0.626983 0.480322 0.627854 0.476628 0.628883 0.468079 0.627854 0.463014 0.626034 0.456259
0 0.623421 0.450032 0.623105 0.445072 0.621126 0.437051 0.616852 0.434413 0.608224 0.434096 0.605374 0.434518 0.602208 0.439901 0.599992 0.439584 0.599121 0.440428 0.600308 0.441800 0.599279 0.444228 0.598567 0.447183 0.598171 0.452143 0.598409 0.456998 0.599754 0.458581 0.601100 0.457948 0.601812 0.456365 0.606008 0.450349 0.607353 0.447499 0.609490 0.447922
0 0.587406 0.452249 0.588594 0.451826 0.589939 0.452143 0.590573 0.453410 0.589464 0.454359 0.588119 0.454676 0.589306 0.457842 0.589306 0.459531 0.588594 0.467446 0.588040 0.469979 0.587011 0.470401 0.587011 0.472512 0.586298 0.475045 0.585032 0.475362 0.583290 0.474939 0.581945 0.471246 0.565402 0.468185 0.564214 0.468924 0.561048 0.468502 0.561048 0.465547 0.561444 0.460270 0.562631 0.456259 0.564610 0.452249 0.569043 0.443383 0.570309 0.443278 0.578224 0.444017 0.584399 0.445072 0.585982 0.447288
0 0.566187 0.437119 0.567254 0.435508 0.567040 0.434181 0.565121 0.434370 0.563984 0.430958 0.562775 0.429157 0.557515 0.427735 0.550335 0.427735 0.549695 0.429252 0.547705 0.432569 0.547136 0.433043 0.546212 0.435508 0.545430 0.437309 0.544435 0.440816 0.543795 0.449630 0.544221 0.450863 0.546283 0.451336 0.547705 0.449346 0.560216 0.450863 0.560714 0.452284 0.562207 0.453611 0.564481 0.452284 0.566045 0.448967 0.566543 0.441574 0.566756 0.438541
0 0.508607 0.443280 0.507043 0.437498 0.502991 0.435697 0.494460 0.434086 0.485148 0.434276 0.483726 0.435697 0.478323 0.443659 0.475480 0.447450 0.472352 0.452284 0.470646 0.457877 0.471073 0.466123 0.471499 0.467639 0.474840 0.465270 0.481167 0.463848 0.494531 0.466028 0.502138 0.467734 0.505123 0.465270 0.505266 0.466786 0.506332 0.467829 0.509957 0.467544 0.510455 0.464511 0.511237 0.455033 0.510171 0.445270
0 0.488560 0.433896 0.485432 0.428683 0.480456 0.426598 0.471286 0.425555 0.466452 0.425555 0.463822 0.428115 0.458703 0.433422 0.457282 0.436076 0.456713 0.440057 0.456500 0.445934 0.457495 0.448019 0.457282 0.450294 0.458206 0.452663 0.461120 0.453137 0.462116 0.450104 0.472210 0.452379 0.474769 0.448114 0.479461 0.441289 0.484508 0.434276
0 0.489129 0.434181 0.489555 0.428873 0.491475 0.425935 0.494176 0.421290 0.496522 0.420816 0.503133 0.421669 0.507967 0.422712 0.510455 0.427262 0.511948 0.428873 0.512019 0.431053 0.512730 0.432475 0.512872 0.436171 0.512232 0.441858 0.511663 0.443375 0.509886 0.443469 0.508038 0.442616 0.506901 0.437593 0.501356 0.435318 0.494247 0.434086
0 0.177643 0.377549 0.178059 0.375516 0.179792 0.373297 0.179029 0.367290 0.174870 0.364702 0.167522 0.362483 0.163224 0.361374 0.157401 0.362298 0.153727 0.364794 0.148736 0.365811 0.147141 0.367659 0.147072 0.373020 0.148528 0.374684 0.151162 0.375516 0.152410 0.374684 0.156777 0.375054 0.157609 0.376625 0.160035 0.377272 0.161907 0.376902 0.162947 0.375516 0.173067 0.376070 0.174177 0.377734 0.175424 0.378104 0.176811 0.377642
0 0.139239 0.377272 0.140625 0.376255 0.141457 0.372835 0.140209 0.370525 0.133624 0.367844 0.130504 0.364239 0.126900 0.362668 0.120730 0.361744 0.113590 0.361559 0.111372 0.363038 0.107212 0.364794 0.105895 0.367290 0.105202 0.370062 0.105965 0.372466 0.107559 0.373482 0.108599 0.375608 0.109985 0.376440 0.112203 0.376348 0.113243 0.374591 0.116501 0.375054 0.116917 0.376440 0.118928 0.377364 0.121631 0.377272 0.122394 0.375793 0.125860 0.376625 0.127731 0.377179 0.129811 0.376440 0.134594 0.376902 0.135218 0.378196 0.136119 0.378381 0.138199 0.378658
0 0.136743 0.383372 0.132515 0.380784 0.121077 0.378936 0.113174 0.378473 0.102498 0.379120 0.095705 0.385406 0.095012 0.390212 0.094527 0.392523 0.094873 0.397236 0.098616 0.400749 0.100557 0.403706 0.103192 0.404631 0.105271 0.404538 0.107212 0.401950 0.112481 0.402782 0.114976 0.405555 0.117541 0.406756 0.120453 0.407219 0.122324 0.406479 0.124196 0.404446 0.133000 0.403799 0.133416 0.388271 0.131613 0.385406 0.134317 0.384574
0 0.239599 0.384255 0.244210 0.380196 0.250114 0.380565 0.260813 0.382287 0.263488 0.385239 0.266347 0.391142 0.261274 0.389912 0.253619 0.386591 0.245133 0.384255
0 0.261182 0.390404 0.268930 0.397660 0.268469 0.401718 0.267362 0.414263 0.274280 0.414140 0.274925 0.416353 0.277508 0.417583 0.280736 0.417583 0.282489 0.415738 0.282766 0.410081 0.283688 0.403563 0.278984 0.399628 0.274095 0.398029 0.273081 0.396553 0.271882 0.396307 0.268838 0.393478 0.265886 0.391634
0 0.276032 0.421150 0.277877 0.419182 0.282858 0.415984 0.289960 0.409589 0.291805 0.407990 0.299184 0.405900 0.312097 0.406269 0.321136 0.407867 0.326025 0.409097 0.331190 0.417091 0.331282 0.426069 0.322151 0.423117 0.308315 0.420904 0.288669 0.419920
0 0.293188 0.407376 0.297800 0.403686 0.303611 0.400734 0.308408 0.400488 0.315049 0.401349 0.321690 0.403071 0.328608 0.407499 0.330821 0.409958 0.334695 0.412172 0.338292 0.414755 0.338292 0.417829 0.338016 0.421150 0.336817 0.425085 0.335710 0.426561 0.333035 0.426561 0.331282 0.425454 0.330913 0.416968 0.325748 0.408728 0.310345 0.406515 0.299184 0.405900
0 0.294664 0.406392 0.292819 0.403932 0.293188 0.401472 0.294756 0.397537 0.296878 0.395938 0.300291 0.393601 0.304349 0.389789 0.310068 0.389051 0.315418 0.389420 0.321782 0.390896 0.325010 0.394339 0.327870 0.399628 0.327501 0.406146 0.320860 0.402702 0.309976 0.400365 0.302504 0.401103
0 0.258784 0.381549 0.258784 0.380319 0.261274 0.376753 0.263119 0.376261 0.266532 0.374416 0.268746 0.373432 0.276401 0.374416 0.280460 0.376876 0.281474 0.380442 0.280736 0.384501 0.279261 0.386960 0.277508 0.386222 0.276955 0.384993 0.272619 0.384870 0.271974 0.386591 0.268561 0.385976 0.267270 0.384624 0.262935 0.384255 0.260444 0.382164
0 0.318185 0.390035 0.322243 0.387329 0.324088 0.385976 0.328976 0.386099 0.334511 0.387206 0.338385 0.389666 0.340506 0.391880 0.341429 0.394339 0.341613 0.398398 0.340506 0.400611 0.338108 0.403317 0.337093 0.403932 0.336355 0.403317 0.335987 0.401472 0.330176 0.401595 0.328792 0.403932 0.327593 0.404178 0.328054 0.399505 0.324088 0.393847 0.321505 0.391019
0 0.376126 0.384480 0.374481 0.382757 0.372366 0.380772 0.369625 0.380564 0.367667 0.381660 0.367354 0.384114 0.367706 0.385942 0.369038 0.385315 0.372092 0.386046 0.374990 0.385785
0 0.346051 0.381347 0.344484 0.379415 0.340020 0.378579 0.337670 0.378788 0.337279 0.381034 0.337435 0.383279 0.338140 0.384323 0.340568 0.384427 0.343818 0.384741 0.346716 0.385054 0.348244 0.384427 0.348126 0.382652 0.346951 0.381608
0 0.338453 0.378371 0.337435 0.376804 0.335947 0.376021 0.331640 0.375447 0.330034 0.377013 0.329760 0.379206 0.331640 0.380146 0.333206 0.380929 0.334146 0.382496 0.335634 0.382600 0.337200 0.382026 0.337514 0.378788
0 0.327528 0.379519 0.325374 0.377222 0.322985 0.376909 0.320205 0.376804 0.318364 0.378579 0.317973 0.379885 0.318012 0.382026 0.318873 0.382757 0.321301 0.381034 0.322946 0.379833
0 0.318168 0.389805 0.317229 0.388813 0.317268 0.384219 0.318912 0.382913 0.322045 0.380616 0.322907 0.380041 0.327254 0.379728 0.330935 0.379937 0.333049 0.381399 0.334146 0.383227 0.335086 0.384897 0.334772 0.387143 0.329603 0.386046 0.324277 0.386046 0.320440 0.387978
0 0.374867 0.406015 0.368448 0.407017 0.365904 0.407865 0.362897 0.410949 0.361567 0.411026 0.361046 0.412568 0.360468 0.413725 0.355899 0.415421 0.354280 0.417426 0.352892 0.420202 0.352314 0.427989 0.353586 0.431227 0.354049 0.433232 0.354974 0.435083 0.356709 0.435931 0.358849 0.435622 0.360294 0.433001 0.365904 0.434080 0.372149 0.435545 0.373942 0.437473 0.375272 0.438398 0.378337 0.438321 0.379724 0.437241 0.381401 0.433772 0.389092 0.432615 0.390423 0.434697 0.390943 0.436316 0.393777 0.436548 0.395685 0.435160 0.396147 0.432307 0.396494 0.429917 0.396552 0.424982 0.396668 0.416192 0.393545 0.410872 0.388746 0.407942 0.381054 0.406786
0 0.367234 0.407248 0.366424 0.405475 0.365210 0.405706 0.361220 0.401003 0.357808 0.399692 0.349943 0.398536 0.343293 0.398844 0.341211 0.399461 0.337395 0.403701 0.336816 0.405089 0.336354 0.408790 0.336412 0.411566 0.336643 0.413185 0.337915 0.414342 0.338609 0.415961 0.339419 0.417195 0.342483 0.417349 0.343004 0.415498 0.351447 0.417734 0.353991 0.418197 0.355957 0.415498 0.360468 0.413802 0.361624 0.411103 0.362607 0.411026 0.365730 0.407480
0 0.368159 0.407017 0.371224 0.406477 0.368390 0.404164 0.366019 0.402699 0.364227 0.400694 0.360815 0.397842 0.356362 0.396608 0.349191 0.395837 0.344565 0.396762 0.343582 0.398536 0.349885 0.398304 0.358791 0.399307 0.361104 0.400926 0.365036 0.405552 0.366713 0.405552 0.367060 0.407248
0 0.403549 0.425136 0.404879 0.426987 0.405862 0.426910 0.406499 0.424982 0.412108 0.425676 0.413496 0.422900 0.413843 0.418582 0.412570 0.413802 0.411356 0.409793 0.408291 0.409407 0.404243 0.411874 0.403492 0.413417 0.399386 0.408482 0.392851 0.406554 0.383310 0.406015 0.381691 0.406863 0.388977 0.408173 0.393430 0.411181 0.396552 0.416501 0.396610 0.425368
0 0.384235 0.405783 0.387589 0.403162 0.388514 0.402005 0.391695 0.399230 0.394991 0.398690 0.400080 0.399615 0.403838 0.401234 0.406672 0.404550 0.406556 0.408251 0.405400 0.410255 0.404417 0.411874 0.403723 0.412645 0.402566 0.412260 0.400138 0.408790 0.397824 0.407634 0.392446 0.406477
0 0.413957 0.422944 0.414581 0.423246 0.415147 0.424530 0.420529 0.426116 0.422682 0.425890 0.423645 0.424152 0.428007 0.424606 0.428631 0.426116 0.430953 0.426268 0.431917 0.424455 0.432200 0.418109 0.431860 0.416372 0.429480 0.414710 0.429367 0.412822 0.428291 0.412293 0.425345 0.408667 0.422739 0.407383 0.415204 0.406023 0.411465 0.405797 0.407896 0.406628 0.406479 0.407912 0.404666 0.411160 0.408349 0.409347 0.411011 0.409725 0.413957 0.418412
0 0.464322 0.427476 0.464039 0.425361 0.461490 0.422642 0.461773 0.421055 0.460300 0.419922 0.458260 0.416523 0.455428 0.414861 0.449649 0.413577 0.443927 0.412973 0.438488 0.414333 0.437355 0.416297 0.434749 0.419922 0.434069 0.424455 0.433843 0.428987 0.434919 0.430347 0.435259 0.432537 0.436505 0.433595 0.438092 0.433746 0.438998 0.431857 0.446873 0.433821 0.450102 0.434728 0.451575 0.436238 0.453501 0.435936 0.454635 0.435030 0.455144 0.433972 0.458430 0.433972 0.462623 0.429289
0 0.456787 0.415163 0.458487 0.414257 0.457920 0.411538 0.456164 0.411235 0.454238 0.408441 0.452482 0.407534 0.446363 0.406628 0.443077 0.407156 0.440981 0.409876 0.439168 0.412369 0.438205 0.414181 0.443587 0.412973 0.449479 0.413502 0.455201 0.414635
0 0.456504 0.415390 0.459337 0.414333 0.465285 0.414408 0.469931 0.415239 0.472877 0.416372 0.476503 0.421131 0.478599 0.423473 0.479052 0.426041 0.473557 0.425663 0.466758 0.425361 0.464266 0.427249 0.463812 0.424757 0.461546 0.422944 0.461716 0.420678 0.460300 0.419620 0.457977 0.416297
0 0.462679 0.414030 0.463869 0.411160 0.465399 0.410102 0.469648 0.410631 0.474746 0.411538 0.477183 0.415390 0.478995 0.415239 0.479789 0.416523 0.478712 0.417505 0.480015 0.419922 0.479505 0.423926 0.479052 0.424228 0.478372 0.423095 0.472084 0.415994 0.465965 0.414635
0 0.672618 0.450769 0.674213 0.450454 0.673681 0.449588 0.674567 0.448800 0.676457 0.448564 0.676279 0.441006 0.674744 0.441006 0.672441 0.442423 0.670669 0.440454 0.667126 0.438644 0.661989 0.438486 0.659627 0.439273 0.658151 0.442423 0.658151 0.444312 0.666831 0.446360 0.668189 0.448564 0.671142 0.449666
0 0.660926 0.438407 0.660099 0.436124 0.657855 0.434785 0.651301 0.433998 0.649706 0.435888 0.648998 0.438171 0.651950 0.438722 0.655966 0.439746 0.657501 0.442974 0.659154 0.439588
0 0.657914 0.444312 0.655848 0.439903 0.648820 0.438014 0.645927 0.438407 0.642502 0.443840 0.643270 0.444942 0.646517 0.445887 0.648880 0.449666 0.654903 0.443998
0 0.657029 0.434471 0.655493 0.429825 0.649706 0.428880 0.649588 0.435573 0.651123 0.434156
0 0.658151 0.434864 0.658682 0.433132 0.660749 0.431479 0.663465 0.431557 0.666241 0.432030 0.667008 0.433368 0.665414 0.435967 0.664115 0.437935 0.660690 0.438250 0.660158 0.436203
0 0.672559 0.433841 0.673504 0.432975 0.678523 0.433290 0.680531 0.435494 0.681712 0.437305 0.681476 0.441163 0.679763 0.442659 0.676397 0.441399 0.675866 0.439273 0.675453 0.435100 0.674272 0.434392
0 0.665768 0.436439 0.669429 0.436439 0.673209 0.436754 0.675512 0.438014 0.675453 0.435179 0.672854 0.434234 0.668898 0.433290 0.666536 0.433919
0 0.664174 0.438644 0.665296 0.436439 0.670020 0.436596 0.674094 0.437384 0.675394 0.438329 0.675689 0.440769 0.674272 0.441478 0.672795 0.441793 0.668957 0.439431
0 0.649672 0.429053 0.649388 0.427537 0.646189 0.426399 0.640502 0.426115 0.639933 0.427726 0.638298 0.432276 0.637658 0.437205 0.638227 0.438816 0.640644 0.438058 0.645194 0.438626 0.647042 0.437679 0.649246 0.437679 0.649601 0.435214
0 0.629119 0.434694 0.631308 0.435193 0.632430 0.431846 0.632803 0.427574 0.630881 0.424157 0.627463 0.423231 0.625221 0.423658 0.624046 0.426079 0.623618 0.427574 0.627624 0.428856 0.628425 0.431704
0 0.627463 0.428998 0.623298 0.428073 0.620842 0.427859 0.620041 0.435976 0.621055 0.436902 0.622497 0.441743 0.626983 0.442883 0.628318 0.441387 0.629172 0.439465 0.629172 0.436902 0.628905 0.434410
0 0.618492 0.431063 0.619026 0.426506 0.617798 0.423943 0.614273 0.423160 0.612778 0.424014 0.610963 0.427218 0.611016 0.429283 0.612191 0.430850 0.613152 0.431490 0.616409 0.432060
0 0.612725 0.434338 0.612832 0.430992 0.603059 0.429639 0.601457 0.432487 0.599535 0.435122 0.598307 0.439465 0.597933 0.442313 0.598467 0.444876 0.600336 0.442028 0.599108 0.440390 0.600122 0.439821 0.602258 0.439892 0.605462 0.434552
0 0.611123 0.430351 0.609788 0.427290 0.603006 0.426578 0.600282 0.430351 0.599481 0.434623 0.602899 0.429782
0 0.609307 0.427218 0.609094 0.422875 0.608239 0.421237 0.602098 0.420810 0.600389 0.424014 0.598841 0.428144 0.598093 0.436118 0.598574 0.436332 0.600122 0.430565 0.603326 0.426435
0 0.588481 0.428927 0.588428 0.426008 0.589442 0.422306 0.590403 0.419742 0.593287 0.419813 0.596117 0.420169 0.597185 0.421522 0.597612 0.424086 0.597933 0.425937 0.597452 0.429070 0.596918 0.430138 0.595850 0.429782
0 0.583842 0.429128 0.583907 0.422333 0.581778 0.420268 0.577133 0.419838 0.575456 0.422333 0.574359 0.426376 0.574617 0.429214 0.576617 0.429472
0 0.553633 0.423410 0.554472 0.419023 0.555117 0.417475 0.556085 0.414808 0.559246 0.415152 0.561310 0.416098 0.562343 0.418077 0.562472 0.420915 0.561246 0.424098 0.557246 0.424012
0 0.526796 0.419883 0.523119 0.427281 0.521764 0.441043 0.522280 0.443280 0.523893 0.443882 0.525248 0.441904 0.525699 0.440871 0.526022 0.442248 0.526861 0.442764 0.528215 0.442850 0.529118 0.441560 0.536537 0.442334 0.537828 0.446032 0.539699 0.446549 0.540666 0.444312 0.542473 0.444398 0.544085 0.443882 0.544021 0.441732 0.545634 0.438119 0.546860 0.433302 0.546472 0.422808 0.542473 0.423410 0.540795 0.421260 0.531764 0.419797
0 0.554085 0.427281 0.552859 0.424012 0.546860 0.422722 0.546666 0.426593 0.547247 0.432270 0.550601 0.427797
0 0.512474 0.429517 0.513893 0.430635 0.515635 0.431237 0.518022 0.430893 0.520538 0.430205 0.521829 0.420227 0.519764 0.416271 0.512152 0.415066 0.509636 0.417647 0.507378 0.421260 0.506862 0.422378 0.508668 0.423668 0.511765 0.428657
0 0.398545 0.399044 0.398184 0.396369 0.395201 0.393489 0.388978 0.392392 0.386201 0.393215 0.383115 0.395546 0.381881 0.396438 0.381263 0.399318 0.381778 0.401787 0.382601 0.402541 0.383681 0.401787 0.388412 0.402404 0.391601 0.399181 0.395150 0.398701
0 0.398339 0.396507 0.398287 0.394449 0.395870 0.392255 0.394481 0.390609 0.388155 0.390198 0.386355 0.391569 0.385687 0.393146 0.390007 0.392118 0.395201 0.393489
0 0.417523 0.401855 0.418294 0.397878 0.415106 0.395684 0.412585 0.393489 0.408317 0.393078 0.405334 0.395958 0.404871 0.398084 0.405436 0.400758 0.406774 0.401375 0.407288 0.400347 0.410271 0.401101 0.410528 0.401718 0.412431 0.402130 0.413460 0.401101 0.416134 0.401513
0 0.446890 0.406519 0.447508 0.402198 0.447302 0.400484 0.446273 0.397672 0.444165 0.396438 0.439433 0.396438 0.438147 0.397947 0.436553 0.399592 0.435421 0.401170 0.435267 0.403021 0.435473 0.405284 0.436656 0.405696 0.436913 0.405216 0.439999 0.405627 0.442416 0.406656 0.443496 0.405559 0.444730 0.405353 0.445553 0.406450