0 0.137230 0.344706 0.138530 0.342770 0.138606 0.338387 0.138071 0.336654 0.137765 0.332679 0.135396 0.325748 0.131879 0.323710 0.127522 0.322283 0.120031 0.320346 0.114221 0.319021 0.107953 0.317696 0.104971 0.317798 0.100920 0.319225 0.096410 0.320958 0.092740 0.322181 0.090600 0.322283 0.086013 0.322283 0.083720 0.322895 0.082268 0.323710 0.080586 0.325035 0.079821 0.326666 0.079286 0.329520 0.078981 0.332170 0.079592 0.333291 0.083032 0.334004 0.083644 0.335431 0.085020 0.337674 0.087924 0.338999 0.090524 0.338999 0.091899 0.337368 0.094040 0.337674 0.094957 0.338795 0.096792 0.339712 0.098397 0.339814 0.100767 0.339100 0.116514 0.341852 0.117202 0.343381 0.118731 0.344706 0.121101 0.345522 0.122783 0.345522 0.124770 0.344604 0.124770 0.344604 0.125305 0.343076 0.127140 0.344808 0.129662 0.346643 0.131574 0.346235 0.132797 0.345624 0.134402 0.345522 0.137613 0.345012
0 0.424657 0.397935 0.420980 0.397849 0.417045 0.398451 0.415109 0.398882 0.414400 0.400172 0.414013 0.401118 0.413432 0.403096 0.413109 0.405591 0.413303 0.406451 0.418722 0.407827 0.419238 0.408774 0.420077 0.410150 0.422077 0.411010 0.423496 0.411096 0.425173 0.409806 0.430205 0.410666 0.435495 0.411956 0.441108 0.413246 0.443237 0.413590 0.444011 0.414967 0.445301 0.415655 0.447817 0.416429 0.448849 0.415827 0.450075 0.414795 0.452204 0.414451 0.453688 0.413935 0.453301 0.410064 0.453043 0.407913 0.453043 0.404645 0.451365 0.401548 0.450011 0.398968 0.445624 0.396989 0.440011 0.395269 0.434528 0.394323 0.432592 0.394409 0.429947 0.395355 0.426722 0.396731 0.424335 0.397677
0 0.632122 0.437889 0.628977 0.439451 0.627004 0.440519 0.625524 0.441424 0.623058 0.441424 0.620407 0.441342 0.618310 0.441342 0.616152 0.441506 0.614980 0.441506 0.614179 0.442986 0.613377 0.444301 0.612822 0.445041 0.612206 0.446439 0.612206 0.448001 0.612144 0.449399 0.612144 0.451290 0.613439 0.451865 0.614425 0.452852 0.615350 0.454907 0.616214 0.455729 0.618248 0.456469 0.619420 0.456223 0.620838 0.454907 0.620838 0.456305 0.622380 0.457867 0.623798 0.458196 0.625524 0.458853 0.626758 0.458031 0.628238 0.456798 0.628916 0.456551 0.639583 0.458525 0.640508 0.460333 0.641248 0.461073 0.642975 0.462142 0.644146 0.461895 0.645688 0.461155 0.646736 0.460333 0.647414 0.462800 0.648154 0.463540 0.649326 0.464033 0.650374 0.464362 0.651176 0.464197 0.652285 0.463951 0.652717 0.463622 0.654197 0.462224 0.655122 0.461402 0.657342 0.460662 0.658267 0.459840 0.659377 0.457374 0.659377 0.455647 0.659315 0.453098 0.659438 0.450796 0.658452 0.447754 0.656910 0.445288 0.656602 0.443150 0.653519 0.442164 0.650929 0.440437 0.649449 0.440602 0.645934 0.440191 0.641433 0.438793 0.637363 0.438135 0.633910 0.437724 0.632184 0.437806
0 0.999954 0.556485 0.996280 0.558241 0.991636 0.559442 0.988655 0.560829 0.987269 0.561014 0.985952 0.561014 0.984288 0.560552 0.983248 0.560921 0.983387 0.561938 0.983525 0.563140 0.981862 0.564156 0.979921 0.564896 0.977148 0.565820 0.975484 0.566559 0.973543 0.568131 0.972434 0.570164 0.971602 0.571181 0.970632 0.572845 0.970146 0.575710 0.969938 0.577004 0.970146 0.579592 0.971741 0.580516 0.972087 0.582734 0.973266 0.584490 0.976663 0.585692 0.978534 0.585600 0.980545 0.584121 0.986021 0.586894 0.989903 0.588372 0.993022 0.590036 0.995518 0.591330 0.996003 0.592809 0.997251 0.594473 0.998637 0.595674 0.999885 0.595582
1 0.863493 0.547065 0.901834 0.565272 0.969717 0.578753 0.970373 0.572800 0.971424 0.570349 0.972868 0.568599
1 0.859833 0.546785 0.899300 0.564901 0.705779 0.529893 0.686419 0.511368
1 0.768540 0.594498 0.866236 0.608301 0.917349 0.636984 0.811242 0.623613
1 0.872383 0.610242 0.921555 0.637416 1.000165 0.649709 1.000165 0.646689 0.952287 0.621888
1 0.921878 0.639357 0.813506 0.625554 0.878368 0.669334 0.999841 0.682274
1 0.926245 0.640004 1.000089 0.680032 1.000089 0.651393
1 1.000299 0.684244 0.880480 0.671047 0.976083 0.734221 1.000089 0.736187
1 0.999878 0.739837 0.981979 0.738152 1.000089 0.752471
1 0.587766 0.565175 0.449836 0.544398 0.455732 0.574722 0.625249 0.598026
1 0.456785 0.576687 0.467525 0.624418 0.668935 0.647796 0.626706 0.600337
1 0.444515 0.542422 0.451754 0.573793 0.252973 0.543227 0.278612 0.515476
1 0.252671 0.545238 0.219189 0.591087 0.462010 0.623664 0.451754 0.575804
1 0.218705 0.595251 0.463226 0.626817 0.470328 0.660637 0.463564 0.661990 0.452403 0.663794 0.439890 0.669205 0.430420 0.676420 0.427038 0.685439 0.423656 0.696261 0.163239 0.667401
1 0.468299 0.627718 0.475739 0.661990 0.489606 0.663794 0.504149 0.668754 0.521059 0.678224 0.530528 0.685889 0.536278 0.692654 0.539998 0.699869 0.542366 0.707084 0.734127 0.720161 0.669868 0.649364
1 0.160734 0.673468 0.046448 0.813349 0.219216 0.825849 0.337966 0.834182 0.485734 0.838349 0.508502 0.837754 0.488413 0.750849 0.473234 0.745492 0.447788 0.734778 0.431716 0.721087 0.425020 0.709778 0.421895 0.703230
1 0.497341 0.750254 0.507609 0.749659 0.533056 0.738944 0.540645 0.728230 0.545109 0.716921 0.544663 0.712159 0.736181 0.724063 0.837520 0.834778 0.721895 0.838349 0.645109 0.840730 0.570109 0.838944 0.517431 0.838349
1 0.038439 0.825464 -0.000295 0.903370 0.000361 0.997908 0.545267 0.998783 0.509158 0.846472 0.352908 0.842971 0.234736 0.835968 0.159237 0.830716 0.039752 0.822838
1 0.520319 0.848223 0.556427 1.000534 0.972406 0.999489 0.842198 0.842176 0.742283 0.845010 0.642368 0.848553 0.520132 0.847845