0 0.242033 0.553226 0.222837 0.559774 0.203640 0.568107 0.186676 0.577036 0.177747 0.584179 0.174622 0.596083 0.165694 0.609179 0.159890 0.622274 0.154087 0.638941 0.152747 0.646083 0.152301 0.668107 0.154087 0.690726 0.161676 0.710369 0.165247 0.726441 0.173283 0.735369 0.175515 0.750250 0.179533 0.768107 0.188015 0.782393 0.195605 0.791321 0.209890 0.796083 0.219265 0.793702 0.224622 0.789536 0.231319 0.780607 0.388015 0.874060 0.397390 0.883583 0.402747 0.897869 0.409444 0.912750 0.431319 0.929417 0.454087 0.934179 0.465694 0.929417 0.472837 0.919298 0.484444 0.917512 0.497837 0.921083 0.536230 0.903226 0.542480 0.889536 0.552301 0.862155 0.561676 0.821083 0.565247 0.798464 0.566587 0.753226 0.564355 0.744893 0.559890 0.735369 0.543819 0.705607 0.522390 0.687155 0.492926 0.670488 0.470605 0.659774 0.456319 0.641917 0.457658 0.637750 0.452301 0.630012 0.446051 0.627036 0.441587 0.625250 0.422837 0.607393 0.406319 0.595488 0.394265 0.589536 0.361676 0.574655 0.310337 0.560369 0.279087 0.553821 0.261230 0.553821 0.246944 0.552631
0 0.999979 0.749149 0.980736 0.733754 0.952642 0.717334 0.921469 0.701427 0.905690 0.694756 0.887987 0.674744 0.870668 0.656271 0.851426 0.640877 0.831029 0.631640 0.796392 0.619838 0.757137 0.613167 0.739819 0.613167 0.712879 0.617273 0.705182 0.617786 0.682861 0.613167 0.673239 0.613681 0.665542 0.622917 0.660539 0.646008 0.657460 0.648574 0.652072 0.663455 0.648609 0.683467 0.645915 0.699888 0.648224 0.719900 0.653612 0.731702 0.680551 0.754280 0.687864 0.750688 0.709415 0.746070 0.734431 0.746583 0.768298 0.752227 0.811401 0.761977 0.857968 0.776345 0.905690 0.795844 0.936478 0.812264 0.969960 0.835869 1.001518 0.862552
0 0.999979 0.861525 0.974579 0.840487 0.943790 0.816883 0.905305 0.795844 0.857199 0.775832 0.799471 0.759411 0.737510 0.746583 0.708646 0.746583 0.685170 0.751201 0.672085 0.760438 0.662463 0.770700 0.655921 0.787634 0.650533 0.793278 0.643606 0.806107 0.638987 0.825093 0.635909 0.845618 0.633215 0.859473 0.630521 0.874354 0.629751 0.888209 0.630136 0.898471 0.630136 0.918484 0.628981 0.930799 0.629751 0.946706 0.635524 0.964153 0.640527 0.975442 0.653227 0.990836 0.664773 1.001099 0.999979 1.000072
0 1.000209 0.498349 0.995571 0.498928 0.989918 0.499701 0.987889 0.501054 0.985135 0.503760 0.983251 0.505692 0.981947 0.509558 0.980787 0.512263 0.979627 0.517674 0.982091 0.520380 0.986585 0.522699 0.992093 0.524632 0.996441 0.526371 0.997021 0.529850 0.998905 0.531976 0.999630 0.533328 0.999920 0.533328
0 1.000209 0.461823 0.981802 0.455445 0.957596 0.450807 0.946000 0.449647 0.934985 0.450227 0.929042 0.454865 0.924259 0.457764 0.922954 0.463175 0.921360 0.465881 0.919041 0.472452 0.917881 0.476317 0.920490 0.480762 0.927592 0.484241 0.931216 0.489072 0.935129 0.492551 0.939478 0.496416 0.943391 0.498735 0.947740 0.500281 0.952668 0.501054 0.956291 0.500281 0.960930 0.496609 0.984700 0.503373 0.989049 0.500474 1.000644 0.498155
0 1.000065 0.461436 1.000209 0.456991 0.993107 0.453899 0.981947 0.449067 0.966003 0.445009 0.951943 0.444236 0.939913 0.446942 0.933680 0.449841 0.927158 0.450420 0.916577 0.450420 0.907590 0.451387 0.904401 0.453319 0.901937 0.456025 0.900778 0.461050 0.900633 0.465495 0.902082 0.468200 0.907010 0.471679 0.909184 0.475351 0.912953 0.478056 0.915562 0.479409 0.917591 0.481342 0.919620 0.480375 0.919331 0.478636 0.917736 0.475544 0.920490 0.469166 0.922084 0.464721 0.923099 0.463175 0.924114 0.457957 0.935274 0.450034 0.956581 0.450807 0.970206 0.453126 0.990063 0.458151
0 0.982236 0.448488 0.987454 0.446555 0.999920 0.448294 1.000209 0.456798
0 0.981367 0.448681 0.985135 0.446169 0.972670 0.442690 0.959045 0.439211 0.944696 0.436892 0.934985 0.438052 0.927158 0.439405 0.917011 0.443076 0.905851 0.441917 0.899763 0.443076 0.895270 0.446169 0.891501 0.451580 0.891501 0.456991 0.892226 0.459503 0.897879 0.462982 0.899183 0.465688 0.900488 0.461823 0.901937 0.456218 0.904256 0.453126 0.908750 0.451966 0.917591 0.450227 0.932810 0.449067 0.942087 0.446169 0.953248 0.444623 0.967307 0.445009
0 0.939333 0.436892 0.939043 0.431867 0.930636 0.428389 0.930056 0.426843 0.927302 0.426456 0.924404 0.426070 0.909764 0.422978 0.901357 0.421818 0.895995 0.422978 0.884109 0.427422 0.875412 0.427036 0.866861 0.428389 0.863817 0.429355 0.862947 0.431481 0.861063 0.435346 0.860483 0.439984 0.867440 0.444236 0.868455 0.446555 0.871499 0.448488 0.873673 0.450614 0.877876 0.452353 0.881065 0.452933 0.884254 0.452933 0.886283 0.452160 0.887878 0.449454 0.891646 0.451580 0.894545 0.446942 0.900198 0.443076 0.905271 0.442110 0.916577 0.443076 0.927158 0.439211
0 0.741372 0.510179 0.721156 0.508213 0.701993 0.508213 0.693570 0.509336 0.688306 0.512425 0.683883 0.518321 0.680093 0.523094 0.678198 0.527867 0.675881 0.538537 0.675250 0.546679 0.674407 0.551452 0.677356 0.557068 0.682620 0.563525 0.683462 0.568298 0.684305 0.572510 0.689148 0.574756 0.692728 0.585987 0.694834 0.591603 0.699888 0.596095 0.705573 0.598341 0.712943 0.598622 0.720735 0.594130 0.727052 0.589637 0.828130 0.617434 0.829815 0.624172 0.832342 0.632034 0.843292 0.637369 0.850873 0.641019 0.858454 0.640738 0.867298 0.637649 0.872352 0.630349 0.873405 0.628945 0.879091 0.629788 0.884566 0.626699 0.905413 0.627822 0.911941 0.626138 0.914889 0.620522 0.915521 0.612941 0.915942 0.607326 0.922681 0.603957 0.925839 0.599464 0.927735 0.589356 0.930051 0.580933 0.928787 0.575879 0.928366 0.566052 0.924997 0.557629 0.917416 0.554821 0.915310 0.545556 0.920154 0.539379 0.921628 0.535729 0.915100 0.526463 0.904781 0.518040 0.891936 0.513548 0.886250 0.512986 0.884566 0.508494 0.872563 0.505686 0.842450 0.497825 0.820550 0.493332 0.801176 0.489963 0.786646 0.491086 0.771695 0.490524 0.763693 0.495578 0.747478 0.506248
0 0.846030 0.498386 0.840344 0.492209 0.839923 0.486594 0.836554 0.482663 0.818865 0.474801 0.794017 0.467220 0.766009 0.461886 0.757797 0.462447 0.741372 0.468624 0.734001 0.470309 0.721998 0.467782 0.703046 0.467782 0.691254 0.469186 0.682831 0.472274 0.679882 0.478732 0.676934 0.489121 0.676934 0.493894 0.679040 0.500351 0.684094 0.505405 0.690201 0.509617 0.691675 0.509617 0.694202 0.508494 0.712733 0.507932 0.731053 0.509055 0.741372 0.510459 0.771695 0.490805 0.786436 0.491648 0.799492 0.489682 0.835922 0.496140
0 0.709429 0.460132 0.699588 0.456292 0.697908 0.452292 0.698388 0.443011 0.702108 0.436291 0.713509 0.433570 0.724189 0.434211 0.738710 0.427970 0.747351 0.426050 0.762832 0.427330 0.777713 0.431810 0.791034 0.439491 0.799674 0.445251 0.801474 0.446371 0.802794 0.448131 0.806515 0.449732 0.810355 0.454692 0.810715 0.459332 0.810955 0.462852 0.811195 0.466693 0.811195 0.470853 0.810355 0.471653 0.794154 0.467813 0.774473 0.464132 0.763192 0.462212 0.755991 0.463172 0.742311 0.467653 0.727670 0.464933 0.723229 0.467013 0.719269 0.467653 0.712909 0.465573 0.709188 0.461092
0 0.703428 0.435171 0.702468 0.432450 0.703188 0.427970 0.703668 0.422370 0.707868 0.419650 0.719629 0.417089 0.724789 0.417089 0.742551 0.412449 0.750471 0.411489 0.743631 0.409089 0.741831 0.407169 0.742551 0.403649 0.746271 0.402368 0.757072 0.402529 0.767992 0.404769 0.778073 0.407489 0.784193 0.409729 0.786353 0.413729 0.785393 0.416289 0.777113 0.416449 0.788154 0.421250 0.789714 0.422530 0.791274 0.427330 0.793074 0.430210 0.793554 0.434371 0.793674 0.437571 0.792834 0.440131 0.782033 0.434051 0.769432 0.429250 0.753471 0.426690 0.744351 0.426210 0.738350 0.427970 0.727670 0.432930 0.720469 0.433891 0.710389 0.433731
0 0.747231 0.402048 0.737990 0.398368 0.725750 0.395328 0.716869 0.394528 0.710869 0.395808 0.709308 0.396608 0.707868 0.400128 0.705348 0.408129 0.703308 0.413089 0.703428 0.416609 0.706068 0.419170 0.707988 0.419010 0.717709 0.417729 0.724669 0.417089 0.749271 0.411169 0.742311 0.408769 0.741591 0.406209 0.742431 0.402689
0 0.756832 0.401728 0.744471 0.394848 0.737270 0.388288 0.731510 0.385087 0.716149 0.381567 0.704868 0.382367 0.701268 0.386367 0.698628 0.389888 0.696948 0.399808 0.697068 0.403649 0.698628 0.404289 0.700308 0.401088 0.700788 0.396448 0.703668 0.392608 0.706548 0.390688 0.712669 0.387808 0.722749 0.388928 0.735710 0.391328 0.743631 0.396448 0.748311 0.401568
0 0.747831 0.402048 0.744111 0.397728 0.740030 0.394048 0.729830 0.390528 0.719869 0.388768 0.712669 0.388288 0.706548 0.390688 0.703188 0.393408 0.701508 0.395968 0.700548 0.399168 0.700428 0.401888 0.698868 0.405729 0.700068 0.408769 0.701748 0.411329 0.703188 0.411649 0.704748 0.407649 0.707628 0.400608 0.709068 0.396128 0.717109 0.394688 0.725630 0.395488 0.737510 0.397888
0 0.746751 0.395328 0.749031 0.386687 0.754551 0.385727 0.762472 0.385727 0.769432 0.383007 0.773273 0.381887 0.781913 0.381887 0.791034 0.384127 0.801594 0.388448 0.802314 0.391968 0.804475 0.395328 0.804115 0.399328 0.803875 0.403649 0.803034 0.406849 0.801234 0.408769 0.797394 0.408929 0.795714 0.410689 0.791394 0.411329 0.789714 0.409569 0.788634 0.407969 0.787313 0.410689 0.785393 0.410529 0.784073 0.408769 0.780713 0.407489 0.778553 0.407009 0.776993 0.405409 0.763672 0.401568 0.762112 0.403329 0.758872 0.401728 0.756712 0.400128 0.754671 0.400608 0.749271 0.397888 0.746871 0.395648
0 0.509097 0.470042 0.494330 0.471187 0.477675 0.472103 0.463424 0.474850 0.455525 0.479429 0.450546 0.484923 0.447112 0.490418 0.446940 0.495912 0.446082 0.499804 0.445738 0.505756 0.447627 0.511480 0.449344 0.515143 0.458101 0.520408 0.459646 0.522469 0.462909 0.528421 0.466171 0.533000 0.473554 0.535289 0.478534 0.534603 0.484200 0.528879 0.565587 0.552231 0.567819 0.559099 0.570395 0.562762 0.575374 0.567341 0.583101 0.568256 0.589282 0.566425 0.592545 0.562762 0.594777 0.560244 0.606109 0.560244 0.616583 0.560930 0.626027 0.561159 0.628259 0.558870 0.629117 0.555665 0.633410 0.549941 0.637703 0.535289 0.639420 0.526132 0.636672 0.517890 0.637016 0.506214 0.634440 0.502551 0.621906 0.497515 0.602503 0.483321 0.589626 0.473934 0.569021 0.465692 0.547387 0.461571 0.533650 0.462029 0.522661 0.464777 0.513561 0.468440
0 0.487634 0.471874 0.487119 0.467524 0.489179 0.462945 0.494330 0.456306 0.507036 0.450811 0.519742 0.447606 0.538286 0.445546 0.557174 0.440051 0.571940 0.437304 0.591686 0.440280 0.610402 0.447377 0.627915 0.458137 0.642854 0.466379 0.643369 0.474850 0.644914 0.481489 0.646803 0.488815 0.644056 0.498201 0.640622 0.507130 0.637187 0.510564 0.636157 0.505299 0.634268 0.503238 0.622078 0.498201 0.606281 0.485610 0.589282 0.473018 0.568850 0.465463 0.548417 0.461343 0.532964 0.462029 0.519227 0.466379 0.510470 0.469355
0 0.583513 0.430456 0.578473 0.429176 0.574873 0.422456 0.575593 0.418615 0.577633 0.412855 0.586753 0.408855 0.602234 0.408535 0.613635 0.404214 0.629356 0.401014 0.649757 0.402294 0.671839 0.407895 0.675199 0.409975 0.676759 0.418295 0.677719 0.424696 0.677119 0.437017 0.675439 0.444537 0.670999 0.445497 0.663918 0.446457 0.662238 0.446457 0.658758 0.449657 0.654198 0.450777 0.648437 0.450777 0.645437 0.447577 0.642317 0.444857 0.601154 0.436857 0.595994 0.440057 0.592514 0.440377 0.586393 0.438137 0.583033 0.430936
0 0.587833 0.408695 0.590234 0.401014 0.598514 0.398454 0.610515 0.398454 0.619035 0.395574 0.634876 0.390774 0.650477 0.391894 0.670279 0.395894 0.673519 0.402774 0.675319 0.409495 0.669319 0.407095 0.649397 0.402134 0.630316 0.400854 0.614475 0.404214 0.606075 0.406775 0.601634 0.408695
0 0.666558 0.394454 0.661398 0.389494 0.648557 0.385333 0.635716 0.384373 0.629716 0.386453 0.619395 0.394934 0.634636 0.390774 0.650717 0.392214
0 0.676519 0.415095 0.681439 0.413815 0.681439 0.411255 0.691160 0.410295 0.690920 0.403894 0.689120 0.393974 0.673039 0.383093 0.661038 0.381813 0.649397 0.383093 0.645917 0.385173 0.653958 0.386933 0.662478 0.390614 0.667279 0.394774 0.671239 0.396374 0.674599 0.406775 0.675679 0.410935
0 0.630316 0.386933 0.629836 0.381973 0.637997 0.380853 0.645557 0.381173 0.656958 0.376853 0.672799 0.378933 0.684200 0.383093 0.691520 0.393014 0.691040 0.399414 0.690080 0.402134 0.689120 0.393814 0.673759 0.383573 0.662838 0.381973 0.652998 0.382933 0.648797 0.383253 0.646397 0.384853 0.635957 0.384213
0 0.632236 0.381173 0.637157 0.372532 0.648077 0.373012 0.656838 0.370292 0.668599 0.372212 0.677959 0.374933 0.684200 0.379093 0.685040 0.384693 0.677119 0.379893 0.667639 0.378453 0.656958 0.376693 0.645317 0.381013
0 -0.000683 0.422664 0.006605 0.423575 0.009338 0.416286 0.040087 0.427826 0.045326 0.437241 0.051704 0.436937 0.055803 0.435722 0.057626 0.431167 0.077669 0.427523 0.077442 0.411427 0.081314 0.406264 0.087008 0.397457 0.091336 0.392902 0.102496 0.389257 0.111151 0.388650 0.101357 0.363747 0.082225 0.357370 0.068559 0.354940 0.048970 0.354940 0.029610 0.356155 0.015716 0.358888 0.008427 0.363747 0.002961 0.370125 0.000228 0.374376
0 0.143366 0.468725 0.146730 0.475044 0.149787 0.478306 0.154833 0.480344 0.160031 0.479733 0.163241 0.477694 0.164465 0.474637 0.180365 0.475656 0.192443 0.474025 0.205438 0.469337 0.214000 0.466687 0.218434 0.463833 0.221033 0.452417 0.219198 0.445486 0.216599 0.438148 0.213388 0.432644 0.203604 0.426732 0.190150 0.419394 0.188315 0.416948 0.186480 0.411240 0.183881 0.407978 0.181741 0.409405 0.171039 0.399620 0.164617 0.395747 0.158961 0.392893 0.148564 0.389632 0.138168 0.387593 0.131288 0.387593 0.125173 0.387593 0.113095 0.388205 0.108202 0.388816 0.101628 0.389224 0.090620 0.393301 0.086645 0.397378 0.080071 0.407978 0.077319 0.412055 0.077625 0.427955 0.077931 0.433663 0.081294 0.439575 0.083129 0.444059 0.084811 0.449563 0.086798 0.453436 0.088786 0.456902 0.095513 0.458533 0.101170 0.455271 0.103310 0.452825
0 0.145660 0.388816 0.146730 0.377809 0.149176 0.376993 0.155903 0.373732 0.162477 0.369247 0.173791 0.361705 0.178683 0.361093 0.189844 0.360074 0.197182 0.359462 0.201922 0.359258 0.211554 0.359666 0.221338 0.361705 0.230664 0.366801 0.233875 0.372305 0.240143 0.380255 0.241519 0.390243 0.242742 0.396767 0.242131 0.401863 0.236015 0.403697 0.235404 0.408386 0.231735 0.411036 0.227454 0.410221 0.224702 0.406144 0.219351 0.407774 0.212165 0.409405 0.205285 0.409609 0.204827 0.411647 0.201004 0.415317 0.197182 0.415317 0.193666 0.414501 0.190608 0.410832 0.188621 0.407367 0.178071 0.405532 0.169204 0.398193 0.158349 0.392282
0 0.220421 0.361501 0.223173 0.359055 0.233416 0.358851 0.249164 0.359055 0.258490 0.359870 0.264911 0.363947 0.272097 0.371693 0.280047 0.374547 0.281576 0.378012 0.282646 0.381886 0.282952 0.386370 0.283105 0.388816 0.279435 0.391466 0.278824 0.395543 0.276989 0.398805 0.274849 0.401863 0.272097 0.402270 0.269345 0.401659 0.266746 0.399824 0.265370 0.398193 0.259101 0.399620 0.254362 0.400640 0.249622 0.402067 0.248705 0.402270 0.244424 0.405736 0.241214 0.405736 0.239532 0.404309 0.238920 0.403494 0.242131 0.402678 0.242742 0.398193 0.242284 0.392893 0.240143 0.379439 0.231123 0.367208
0 0.283115 0.371710 0.286376 0.365691 0.296031 0.360340 0.305311 0.355491 0.315218 0.353151 0.330517 0.354488 0.340424 0.355993 0.349452 0.361009 0.353465 0.363684 0.354594 0.364019 0.355221 0.369536 0.356224 0.372212 0.358105 0.377060 0.349829 0.375054 0.347195 0.374218 0.338668 0.374218 0.332649 0.374218 0.325250 0.375388 0.315970 0.378231 0.306064 0.383581 0.299041 0.382912 0.296031 0.384417 0.291517 0.385253 0.288131 0.383080 0.287253 0.381073 0.283366 0.378900
0 0.305060 0.384250 0.294652 0.385086 0.287003 0.386256 0.282488 0.388932 0.279980 0.391273 0.278475 0.397459 0.277974 0.402475 0.278726 0.406488 0.284871 0.410668 0.284996 0.413343 0.287128 0.416687 0.289511 0.417858 0.293398 0.417690 0.294903 0.415851 0.295530 0.413678 0.337665 0.424378 0.339671 0.429060 0.343935 0.432906 0.350832 0.432571 0.353716 0.430899 0.355346 0.427388 0.372025 0.427054 0.378295 0.426051 0.386571 0.424044 0.391336 0.421536 0.392841 0.417022 0.392841 0.411671 0.391086 0.402475 0.389832 0.398295 0.381179 0.393781 0.365002 0.380572 0.356224 0.376893 0.346192 0.374385 0.336662 0.374218 0.327131 0.374887 0.313462 0.379903
0 0.352745 0.363137 0.352639 0.356901 0.354233 0.352933 0.354233 0.351232 0.354978 0.349815 0.356891 0.348965 0.359654 0.344430 0.365607 0.343579 0.377405 0.344146 0.390479 0.346414 0.393243 0.348398 0.400046 0.355909 0.407167 0.359594 0.400577 0.359594 0.395688 0.360303 0.390798 0.361153 0.380807 0.360870 0.372303 0.362003 0.366563 0.369373 0.364863 0.369657 0.364012 0.370790 0.362737 0.372208 0.359017 0.372066 0.356572 0.368948 0.355509 0.364838 0.354552 0.364554
0 0.392605 0.347831 0.395262 0.346130 0.401746 0.341879 0.413120 0.342020 0.427150 0.344997 0.435228 0.347831 0.436504 0.350099 0.439799 0.355201 0.439693 0.358460 0.439799 0.360728 0.434165 0.362712 0.430445 0.364129 0.422367 0.361011 0.413120 0.359736 0.407911 0.359736 0.400046 0.356193 0.395688 0.351091
0 0.430020 0.345564 0.434803 0.341595 0.442669 0.338194 0.451491 0.338194 0.465415 0.340462 0.471793 0.342871 0.474025 0.346130 0.474769 0.351091 0.474876 0.353500 0.467541 0.352366 0.461802 0.351799 0.453617 0.352225 0.450960 0.355768 0.448621 0.361153 0.441712 0.360870 0.439799 0.360870 0.439693 0.355768 0.435228 0.347831
0 0.363162 0.372208 0.365075 0.369940 0.366882 0.369373 0.372410 0.362145 0.383783 0.360728 0.393137 0.361437 0.401853 0.362570 0.407167 0.363279 0.414076 0.365972 0.416308 0.367672 0.422473 0.373200 0.430977 0.381845 0.436929 0.384679 0.444157 0.388506 0.446283 0.393183 0.446283 0.398285 0.446814 0.401828 0.446283 0.406221 0.443944 0.408914 0.437142 0.409623 0.436079 0.411323 0.428532 0.412174 0.424280 0.412174 0.420985 0.413591 0.416096 0.413732 0.412057 0.412457 0.409612 0.407355 0.391117 0.402536 0.389735 0.398285 0.380700 0.393891 0.365607 0.380994 0.363056 0.380144
0 0.392393 0.361295 0.407699 0.363279 0.414820 0.366397 0.430764 0.381986 0.444476 0.389073 0.446389 0.393749 0.446814 0.402395 0.446708 0.404095 0.453086 0.403954 0.457018 0.402820 0.459782 0.400410 0.460739 0.398426 0.459888 0.387088 0.455637 0.383545 0.444795 0.377876 0.438311 0.370507 0.430764 0.364696 0.424387 0.362003 0.415883 0.360445 0.406211 0.359878 0.398770 0.359736
0 0.430764 0.363988 0.439161 0.371074 0.444688 0.378160 0.460313 0.387372 0.460951 0.396017 0.465841 0.397718 0.467329 0.400552 0.470518 0.402111 0.474025 0.402253 0.476364 0.400977 0.477745 0.399418 0.487205 0.399418 0.491457 0.397434 0.493052 0.396584 0.492945 0.394458 0.493052 0.390915 0.492201 0.386096 0.489012 0.382412 0.481997 0.378443 0.475726 0.375609 0.471687 0.372208 0.464990 0.366397 0.460313 0.363704 0.453086 0.361437 0.444688 0.360870 0.439268 0.360870 0.433953 0.363137
0 0.448834 0.360870 0.453511 0.352366 0.463502 0.351799 0.475194 0.353642 0.482847 0.356193 0.489650 0.360728 0.496453 0.367672 0.501555 0.370507 0.504106 0.373341 0.506126 0.375751 0.507507 0.381703 0.507295 0.386380 0.502937 0.388647 0.498154 0.389214 0.492839 0.388364 0.490926 0.384679 0.486249 0.380144 0.474982 0.375467 0.462971 0.364838 0.453936 0.361437
0 0.484123 0.356335 0.491776 0.353217 0.491457 0.351941 0.498047 0.351091 0.506763 0.352508 0.513672 0.354209 0.524195 0.363137 0.530360 0.365547 0.534931 0.368948 0.536738 0.371074 0.536738 0.373908 0.536631 0.378018 0.536738 0.380144 0.533868 0.381845 0.529085 0.383120 0.524939 0.383687 0.522388 0.384112 0.515586 0.382695 0.514416 0.379294 0.506763 0.378443 0.505169 0.375042 0.501980 0.370932 0.496347 0.367672 0.489650 0.360728 0.486355 0.358035
0 0.395688 0.342020 0.394412 0.343863 0.391436 0.344571 0.389416 0.343154 0.388885 0.340320 0.387716 0.339328 0.387716 0.335076 0.388353 0.331391 0.394837 0.329691 0.398239 0.329407 0.403022 0.325864 0.407592 0.324588 0.415139 0.324588 0.424174 0.327140 0.427150 0.328982 0.429276 0.332242 0.430552 0.336068 0.430552 0.341170 0.430977 0.343863 0.429701 0.345138 0.426938 0.344997 0.418647 0.342162 0.410675 0.341879 0.403341 0.341879 0.400790 0.342446 0.398345 0.343296
0 0.386141 0.335644 0.382804 0.327666 0.372334 0.324598 0.361633 0.323371 0.353579 0.323831 0.347481 0.327206 0.344950 0.329047 0.338046 0.330888 0.335055 0.332422 0.334134 0.334723 0.334134 0.339479 0.335975 0.341780 0.337471 0.343621 0.341038 0.344388 0.343339 0.343621 0.344259 0.342547 0.359217 0.344235 0.364395 0.343621 0.371298 0.343774 0.378662 0.344695 0.385680 0.346076 0.385911 0.343774 0.386141 0.340246
0 0.292253 0.320456 0.296395 0.323524 0.300882 0.327053 0.304219 0.330121 0.310087 0.333496 0.313654 0.336411 0.315840 0.340553 0.316645 0.346076 0.314804 0.348223 0.313999 0.349451 0.316070 0.349911 0.318026 0.350831 0.319867 0.349297 0.320787 0.347763 0.325850 0.348684 0.327115 0.350831 0.328266 0.350678 0.329647 0.349757 0.331718 0.348070 0.334249 0.347303 0.333674 0.343314 0.333559 0.338098 0.331488 0.335030 0.324699 0.331962 0.321132 0.328126 0.316530 0.323984 0.312043 0.321223 0.303528 0.320763 0.295129 0.320609
0 0.266479 0.320456 0.265559 0.324598 0.262913 0.326746 0.262798 0.330581 0.263143 0.335644 0.264293 0.337485 0.267515 0.340553 0.267860 0.343468 0.268666 0.346689 0.272002 0.346689 0.272923 0.345309 0.290872 0.349297 0.292368 0.352519 0.297890 0.352826 0.299616 0.350985 0.300422 0.348990 0.305599 0.349451 0.307901 0.352212 0.309972 0.352059 0.312043 0.350985 0.313539 0.349757 0.315379 0.347610 0.316300 0.344541 0.315264 0.338405 0.312733 0.333956 0.306060 0.330888 0.295704 0.323371 0.290412 0.319689 0.278561 0.319075 0.270161 0.319535 0.266710 0.320456
0 0.271542 0.318768 0.265559 0.317234 0.257735 0.316927 0.255894 0.318308 0.261302 0.319996 0.263258 0.322757 0.263718 0.325365 0.264869 0.325212 0.266019 0.323217 0.266479 0.320302
0 0.230811 0.319229 0.234838 0.316774 0.247034 0.318001 0.256469 0.318922 0.261302 0.321069 0.263028 0.324291 0.263028 0.326439 0.263488 0.331195 0.262913 0.336871 0.258310 0.333036 0.250141 0.327053 0.244388 0.322757 0.235989 0.321069
0 0.209410 0.326746 0.215853 0.319382 0.233112 0.320456 0.244043 0.322757 0.258195 0.333803 0.265329 0.338098 0.267975 0.342547 0.267630 0.350218 0.265789 0.354053 0.264523 0.356354 0.262337 0.356354 0.260151 0.354053 0.258195 0.352059 0.252672 0.352826 0.250716 0.352826 0.248760 0.355894 0.245999 0.356354 0.243698 0.356201 0.238865 0.354820 0.236219 0.349297 0.219996 0.347303 0.219075 0.350985 0.216774 0.350985 0.213667 0.350525 0.212057 0.348990 0.211021 0.343314 0.209410 0.339479 0.208835 0.326439
0 0.231240 0.320154 0.229142 0.317469 0.225366 0.314224 0.218149 0.312210 0.206233 0.311203 0.198429 0.310644 0.193562 0.311091 0.190877 0.315679 0.189198 0.317581 0.187520 0.321385 0.187436 0.326532 0.188191 0.330224 0.189618 0.333021 0.190541 0.334811 0.191212 0.336490 0.193058 0.339623 0.197842 0.339175 0.199268 0.337273 0.208918 0.337944 0.209422 0.326532 0.215632 0.319147
0 0.164695 0.292518 0.161003 0.293078 0.159828 0.296770 0.160667 0.299679 0.161087 0.301805 0.163520 0.303371 0.165786 0.302812 0.165954 0.301693 0.170737 0.301917 0.172080 0.303595 0.173842 0.303707 0.176779 0.303595 0.180555 0.304154 0.180639 0.302924 0.184499 0.303483 0.185422 0.305385 0.187520 0.305497 0.188527 0.304378 0.189114 0.303147 0.189786 0.301469 0.188863 0.296994 0.187940 0.292183 0.186681 0.290280 0.179212 0.289385 0.173590 0.288826 0.169814 0.288714 0.167716 0.289721 0.165450 0.291623
0 0.136584 0.290504 0.138765 0.290169 0.140863 0.288043 0.143716 0.287036 0.152779 0.287260 0.157059 0.288267 0.161003 0.293413 0.159912 0.298001 0.159408 0.299231 0.159325 0.300798 0.156387 0.300910 0.155213 0.298784 0.149674 0.299008 0.148835 0.300238 0.147744 0.300127 0.144472 0.298784 0.137507 0.297777
0 0.130206 0.286141 0.128528 0.284686 0.122738 0.283567 0.117870 0.283455 0.114346 0.285469 0.111325 0.286588 0.109059 0.287707 0.109059 0.291176 0.109647 0.292294 0.110234 0.293301 0.110654 0.294644 0.111996 0.295427 0.113003 0.294756 0.113423 0.293413 0.120388 0.294308 0.120807 0.295875 0.123073 0.296770 0.124416 0.296994 0.125507 0.295539 0.130793 0.295651
0 0.192807 0.311763 0.189702 0.308854 0.182821 0.305050 0.175352 0.304266 0.169646 0.303707 0.164276 0.305050 0.162513 0.305945 0.165786 0.309525 0.169394 0.312546 0.173842 0.315343 0.175184 0.317021 0.175436 0.317917 0.179632 0.320042 0.182821 0.326644 0.186345 0.326756 0.187017 0.326756 0.187352 0.320490 0.189870 0.316462
0 0.139521 0.305945 0.143129 0.304266 0.151353 0.303931 0.161842 0.305385 0.163101 0.307511 0.168387 0.312882 0.172499 0.315119 0.174513 0.317245 0.168723 0.317133 0.164359 0.316686 0.158318 0.316910 0.153618 0.316574 0.149003 0.316686 0.146569 0.313665 0.143465 0.312546 0.142458 0.309077
0 0.145311 0.318812 0.148751 0.317133 0.157646 0.316350 0.168387 0.316462 0.174765 0.317581 0.179464 0.320714 0.182821 0.326979 0.184919 0.331119 0.185506 0.336378 0.185590 0.339846 0.184667 0.343986 0.182569 0.346224 0.180807 0.346112 0.179212 0.345329 0.177954 0.343651 0.166793 0.343539 0.163436 0.345105 0.159912 0.345329 0.157059 0.344993 0.155716 0.343986 0.155968 0.339511 0.155884 0.334923 0.155464 0.329329 0.153702 0.327203 0.148583 0.321273
0 0.148835 0.316686 0.146066 0.314001 0.142793 0.312098 0.141870 0.308182 0.137926 0.304826 0.133059 0.302812 0.126765 0.302029 0.120136 0.302812 0.117031 0.304602 0.115017 0.307399 0.113843 0.311763 0.117787 0.313889 0.119465 0.315007 0.126346 0.316126 0.133982 0.317245 0.141199 0.317581 0.144723 0.318588
0 0.119884 0.315343 0.115353 0.317693 0.109479 0.323063 0.111745 0.326979 0.115017 0.330560 0.116780 0.334252 0.117115 0.337721 0.117283 0.340406 0.118877 0.342755 0.123828 0.343539 0.124751 0.345553 0.126178 0.347678 0.128024 0.349021 0.132388 0.349357 0.133479 0.346671 0.141199 0.345329 0.146486 0.344434 0.147744 0.347119 0.149758 0.348462 0.152947 0.348014 0.155129 0.345217 0.155716 0.343091 0.155381 0.328770 0.147241 0.320714 0.142877 0.317805 0.133982 0.317133 0.124080 0.315791
0 -0.000062 0.274504 0.007951 0.276412 0.011767 0.280101 0.016536 0.283153 0.019493 0.286587 0.020829 0.290657 0.020447 0.292692 0.013198 0.288241 0.006711 0.285824 0.000034 0.283662
0 0.022069 0.295490 0.015105 0.297525 0.012911 0.300705 0.004708 0.300959 -0.000062 0.300959 -0.000062 0.283662 0.012530 0.287859 0.018349 0.291929
0 0.000034 0.331866 0.006806 0.321564 0.017013 0.321564 0.031990 0.322581 0.044581 0.324235 0.054406 0.328559 0.062419 0.335936 0.065567 0.339243 0.071481 0.343567 0.075297 0.346620 0.079971 0.352216 0.080353 0.357049 0.068810 0.354887 0.052594 0.355141 0.041815 0.355269 0.028079 0.356668 0.016632 0.358321 0.012053 0.358575 0.011099 0.360483 0.007379 0.360483 0.004136 0.360483 0.001942 0.357304 -0.000062 0.351580
0 0.068620 0.341532 0.069478 0.339497 0.067093 0.331230 0.059558 0.323726 0.052022 0.314950 0.043150 0.309481 0.029796 0.305538 0.020257 0.302994 0.010431 0.301850 -0.000062 0.301468 0.000129 0.330848 0.006806 0.321691 0.027029 0.322200 0.044963 0.323853 0.054693 0.328559 0.065281 0.338988
0 0.061179 0.324616 0.067093 0.321055 0.072054 0.317367 0.079399 0.316095 0.091895 0.317112 0.106108 0.319910 0.109256 0.323472 0.112595 0.328178 0.116315 0.332756 0.117269 0.338353 0.118318 0.342550 0.115170 0.345475 0.113453 0.349799 0.111164 0.350817 0.108684 0.349164 0.106490 0.345093 0.096092 0.345602 0.087125 0.347510 0.082356 0.347129 0.079399 0.345857 0.073103 0.344966 0.068524 0.341532 0.069383 0.339370 0.066998 0.331484
0 0.119749 0.315586 0.113072 0.319147 0.109447 0.322836 0.105536 0.319529 0.092277 0.317112 0.090846 0.313169 0.088556 0.306428 0.088175 0.305029 0.087602 0.304139 0.081974 0.301850 0.082928 0.300832 0.093040 0.301468 0.101434 0.301595 0.106013 0.304139 0.113358 0.311007
0 0.113453 0.311516 0.115552 0.305157 0.113167 0.301595 0.111355 0.297525 0.102674 0.295109 0.096188 0.294473 0.087698 0.294727 0.084264 0.296126 0.080544 0.299306 0.081688 0.301595 0.084168 0.300451 0.102579 0.301468 0.107158 0.304648 0.109542 0.308336
0 0.091513 0.293964 0.088556 0.291166 0.080448 0.289894 0.071481 0.288622 0.069001 0.289640 0.068047 0.294727 0.075202 0.297271 0.080544 0.299433 0.085695 0.295109
0 0.067761 0.294473 0.064899 0.290276 0.062133 0.287605 0.052594 0.286078 0.048588 0.285824 0.042769 0.288113 0.040861 0.289131 0.040193 0.294218 0.040479 0.297017 0.045726 0.298797 0.048874 0.300832 0.052499 0.297653 0.057650 0.296126 0.067380 0.294727
0 0.081974 0.301850 0.080544 0.299560 0.068238 0.295109 0.058985 0.295490 0.052212 0.297398 0.049542 0.301341 0.052785 0.303758 0.060607 0.300196 0.070909 0.300832 0.081593 0.301087
0 0.087412 0.304902 0.080734 0.301468 0.074343 0.301214 0.060988 0.300196 0.053357 0.304266 0.048492 0.306428 0.044200 0.309227 0.052880 0.314696 0.060893 0.324362 0.072054 0.317239 0.079208 0.316222 0.092563 0.317367
0 0.053262 0.304393 0.046966 0.299433 0.040289 0.296889 0.030750 0.295363 0.021497 0.295618 0.014533 0.297907 0.012148 0.301977 0.023404 0.303249 0.036473 0.306937 0.044295 0.309354 0.050686 0.305157
1 0.000026 0.364299 0.005720 0.366728 0.000026 0.373409
1 0.080759 0.355817 0.088143 0.355817 0.097586 0.356046 0.141714 0.368179 0.104626 0.370698 0.101707 0.363830
1 0.109949 0.352841 0.107373 0.355588 0.101879 0.356504 0.142573 0.366806 0.172621 0.361769 0.130382 0.351925
1 0.156137 0.350093 0.162662 0.353070 0.169358 0.352154 0.177428 0.352612 0.206790 0.359022 0.193912 0.359709 0.173823 0.361082 0.136391 0.351925
1 0.180862 0.352154 0.184468 0.351696 0.186700 0.349635 0.198891 0.347575 0.241989 0.357648 0.223788 0.358564 0.220354 0.360853 0.210052 0.358793
1 0.186094 0.338584 0.185519 0.341806 0.185173 0.344414 0.199326 0.347635 0.210831 0.346561 0.210947 0.343340
1 0.268476 0.348402 0.267901 0.350090 0.266520 0.354385 0.277681 0.356840 0.301613 0.355152
1 0.354501 0.349801 0.343773 0.351646 0.330882 0.349454 0.332353 0.348070 0.335122 0.347493 0.334689 0.345994
1 0.500470 0.394675 0.493276 0.396397 0.492999 0.392708
1 0.507757 0.383730 0.507296 0.386313 0.505635 0.388157 0.514582 0.390248 0.525651 0.387051
1 0.536717 0.377452 0.546854 0.379364 0.537331 0.383323 0.533236 0.382913 0.537024 0.380183
1 0.393246 0.411353 0.393519 0.416435 0.391069 0.422242 0.388619 0.424419 0.391885 0.425871 0.421284 0.417160
1 0.255430 0.412257 0.208260 0.421523 0.307654 0.449881 0.352507 0.436965
1 0.198574 0.423488 0.214156 0.432473 0.218368 0.440896 0.221527 0.452127 0.220263 0.460269 0.247007 0.468692 0.305127 0.451285 0.203838 0.422365
1 0.020576 0.440967 0.013627 0.445178 0.010047 0.446582 0.009837 0.451074 0.009626 0.455848 0.010679 0.456971 -0.000061 0.459217 -0.000061 0.432824
1 -0.000271 0.506387 0.049004 0.529410 -0.000061 0.547099
1 0.071115 0.458375 0.062060 0.460340 0.036580 0.460902 0.020576 0.459778 0.012995 0.458094 -0.000482 0.461182 -0.000061 0.501894 0.055111 0.527164 0.162086 0.494313
1 0.932834 0.497630 0.957915 0.513514 0.978982 0.518028 0.981365 0.508330
1 0.990770 0.536588 1.000049 0.538761 0.999924 0.546787
1 0.891464 0.456654 0.891824 0.459534 0.897105 0.462574 0.897585 0.464174 0.881264 0.460654 0.869743 0.452494
1 0.719547 0.616195 0.704286 0.618017 0.683559 0.613158 0.672854 0.613158 0.664882 0.622573 0.663515 0.631076 0.653493 0.626825 0.646888 0.624395 0.653266 0.594937
1 0.605475 0.444740 0.610755 0.447140 0.633077 0.460581 0.642917 0.466341 0.675680 0.472901 0.677840 0.464261 0.669439 0.462981 0.659839 0.458981 0.655638 0.455140
1 0.673519 0.480422 0.675800 0.475142 0.643157 0.467461 0.643518 0.475142 0.644478 0.478182 0.647598 0.478022 0.656598 0.476582 0.665599 0.478502
1 0.682616 0.519784 0.679668 0.523715 0.677351 0.532138 0.675456 0.543930 0.674403 0.548984 0.663874 0.545615 0.670192 0.516414
1 0.474738 0.999350 0.123753 0.764334 -0.000169 0.860803 -0.000169 0.999350
1 0.624439 0.698991 0.588845 0.677273 0.580701 0.667218 0.574366 0.655957 0.572556 0.641880 0.380411 0.574313 0.371965 0.578737 0.388555 0.585976 0.405447 0.595227 0.426562 0.609705 0.442549 0.624586 0.454615 0.630619 0.457631 0.639065 0.456726 0.643087 0.471808 0.660783 0.492320 0.669229 0.521579 0.686925 0.543599 0.704622 0.562301 0.739612 0.566222 0.750471 0.567127 0.762537 0.605737 0.779027
1 0.642378 0.621338 0.625343 0.617944 0.607917 0.616900 0.594407 0.618727 0.582463 0.625254 0.574043 0.637002 0.383724 0.572257 0.441681 0.530225 0.648448 0.593142