0 0.000242 0.434870 0.015008 0.438304 0.027886 0.444028 0.039047 0.450667 0.048490 0.456848 0.058106 0.459138 0.069610 0.463716 0.080599 0.473103 0.083861 0.479513 0.084891 0.494623 0.081286 0.499888 0.066862 0.503551 0.041794 0.507672 0.040077 0.511564 0.033209 0.514769 0.019472 0.513396 0.012948 0.507672 0.008483 0.503094 0.000070 0.503322
0 0.999890 0.622895 0.995335 0.621073 0.973469 0.612570 0.954108 0.604977 0.935887 0.602852 0.918348 0.603763 0.903316 0.607407 0.885550 0.621681 0.884411 0.626540 0.882361 0.634132 0.880994 0.636865 0.878489 0.650531 0.878261 0.656302 0.880994 0.663590 0.885550 0.667234 0.888283 0.672094 0.896255 0.676042 0.903088 0.676042 0.918576 0.686063 0.935887 0.695478 0.945453 0.702159 0.948186 0.707018 0.954564 0.710663 0.960941 0.710966 0.968002 0.707018 0.973469 0.698515 0.999662 0.699426
0 0.883272 0.569142 0.890333 0.566105 0.900355 0.566408 0.914249 0.569445 0.926320 0.572179 0.940214 0.579771 0.947958 0.590096 0.952969 0.594044 0.961169 0.598600 0.966636 0.604674 0.967774 0.609533 0.954792 0.604674 0.951375 0.604977 0.950464 0.602548 0.942720 0.597689 0.933837 0.591615 0.922220 0.583112 0.912199 0.579467 0.911971 0.577038 0.906960 0.577038 0.894888 0.573393
0 0.838401 0.580075 0.834985 0.582808 0.816991 0.585845 0.809019 0.589185 0.804464 0.594044 0.801730 0.596474 0.799680 0.603763 0.798997 0.609836 0.800819 0.614696 0.804464 0.621377 0.810841 0.626843 0.818130 0.628969 0.831796 0.637169 0.844551 0.642939 0.847056 0.648709 0.851384 0.651139 0.860950 0.652354 0.867328 0.646280 0.868239 0.643850 0.880083 0.642635 0.885094 0.621984 0.902860 0.607103 0.918121 0.604370 0.938164 0.603763 0.951147 0.604977 0.950236 0.602548 0.939531 0.595867 0.927231 0.586756 0.921537 0.582808 0.911971 0.579467 0.911743 0.577038 0.904910 0.576734 0.891016 0.571875 0.881677 0.569749 0.866645 0.568534 0.856851 0.570964 0.842273 0.577038 0.840451 0.575519 0.838857 0.578252
0 0.883955 0.568231 0.873706 0.563675 0.870061 0.560942 0.860950 0.557298 0.858217 0.555172 0.857534 0.555475 0.850929 0.553653 0.848651 0.551831 0.834074 0.548794 0.814485 0.547579 0.807652 0.549705 0.793075 0.556083 0.787836 0.558816 0.777131 0.561246 0.767109 0.563979 0.761643 0.569749 0.760276 0.577038 0.758454 0.588274 0.762098 0.592222 0.765287 0.594044 0.766426 0.597992 0.773715 0.600118 0.788292 0.606192 0.795125 0.611051 0.796264 0.614696 0.801730 0.616214 0.798997 0.610140 0.801730 0.596170 0.808791 0.589185 0.817219 0.586148 0.834757 0.582504 0.838401 0.580378 0.839996 0.576127 0.842501 0.577645 0.865506 0.568534 0.882816 0.569445
0 0.952046 0.464807 0.947963 0.462630 0.941702 0.460452 0.934352 0.456096 0.914753 0.455734 0.910942 0.459726
0 0.860855 0.451741 0.854322 0.447023 0.850238 0.445208 0.840167 0.444482 0.836900 0.448112
0 0.797701 0.492754 0.796612 0.500376 0.803962 0.502917 0.811312 0.503280 0.827645 0.507635 0.835267 0.506184 0.834722 0.502191 0.823834 0.498199 0.818662 0.493117 0.811040 0.492029 0.809406 0.494569
0 0.750782 0.517430 0.752885 0.497589 0.736063 0.493491 0.725873 0.493275 0.718594 0.495432 0.709536 0.500177 0.697243 0.501686 0.693361 0.504490 0.691097 0.515704 0.693038 0.517645 0.695626 0.521312 0.699831 0.522821 0.703066 0.521743 0.710183 0.518939 0.719403 0.513979 0.729593 0.512901 0.741886 0.515704
0 0.776500 0.538996 0.778765 0.538565 0.786529 0.535546 0.795749 0.533173 0.808850 0.533820 0.817585 0.535546 0.831819 0.541800 0.837642 0.545898 0.840553 0.549995 0.830525 0.548054 0.814835 0.547623 0.788470 0.558191 0.777471 0.561426 0.775853 0.560132 0.773751 0.559485 0.775368 0.556250 0.775368 0.550642 0.776339 0.541800
0 0.682686 0.527350 0.688509 0.524978 0.702904 0.523037 0.710668 0.519802 0.718271 0.515273 0.729755 0.513116 0.754017 0.517861 0.757576 0.518292 0.757737 0.520018 0.769707 0.524547 0.771001 0.527997 0.770516 0.530370 0.775368 0.538565 0.776015 0.542447 0.775530 0.552368 0.774883 0.557328 0.772618 0.560779 0.771001 0.562720 0.767604 0.564014 0.761134 0.571346 0.758223 0.570484 0.755958 0.567896 0.754017 0.564014 0.719888 0.558838 0.717785 0.563798 0.713418 0.566170 0.708242 0.565308 0.703875 0.561426 0.703228 0.558191 0.693361 0.555387 0.687376 0.553662 0.684303 0.550211 0.678157 0.546329 0.679127 0.540075 0.679612 0.534683
0 0.556955 0.814381 0.561479 0.803522 0.564797 0.797087 0.569322 0.789847 0.574751 0.782206 0.585912 0.776173 0.618791 0.766923 0.634175 0.763705 0.656496 0.749628 0.656496 0.746411 0.658306 0.743193 0.662227 0.740378 0.668863 0.738367 0.673991 0.739976 0.691788 0.731128 0.720444 0.723084 0.758752 0.719867 0.785598 0.721475 0.808221 0.729519 0.833559 0.745204 0.843513 0.751237 0.848943 0.752444 0.866740 0.763303 0.883330 0.772553 0.907160 0.793467 0.929179 0.818000 0.939435 0.830870 0.944261 0.842132 0.943055 0.863850 0.946675 0.875513 0.938229 0.900047 0.921638 0.912917 0.910176 0.920960 0.905048 0.936646 0.897205 0.947103 0.889966 0.952331 0.873376 0.951929 0.866740 0.945896 0.860707 0.938657 0.857992 0.933026 0.705060 0.960375 0.699329 0.970027 0.693296 0.979278 0.684850 0.986919 0.670975 0.990137 0.652273 0.982897 0.645637 0.972441 0.610647 0.964799 0.591342 0.946701 0.574148 0.922569 0.561479 0.895220 0.554541 0.865459 0.553938 0.852991
0 0.000038 0.793876 0.033136 0.775403 0.060075 0.764627 0.100485 0.754364 0.153594 0.745128 0.190540 0.725629 0.228256 0.712287 0.238262 0.705616 0.268280 0.703051 0.319081 0.703051 0.370266 0.704077 0.431073 0.707669 0.434536 0.713313 0.453009 0.715366 0.459167 0.729734 0.466864 0.761548 0.476485 0.810296 0.479179 0.848781 0.481873 0.871359 0.484567 0.895990 0.483797 0.933449 0.480719 0.944738 0.472252 0.954487 0.412600 0.973987 0.409906 0.991946 0.407212 1.000670 0.329857 1.000670 0.326008 0.984249 0.151285 1.000157 0.000038 1.000670
0 0.443388 0.713827 0.441464 0.696893 0.439539 0.687143 0.438000 0.666618 0.435306 0.641474 0.427224 0.617870 0.416448 0.594779 0.408366 0.592213 0.391818 0.586056 0.351023 0.581951 0.304456 0.579898 0.291371 0.579898 0.282520 0.584003 0.270205 0.588108 0.248653 0.601450 0.224792 0.615818 0.214016 0.618896 0.178995 0.624541 0.158982 0.631725 0.138970 0.639935 0.124346 0.650711 0.109336 0.666618 0.103563 0.677394 0.102024 0.686117 0.096251 0.698946 0.088169 0.709721 0.086245 0.725116 0.085860 0.737431 0.092018 0.746154 0.103179 0.752312 0.107797 0.753851 0.154364 0.745128 0.196698 0.722550 0.228640 0.713313 0.238647 0.705103 0.282905 0.703051 0.358721 0.704590 0.430303 0.707156 0.434921 0.713313
0 0.403937 0.589916 0.404525 0.583912 0.405504 0.569553 0.401979 0.561982 0.403546 0.555194 0.402175 0.546840 0.396888 0.541096 0.387490 0.532481 0.388077 0.527260 0.387294 0.525954 0.371042 0.521255 0.347938 0.517339 0.329728 0.515773 0.316218 0.515773 0.303099 0.522299 0.287631 0.530654 0.272946 0.530654 0.258456 0.532481 0.243575 0.537441 0.230065 0.544229 0.227715 0.550756 0.226541 0.555977 0.223603 0.560938 0.221450 0.564593 0.221841 0.581562 0.220666 0.584956 0.222037 0.589133 0.223408 0.591222 0.231631 0.594877 0.236331 0.601142 0.238680 0.600881 0.241617 0.605842 0.268442 0.589655 0.282540 0.584173 0.291155 0.579474 0.329532 0.580518 0.367910 0.583651 0.391797 0.586000
0 0.403937 0.551800 0.408441 0.545274 0.416468 0.544751 0.425084 0.542402 0.429783 0.538747 0.430566 0.531698 0.430762 0.524388 0.429000 0.521516 0.430370 0.516295 0.430370 0.507941 0.428021 0.506374 0.418426 0.502719 0.397867 0.490971 0.381812 0.485750 0.361056 0.484183 0.351462 0.485489 0.346176 0.488360 0.331295 0.495148 0.317197 0.496454 0.306819 0.498542 0.293309 0.503502 0.290959 0.505852 0.288806 0.510029 0.288218 0.513945 0.286652 0.518122 0.286652 0.524649 0.286456 0.528826 0.287239 0.530654 0.293701 0.526738 0.315435 0.516556 0.338148 0.516295 0.358511 0.519167 0.387098 0.525954 0.388273 0.527521 0.387686 0.533003 0.402371 0.547362
0 0.298204 0.501414 0.298204 0.497759 0.299575 0.489144 0.303687 0.486011 0.313868 0.482356 0.330707 0.480528 0.343239 0.481051 0.361644 0.471130 0.366539 0.469302 0.387686 0.471652 0.408636 0.475307 0.417056 0.479745 0.426650 0.492276 0.427042 0.496976 0.425867 0.505591 0.416077 0.501414 0.401979 0.492799 0.382791 0.485750 0.356945 0.484967 0.350092 0.485750 0.331490 0.495148 0.307211 0.498281
0 0.505729 0.604153 0.529344 0.597468 0.543578 0.593586 0.557003 0.587979 0.575119 0.580215 0.581427 0.562961 0.588544 0.560373 0.613454 0.558001 0.633349 0.561020 0.651303 0.563393 0.668610 0.567059 0.677021 0.572019 0.679771 0.577195 0.680256 0.583665 0.675889 0.588841 0.688344 0.599193 0.691740 0.606526 0.701769 0.628955 0.702901 0.642542 0.702416 0.649875 0.702416 0.658933 0.702092 0.668853 0.699019 0.673382 0.681712 0.679852 0.678962 0.686322 0.672978 0.692792 0.665537 0.694086 0.657773 0.691498 0.650980 0.686107 0.649362 0.681146 0.572208 0.680284 0.559591 0.680931 0.552636 0.685460 0.546975 0.687616 0.537270 0.687185 0.525947 0.678127 0.513654 0.671657 0.500067 0.663677 0.494730 0.652678 0.491495 0.641464 0.493274 0.629602 0.495377 0.616446
0 0.603876 0.558175 0.589270 0.550459 0.572047 0.542008 0.557993 0.530986 0.539805 0.521249 0.526715 0.516472 0.503567 0.511879 0.489513 0.510226 0.471187 0.512063 0.469671 0.519411 0.464573 0.544213 0.465400 0.562952 0.470636 0.569198 0.487997 0.575077 0.490339 0.579486 0.492682 0.585182 0.496953 0.589040 0.502602 0.589040 0.507425 0.587202 0.510870 0.580221 0.554410 0.585733 0.575354 0.580221 0.581416 0.562768 0.588581 0.560013
0 0.558130 0.530618 0.558819 0.525474 0.550277 0.519044 0.536773 0.515186 0.524373 0.506368 0.513488 0.498100 0.495989 0.493508 0.465813 0.492589 0.462506 0.493324 0.460164 0.497917 0.451208 0.506368 0.451208 0.516105 0.449968 0.520146 0.448452 0.525107 0.447763 0.529883 0.448177 0.534844 0.451484 0.539988 0.454239 0.542008 0.461404 0.546418 0.463884 0.553766 0.464711 0.552297 0.464298 0.544397 0.471049 0.511695 0.490477 0.509858 0.519137 0.514819 0.530711 0.517758 0.541045 0.522167
0 0.549312 0.518493 0.547934 0.512430 0.541045 0.506735 0.526853 0.500305 0.519963 0.498284 0.505909 0.485057 0.496540 0.479361 0.479454 0.475871 0.462920 0.473850 0.456719 0.474217 0.449692 0.475871 0.450657 0.478627 0.445283 0.483954 0.442803 0.486894 0.441563 0.494426 0.440323 0.503428 0.438807 0.506368 0.438669 0.513900 0.441012 0.517942 0.444319 0.521249 0.449003 0.523269 0.451346 0.517023 0.451346 0.506368 0.460440 0.497917 0.462231 0.493324 0.469534 0.492405 0.493922 0.493508 0.514728 0.498284 0.536773 0.515737
0 0.474769 0.474952 0.477250 0.468339 0.485103 0.463929 0.491304 0.459704 0.502878 0.452355 0.509492 0.453090 0.527404 0.455111 0.553308 0.458234 0.559922 0.461174 0.564055 0.467053 0.564606 0.471462 0.561575 0.500489 0.555512 0.500305 0.553583 0.504531 0.551517 0.506735 0.545867 0.505265 0.542147 0.500121 0.520101 0.498284 0.509905 0.488731 0.500398 0.481382 0.495989 0.479729 0.482072 0.476238
1 0.039015 0.522376 0.000227 0.536525 -0.000139 0.518717
1 0.082377 0.476513 0.084207 0.479685 0.085122 0.495541 0.082194 0.499932 0.092257 0.500908 0.140376 0.481880
1 0.943223 0.715357 1.000379 0.745569 1.000379 0.717160
1 0.703882 0.569276 0.739713 0.590945 0.761056 0.592773 0.757923 0.588857 0.760273 0.574498
1 0.507814 0.704288 0.507070 0.714209 0.502853 0.721484 0.495909 0.728097 0.485988 0.731735 0.467883 0.735373 0.482516 0.810108 0.558409 0.809447 0.574282 0.782661 0.586435 0.775717 0.634798 0.762820 0.656127 0.749262 0.655879 0.746285 0.658111 0.742648 0.667784 0.738680 0.673240 0.739672 0.692586 0.730412 0.719123 0.722806 0.705234 0.709910
1 0.441399 0.590986 0.449325 0.632178 0.492350 0.635413 0.495424 0.616219 0.504805 0.603926 0.523891 0.598750
1 0.433312 0.634119 0.435415 0.641021 0.437679 0.661293 0.441237 0.661509 0.448840 0.661725 0.444634 0.634335
1 0.403065 0.558852 0.401932 0.561656 0.405814 0.569635 0.404682 0.587535 0.437194 0.589045 0.432503 0.560577
1 0.764129 0.519255 0.763668 0.520482 0.774139 0.524471 0.791168 0.528153 0.768041 0.519562
1 0.773679 0.520789 0.786450 0.523857 0.806355 0.531068 0.791743 0.528153