0 0.246160 0.563586 0.215996 0.574847 0.194579 0.586511 0.179497 0.592544 0.159287 0.599783 0.142697 0.605414 0.139379 0.611849 0.134251 0.629545 0.133044 0.638795 0.127011 0.648850 0.124297 0.662524 0.123392 0.681025 0.126710 0.703950 0.128821 0.725266 0.135457 0.750201 0.139680 0.759049 0.150841 0.771115 0.157779 0.773126 0.199405 0.772724 0.203025 0.781974 0.209058 0.787203 0.216900 0.793638 0.226855 0.796051 0.244048 0.792029 0.253097 0.783583 0.260940 0.774333 0.266671 0.764278 0.269386 0.756234 0.427144 0.711993 0.434082 0.720842 0.440718 0.724461 0.452180 0.723657 0.461531 0.718428 0.468469 0.710385 0.475105 0.700732 0.478423 0.695906 0.493505 0.683438 0.498030 0.672981 0.497728 0.665742 0.502253 0.657296 0.503158 0.650861 0.502253 0.644828 0.497125 0.633165 0.489584 0.623110 0.470580 0.603403 0.456403 0.593348 0.444639 0.586511 0.420206 0.581282 0.393964 0.575652 0.362895 0.561977 0.333635 0.555542 0.304376 0.554336 0.279038 0.557151
0 0.140887 0.607827 0.132441 0.604609 0.117661 0.594152 0.113739 0.582891 0.114343 0.570021 0.114343 0.551521 0.116756 0.542672 0.119470 0.531411 0.120677 0.520552 0.124900 0.513715 0.134251 0.508889 0.145713 0.507280 0.175274 0.497225 0.199104 0.487573 0.224441 0.481138 0.250081 0.479931 0.273307 0.479931 0.293517 0.484757 0.315235 0.495214 0.326999 0.502856 0.339668 0.507280 0.366213 0.514519 0.383105 0.521759 0.391551 0.526585 0.400901 0.534629 0.405728 0.545890 0.408442 0.550716 0.409046 0.562380 0.408141 0.574847 0.405728 0.578065 0.387026 0.573239 0.358068 0.560369 0.332429 0.555542 0.304376 0.554738 0.269386 0.559162 0.243746 0.563586 0.215091 0.575250 0.185530 0.590935 0.148428 0.602598 0.141792 0.605816
0 0.000005 0.405149 0.006579 0.407596 0.020492 0.412692 0.043119 0.423088 0.069721 0.427777 0.071250 0.430834 0.073237 0.438988 0.072932 0.449996 0.076754 0.454073 0.077977 0.459169 0.077365 0.466712 0.073696 0.482000 0.072626 0.490154 0.067275 0.492193 0.048317 0.497289 0.032723 0.500551 0.026913 0.507074 0.021715 0.511966 0.013612 0.513801 0.000005 0.513189
0 0.000005 0.372330 0.004897 0.372534 0.024161 0.376407 0.043577 0.381503 0.053209 0.387007 0.061771 0.391492 0.069110 0.399034 0.073543 0.407188 0.077824 0.415546 0.079506 0.421254 0.080729 0.434708 0.080423 0.444900 0.073543 0.449996 0.073237 0.447958 0.073390 0.440211 0.070333 0.427981 0.043425 0.422884 0.009637 0.408411 0.000158 0.405149
0 0.161904 0.399133 0.147845 0.400099 0.135379 0.401258 0.126973 0.403578 0.120160 0.407056 0.115957 0.412274 0.113783 0.415946 0.114942 0.425223 0.113493 0.428701 0.113928 0.435659 0.113638 0.441843 0.114942 0.447834 0.118276 0.449573 0.136394 0.453438 0.139873 0.458850 0.141757 0.462908 0.145671 0.466193 0.153932 0.467353 0.161614 0.467353 0.169296 0.463295 0.172920 0.454791 0.248581 0.454791 0.250900 0.460396 0.253364 0.464261 0.258437 0.467160 0.266409 0.467160 0.272497 0.465034 0.276700 0.460396 0.277860 0.453632 0.286556 0.452665 0.292064 0.450153 0.294673 0.445901 0.294383 0.439910 0.294673 0.430247 0.294094 0.419232 0.293804 0.414980 0.285107 0.400872 0.285832 0.398553 0.283658 0.393915 0.278585 0.391595 0.267859 0.388697 0.259452 0.385218 0.241914 0.381546 0.211185 0.378454 0.202779 0.379034 0.192922 0.382126 0.181617 0.388697
0 0.228357 0.380173 0.217302 0.369969 0.201146 0.364017 0.181801 0.360899 0.160756 0.359198 0.145450 0.358631 0.142899 0.360899 0.139923 0.364867 0.133970 0.374788 0.132482 0.378756 0.132057 0.386125 0.128018 0.392361 0.129081 0.399447 0.132057 0.401431 0.147788 0.400014 0.161819 0.399164 0.178825 0.390377 0.195619 0.381590 0.211775 0.378189
0 0.231545 0.380456 0.230695 0.369402 0.228144 0.365717 0.212838 0.360332 0.206461 0.358631 0.193068 0.348427 0.182652 0.343042 0.167558 0.339924 0.153315 0.339641 0.136734 0.339641 0.135246 0.341908 0.125467 0.347010 0.123766 0.354947 0.122278 0.362883 0.121215 0.372237 0.125255 0.378472 0.132482 0.377622 0.140986 0.364017 0.144812 0.358915 0.177124 0.360615 0.205610 0.365717 0.217515 0.369119 0.228144 0.379606
0 0.217940 0.361749 0.217940 0.359482 0.211563 0.352679 0.203485 0.350412 0.197745 0.348427 0.188391 0.341908 0.178400 0.334822 0.163519 0.331137 0.146938 0.329437 0.132482 0.330004 0.132057 0.333405 0.125467 0.340774 0.126955 0.345310 0.135884 0.341341 0.136734 0.339641 0.167771 0.339924 0.182864 0.343325 0.197532 0.351545 0.206886 0.358631
0 0.202634 0.349845 0.203059 0.345876 0.201359 0.339924 0.194981 0.335106 0.182652 0.332271 0.171385 0.322634 0.163519 0.319233 0.148639 0.316965 0.135884 0.317816 0.128231 0.326602 0.127593 0.331704 0.124192 0.332838 0.125680 0.340774 0.131845 0.333122 0.132482 0.328870 0.155016 0.329437 0.177124 0.335389 0.192005 0.344743 0.197958 0.348711
0 0.172932 0.285152 0.166197 0.288010 0.160379 0.288418 0.158849 0.290255 0.158542 0.294133 0.166503 0.296582 0.172626 0.296991 0.184414 0.299848 0.189312 0.301277 0.192068 0.299644 0.192986 0.294133 0.188853 0.288010 0.180587 0.285560
0 0.882316 0.596814 0.872262 0.582930 0.858976 0.574791 0.833123 0.561386 0.813014 0.555162 0.802601 0.556119 0.791470 0.562343 0.774953 0.572397 0.763821 0.581015 0.753408 0.587718 0.747663 0.596814 0.744072 0.604953 0.742636 0.612614 0.742277 0.625061 0.745149 0.631764 0.760949 0.643255 0.786802 0.662405 0.810501 0.672938 0.817682 0.677726 0.826300 0.682513 0.832045 0.684428 0.838509 0.680598 0.843895 0.668150 0.846408 0.663363 0.874416 0.648521 0.879443 0.652351 0.889497 0.653787 0.898115 0.648042 0.902424 0.637988 0.901706 0.627934 0.900269 0.624583 0.900269 0.614529 0.898115 0.608783 0.894524 0.604474 0.890934 0.603038 0.885907 0.598729
0 0.849999 0.570003 0.852872 0.564737 0.858617 0.561864 0.862567 0.558992 0.872980 0.547980 0.883034 0.543192 0.890934 0.543192 0.907451 0.548938 0.919659 0.554683 0.928995 0.559471 0.934382 0.565694 0.938331 0.576227 0.940486 0.575270 0.942640 0.577185 0.944077 0.583888 0.946949 0.590590 0.938690 0.605911 0.937254 0.612614 0.934022 0.612614 0.927559 0.609741 0.918582 0.615007 0.915351 0.622189 0.912478 0.627455 0.900988 0.623625 0.899910 0.615486 0.898833 0.609741 0.893447 0.603038 0.885907 0.599208 0.880520 0.595378 0.872262 0.583888 0.858976 0.575749
0 0.856574 0.562795 0.858144 0.553374 0.857673 0.548978 0.854847 0.545210 0.856260 0.542279 0.854847 0.540185 0.852021 0.538510 0.850451 0.538301 0.846839 0.530974 0.840245 0.522600 0.833650 0.520088 0.819362 0.514226 0.806487 0.509411 0.804446 0.507736 0.797224 0.507527 0.788745 0.508783 0.784192 0.511504 0.781051 0.512342 0.773044 0.520716 0.768333 0.524275 0.766292 0.529718 0.765193 0.536417 0.764094 0.539557 0.762838 0.542488 0.761582 0.552746 0.763937 0.555049 0.763780 0.558399 0.765036 0.560701 0.767391 0.562795 0.769275 0.563632 0.771631 0.563423 0.773201 0.562376 0.774300 0.560283 0.784977 0.565726 0.794083 0.560073 0.802876 0.555677 0.813710 0.555468 0.831923 0.560492 0.850137 0.570122 0.853120 0.564470
0 0.653872 0.471519 0.644765 0.466494 0.627494 0.460632 0.611321 0.458120 0.598446 0.458748 0.592637 0.461051 0.582745 0.466494 0.581489 0.465657 0.580233 0.466704 0.578192 0.469006 0.578035 0.470472 0.573010 0.473193 0.560450 0.476543 0.550558 0.480102 0.546946 0.485964 0.545219 0.493291 0.544591 0.503130 0.545533 0.505433 0.550401 0.509201 0.562805 0.516738 0.574895 0.521134 0.583687 0.523437 0.584158 0.526996 0.588241 0.528252 0.594364 0.527415 0.598603 0.524903 0.601744 0.521134 0.602529 0.519250 0.640055 0.516738 0.641468 0.521553 0.643980 0.523647 0.646492 0.523437 0.649789 0.522600 0.651516 0.520297 0.654343 0.515063 0.656541 0.510667 0.660937 0.506899 0.662193 0.501246 0.661565 0.496640 0.662821 0.489523 0.659210 0.482405 0.654029 0.473821
0 0.650103 0.469216 0.654500 0.457283 0.659053 0.449746 0.669730 0.449746 0.681663 0.450584 0.690926 0.452258 0.701289 0.455608 0.711809 0.460632 0.719503 0.466285 0.722957 0.471519 0.725312 0.477799 0.726254 0.482614 0.730651 0.484917 0.732692 0.489941 0.733791 0.493919 0.731907 0.502084 0.730651 0.508573 0.729394 0.510458 0.727981 0.514226 0.726097 0.516319 0.724056 0.517785 0.718875 0.517366 0.717462 0.515691 0.716833 0.513179 0.716833 0.512342 0.692654 0.514016 0.690769 0.517575 0.688414 0.520716 0.682919 0.520088 0.679779 0.517366 0.679779 0.513388 0.679465 0.512132 0.661879 0.505014 0.661565 0.501456 0.661879 0.496850 0.663449 0.489313 0.654029 0.473612 0.653715 0.471100
0 0.472994 0.350723 0.474168 0.345245 0.471703 0.343367 0.466891 0.341020 0.463252 0.340863 0.459613 0.342272 0.455857 0.342585 0.454918 0.343837 0.454918 0.346654 0.456326 0.347593 0.458909 0.348062 0.461843 0.348532 0.467947 0.349940 0.471468 0.351662
0 0.533445 0.374668 0.535675 0.375138 0.536497 0.376860 0.538258 0.377329 0.539431 0.376547 0.542131 0.376860 0.543775 0.377486 0.544948 0.377016 0.548000 0.377486 0.548822 0.378581 0.551169 0.378738 0.552578 0.377642 0.553517 0.374825 0.553048 0.372164 0.548822 0.370130 0.546122 0.365435 0.538492 0.363869 0.534267 0.363869 0.531215 0.365904 0.530041 0.366530 0.528867 0.369191 0.528633 0.371225 0.529102 0.373103 0.529219 0.373103 0.529806 0.374355 0.530511 0.374981 0.531567 0.375451 0.532506 0.375451
0 0.559151 0.394545 0.556804 0.392980 0.553987 0.391728 0.549291 0.387189 0.544596 0.384372 0.536497 0.382963 0.526754 0.381868 0.522529 0.384998 0.520651 0.386719 0.519477 0.391884 0.519477 0.395953 0.520416 0.398301 0.522059 0.401431 0.525346 0.402370 0.526872 0.401431 0.530041 0.402370 0.531450 0.404248 0.533445 0.405344 0.535441 0.405500 0.537553 0.405500 0.538962 0.404248 0.546826 0.404718 0.547765 0.399240 0.547179 0.398457 0.549057 0.397831 0.554339 0.395484
0 0.549761 0.440088 0.538845 0.435237 0.533797 0.433515 0.525815 0.422090 0.522059 0.418960 0.506682 0.412074 0.494005 0.409726 0.476633 0.407378 0.468651 0.406752 0.464543 0.408004 0.460552 0.411604 0.456209 0.417238 0.453392 0.424907 0.452336 0.432419 0.451396 0.433515 0.449988 0.440871 0.450692 0.446505 0.453040 0.449166 0.459144 0.454643 0.462430 0.457773 0.468064 0.460591 0.471468 0.460591 0.472642 0.459026 0.480624 0.464034 0.484028 0.466225 0.484145 0.469824 0.485437 0.471233 0.488254 0.472798 0.494005 0.472955 0.496823 0.469981 0.498935 0.463095 0.532389 0.464816 0.533093 0.468416 0.533797 0.470607 0.535675 0.472329 0.537906 0.472485 0.541192 0.472172 0.543188 0.470137 0.544244 0.468259 0.545066 0.463877 0.549409 0.463564 0.552578 0.459495 0.552695 0.451826 0.551639 0.443375
0 0.457265 0.415517 0.455857 0.417395 0.453275 0.425533 0.452336 0.433045 0.451162 0.434141 0.449753 0.440558 0.450223 0.444157 0.447640 0.443531 0.440950 0.439932 0.438954 0.436176 0.439776 0.433984 0.440363 0.426472 0.442945 0.422559 0.444119 0.418960 0.446819 0.417708 0.453627 0.416143
0 0.398341 0.379207 0.409844 0.379520 0.422991 0.380772 0.433320 0.384059 0.438954 0.386876 0.446936 0.396423 0.451749 0.397675 0.458909 0.400492 0.462665 0.402996 0.463134 0.405813 0.463487 0.407535 0.464191 0.408161 0.459144 0.413169 0.456796 0.415517 0.449284 0.417238 0.445058 0.418334 0.443180 0.419742 0.418295 0.417395 0.416887 0.420681 0.414187 0.423029 0.409961 0.423655 0.405384 0.420055 0.404679 0.414421 0.401393 0.414265 0.399632 0.416143 0.395758 0.416456 0.392824 0.413952 0.390594 0.409569 0.390241 0.408630 0.386837 0.406909 0.385898 0.404874 0.386133 0.399866 0.387190 0.398614 0.388833 0.391728 0.389772 0.386093 0.395758 0.381242
0 0.511026 0.412074 0.511730 0.408787 0.509852 0.402057 0.503396 0.398301 0.498583 0.396110 0.494827 0.392354 0.487080 0.384841 0.477455 0.380616 0.463252 0.377329 0.457031 0.378112 0.453040 0.379207 0.451162 0.382024 0.447406 0.387502 0.445645 0.391258 0.445762 0.395171 0.447406 0.396423 0.456326 0.399553 0.463017 0.403622 0.463604 0.407848 0.468534 0.406752 0.474520 0.406752 0.480389 0.404718 0.493888 0.406752 0.503865 0.409882 0.507856 0.410665
0 0.457618 0.377955 0.453392 0.376703 0.447992 0.376703 0.439541 0.379520 0.431090 0.381085 0.430855 0.382963 0.433672 0.383902 0.439541 0.386719 0.444823 0.393919 0.445527 0.394858 0.445645 0.391102 0.446701 0.387189 0.452922 0.379207
0 0.317456 0.313798 0.313145 0.313673 0.312020 0.315423 0.311739 0.317672 0.313613 0.320421 0.316519 0.322171 0.320080 0.322796 0.321580 0.321921 0.328140 0.322671 0.329077 0.324420 0.331795 0.325045 0.334045 0.323795 0.336950 0.322546 0.336763 0.317297 0.332545 0.313048 0.324672 0.310799 0.322329 0.311174
0 0.337794 0.322546 0.335076 0.323420 0.330202 0.326045 0.325329 0.326295 0.322985 0.326919 0.321954 0.328544 0.321767 0.330668 0.322329 0.333543 0.328703 0.336542 0.331233 0.337416 0.333764 0.337167 0.341730 0.337791 0.346416 0.337042 0.351290 0.337042 0.356351 0.338416 0.356726 0.337167 0.356913 0.334042 0.355695 0.328669 0.353071 0.325920
0 0.290838 0.324295 0.284653 0.326170 0.280435 0.327919 0.273968 0.329544 0.267689 0.330418 0.267127 0.333293 0.267970 0.338416 0.272469 0.339166 0.274343 0.341165 0.276967 0.341790 0.280341 0.342040 0.282028 0.341415 0.301804 0.343665 0.302273 0.345164 0.304709 0.346039 0.306865 0.346414 0.308927 0.345664 0.309583 0.344539 0.313332 0.344664 0.314550 0.340291 0.314269 0.338041 0.314082 0.335167 0.312488 0.332543 0.308458 0.328544 0.301429 0.325545 0.295150 0.324420
0 0.380813 0.364659 0.379688 0.362659 0.377251 0.361285 0.373690 0.360035 0.368066 0.354911 0.359725 0.351412 0.351946 0.350538 0.344635 0.350538 0.338075 0.353412 0.333576 0.356036 0.326547 0.356286 0.320361 0.357286 0.318487 0.359035 0.316706 0.362409 0.317081 0.366033 0.317456 0.369032 0.326828 0.372656 0.330858 0.374781 0.334326 0.376405 0.338075 0.376655 0.341824 0.374781 0.365348 0.377030 0.366754 0.379529 0.368254 0.380029 0.371534 0.380654 0.374064 0.379779 0.375189 0.377530 0.379688 0.376280 0.380906 0.370532 0.380156 0.367033
0 0.423644 0.380654 0.423831 0.380404 0.425987 0.380029 0.427674 0.379404 0.427674 0.377030 0.427299 0.372031 0.424862 0.367158 0.419052 0.364534 0.415771 0.363034 0.410616 0.358410 0.404243 0.353037 0.395902 0.350038 0.381843 0.348038 0.378751 0.348163 0.378751 0.349538 0.375658 0.352037 0.373596 0.355661 0.373596 0.359785 0.379594 0.362784 0.380719 0.365033 0.380063 0.367658 0.380813 0.370032 0.380063 0.375031 0.384936 0.377030 0.392153 0.378655 0.393559 0.375655 0.407711 0.377155 0.408555 0.379029 0.413803 0.379529
0 0.376782 0.350538 0.374252 0.354037 0.373408 0.356536 0.373502 0.359785 0.367504 0.354287 0.358600 0.351412 0.345198 0.350538 0.340699 0.352037 0.338075 0.353287 0.332264 0.350163 0.331608 0.349163 0.332451 0.345914 0.333014 0.343540 0.333576 0.340291 0.335638 0.339791 0.339387 0.339041 0.345573 0.337541 0.349040 0.337167 0.352696 0.337666 0.356538 0.338291 0.361599 0.340541 0.367316 0.345289 0.370316 0.347788 0.374064 0.349288
0 0.633956 0.405039 0.639381 0.402493 0.649228 0.404503 0.655658 0.408254 0.660481 0.414148 0.666409 0.417229 0.668217 0.419775 0.665605 0.431831 0.663394 0.433841 0.660280 0.433707 0.659074 0.432099 0.658974 0.430224 0.654955 0.429420 0.656763 0.422454 0.657667 0.421650 0.655959 0.419641 0.648022 0.411469 0.640587 0.406646
0 0.653347 0.406914 0.653347 0.401556 0.650534 0.395259 0.643601 0.392714 0.636166 0.391642 0.632147 0.394723 0.628832 0.396197 0.623808 0.397805 0.622602 0.400886 0.622402 0.403699 0.626420 0.404101 0.633052 0.405039 0.638879 0.402627 0.649228 0.404369
0 0.658873 0.384944 0.654553 0.387221 0.649328 0.387891 0.648123 0.390972 0.648524 0.394455 0.652141 0.395393 0.658471 0.396465 0.666208 0.397805 0.669322 0.397135 0.668920 0.388963 0.665605 0.386284 0.662591 0.385480
0 0.658572 0.384810 0.654452 0.382935 0.650534 0.382533 0.647319 0.384676 0.644204 0.386418 0.643400 0.387891 0.644003 0.390035 0.646113 0.392178 0.647721 0.391910 0.649630 0.387891 0.654553 0.387355
0 0.720965 0.406244 0.722071 0.401957 0.720965 0.398742 0.719458 0.396599 0.714234 0.395393 0.710416 0.394991 0.706698 0.397269 0.703182 0.399412 0.702478 0.403297 0.703985 0.405173 0.705392 0.404771 0.709210 0.404771 0.710516 0.404369 0.715339 0.404905 0.718654 0.405708
0 0.701574 0.409191 0.702478 0.408254 0.706196 0.407316 0.708708 0.405173 0.711521 0.404235 0.717650 0.405574 0.722071 0.407048 0.726692 0.411469 0.727396 0.413344 0.727597 0.417229 0.726893 0.420043 0.725989 0.421248 0.724783 0.423794 0.723176 0.424329 0.721669 0.424329 0.720865 0.423526 0.720664 0.422186 0.714234 0.421784 0.713832 0.422722 0.712425 0.423526 0.711923 0.423526 0.713430 0.420578 0.711722 0.417631 0.708105 0.411067
0 0.701976 0.409593 0.695948 0.407450 0.691125 0.407718 0.687206 0.410397 0.683790 0.413612 0.680073 0.415086 0.677662 0.419909 0.677561 0.422856 0.678867 0.426071 0.683087 0.423392 0.688714 0.421516 0.694742 0.422186 0.701976 0.424195 0.707602 0.426741 0.710114 0.429152 0.711621 0.426607 0.711923 0.424597 0.713229 0.420310 0.708004 0.410933
0 0.708909 0.459160 0.709411 0.457820 0.711923 0.456615 0.713128 0.454203 0.714334 0.444022 0.710114 0.434779 0.699163 0.430358 0.689919 0.428616 0.679470 0.429152 0.674145 0.431965 0.666610 0.436252 0.660883 0.439467 0.659677 0.441075 0.658270 0.444022 0.657366 0.449515 0.658069 0.450988 0.659074 0.449916 0.681580 0.450586 0.690623 0.452328 0.702579 0.456079
0 0.713329 0.450988 0.716444 0.451926 0.717951 0.451524 0.719860 0.449783 0.720865 0.447237 0.721267 0.437726 0.717750 0.435314 0.712827 0.431965 0.709110 0.427678 0.701172 0.424195 0.693134 0.422186 0.689115 0.421650 0.682384 0.424061 0.677461 0.427009 0.675954 0.427277 0.674647 0.429956 0.674045 0.431296 0.679972 0.429018 0.689919 0.428616 0.699967 0.430760 0.710315 0.435046 0.714133 0.444156
0 0.786584 0.452855 0.782335 0.444761 0.774671 0.440916 0.762302 0.437578 0.757142 0.437881 0.751679 0.440410 0.748796 0.441625 0.747202 0.442232 0.746216 0.443749 0.739614 0.445874 0.737338 0.448808 0.736503 0.450427 0.735820 0.454980 0.734833 0.457914 0.735061 0.460342 0.736503 0.463883 0.737413 0.466008 0.740373 0.466817 0.742422 0.465502 0.742573 0.464490 0.756232 0.469549 0.757446 0.471673 0.759191 0.473292 0.762302 0.473798 0.764048 0.472685 0.765186 0.470560 0.766021 0.469346 0.775885 0.469245 0.776113 0.471269 0.776113 0.472483 0.777479 0.473495 0.779300 0.474102 0.781121 0.473292 0.782487 0.471572 0.782942 0.470459 0.784004 0.469346 0.785370 0.462365 0.786129 0.455991
0 0.756991 0.438083 0.756004 0.436161 0.753121 0.433025 0.751224 0.430698 0.746367 0.425538 0.736882 0.422806 0.730281 0.422907 0.727549 0.423514 0.725045 0.425234 0.722313 0.426752 0.720340 0.431406 0.719809 0.436465 0.721554 0.437679 0.721327 0.440410 0.723072 0.441220 0.724817 0.441321 0.725576 0.440107 0.736427 0.443547 0.737110 0.445267 0.738931 0.446177 0.740904 0.445166 0.746140 0.443952 0.747126 0.442535
0 0.757446 0.437375 0.758053 0.433733 0.754487 0.429585 0.749934 0.424324 0.744015 0.421187 0.737793 0.419467 0.730129 0.420277 0.728763 0.423110 0.731646 0.423110 0.736503 0.422705 0.746367 0.425133 0.753804 0.433834 0.755625 0.436363
0 0.769663 0.439298 0.770498 0.437780 0.773912 0.437274 0.777479 0.437679 0.784384 0.439601 0.789620 0.441321 0.792807 0.445368 0.794855 0.448403 0.798422 0.452046 0.799105 0.453057 0.798573 0.456700 0.797891 0.460038 0.796904 0.461455 0.796297 0.463478 0.794704 0.463883 0.793186 0.462568 0.793110 0.461151 0.785977 0.460544 0.786584 0.452956 0.781576 0.444154 0.773533 0.441018
0 0.778010 0.417747 0.773533 0.420074 0.770877 0.422806 0.770498 0.425841 0.770801 0.427359 0.771408 0.428168 0.772319 0.427966 0.772850 0.427258 0.777175 0.428371 0.777858 0.430091 0.779072 0.429989 0.780514 0.428877 0.782866 0.427561 0.787040 0.427561 0.790151 0.428371 0.791137 0.424931 0.789847 0.421491 0.787647 0.419973 0.783246 0.418658 0.780817 0.418051
0 0.791061 0.422907 0.790909 0.420277 0.789316 0.417950 0.786508 0.415420 0.779603 0.414004 0.777630 0.415016 0.776416 0.416736 0.776113 0.418658 0.778161 0.417545 0.782031 0.418253 0.787798 0.420277 0.790075 0.421592
0 0.792731 0.444660 0.794021 0.444761 0.794400 0.446380 0.795538 0.446987 0.796601 0.445469 0.797966 0.444154 0.798953 0.441928 0.799636 0.438893 0.799939 0.436060 0.797739 0.432924 0.792958 0.429787 0.788709 0.428270 0.782942 0.427764 0.778920 0.430394 0.776872 0.429989 0.776568 0.430799 0.776113 0.431811 0.774443 0.433429 0.773153 0.434441 0.773002 0.437072 0.775202 0.437476 0.780590 0.438387 0.789316 0.441523
0 0.801153 0.440613 0.797132 0.445267 0.795386 0.447392 0.795386 0.448909 0.799408 0.453057 0.798649 0.458622 0.810714 0.462770 0.812687 0.464996 0.814508 0.465502 0.816026 0.465198 0.817392 0.462972 0.823007 0.464085 0.823690 0.465704 0.825208 0.466514 0.826725 0.466514 0.828091 0.464591 0.829685 0.458723 0.829381 0.455081 0.826801 0.452956 0.826574 0.451438 0.825284 0.450831 0.823918 0.449213 0.822400 0.446481 0.819592 0.444255 0.811473 0.441422 0.805403 0.440815
0 0.934067 0.506619 0.918860 0.500611 0.904667 0.497608 0.900612 0.498509 0.895431 0.500912 0.887771 0.506919 0.885744 0.505718 0.883265 0.505417 0.882815 0.506919 0.884617 0.510374 0.881013 0.513678 0.877521 0.518183 0.875606 0.521938 0.874592 0.527946 0.874367 0.531850 0.874367 0.535605 0.877295 0.538609 0.881576 0.541312 0.887996 0.541913 0.894642 0.545067 0.908046 0.549573 0.913453 0.552727 0.916607 0.553177 0.917508 0.551225 0.919874 0.545217 0.925844 0.542213 0.925956 0.544616 0.927646 0.545818 0.930575 0.546269 0.932828 0.544767 0.933729 0.541763 0.935982 0.535155 0.937896 0.526594 0.937896 0.518784 0.936207 0.515180 0.935080 0.511425 0.934855 0.508571
0 0.905681 0.497908 0.903766 0.491750 0.900837 0.487094 0.890362 0.482438 0.876958 0.478984 0.874029 0.479735 0.866482 0.485142 0.861413 0.488596 0.860399 0.490398 0.858146 0.495955 0.857020 0.503014 0.857358 0.505117 0.857245 0.507971 0.858034 0.509623 0.859385 0.511124 0.861188 0.511124 0.864116 0.509923 0.864454 0.507520 0.881238 0.513978 0.884504 0.510524 0.883265 0.507370 0.883265 0.505567 0.886194 0.506168 0.887771 0.507069 0.895093 0.501362 0.901626 0.497908
0 0.869974 0.482288 0.870875 0.473878 0.867946 0.469823 0.867946 0.468621 0.866369 0.467269 0.864567 0.463365 0.860512 0.459910 0.852514 0.457207 0.841813 0.455855 0.838772 0.456456 0.836632 0.457958 0.833703 0.461262 0.832239 0.463965 0.830324 0.470423 0.829986 0.472977 0.830549 0.474478 0.830437 0.476581 0.831788 0.478083 0.832915 0.478083 0.834604 0.477482 0.835506 0.476731 0.845305 0.480486 0.851050 0.482739 0.851501 0.484541 0.852852 0.485142 0.855330 0.485142 0.856457 0.484091 0.857133 0.483189 0.865693 0.483189 0.865693 0.484391 0.866707 0.484541
0 0.861638 0.460661 0.862990 0.459760 0.865581 0.459159 0.865693 0.458108 0.864116 0.455705 0.864229 0.454654 0.863666 0.453602 0.862652 0.453903 0.862089 0.451650 0.860061 0.448646 0.852514 0.446243 0.845756 0.445342 0.842039 0.448045 0.838434 0.451800 0.837420 0.453452 0.836857 0.457057 0.836857 0.457808 0.839110 0.456456 0.843052 0.456005 0.849924 0.457357 0.855781 0.458709 0.860287 0.459760
0 0.861864 0.460962 0.863328 0.460060 0.865919 0.459309 0.872227 0.459910 0.878985 0.461863 0.884392 0.463815 0.886983 0.467870 0.888334 0.470123 0.889235 0.470273 0.889686 0.471475 0.891488 0.473577 0.892727 0.475830 0.892615 0.478534 0.891376 0.480336 0.890700 0.482138 0.885406 0.480937 0.876732 0.479285 0.873353 0.480035 0.870086 0.482739 0.870650 0.473878 0.868284 0.469823 0.867946 0.468922 0.866595 0.467269 0.864342 0.463214
0 0.869523 0.459460 0.872677 0.456005 0.875155 0.454053 0.879210 0.454503 0.888560 0.457357 0.891714 0.463214 0.893290 0.462764 0.894079 0.464566 0.892051 0.464866 0.892840 0.466519 0.894192 0.467870 0.893516 0.471475 0.892277 0.474478 0.890474 0.472075 0.889348 0.471174 0.889123 0.470423 0.888222 0.470423 0.884279 0.463515 0.873916 0.460511
0 0.935418 0.509322 0.937784 0.509172 0.939361 0.509322 0.941388 0.508271 0.943641 0.497307 0.943191 0.494003 0.939924 0.485893 0.937559 0.483189 0.929223 0.480336 0.917508 0.477482 0.914129 0.479134 0.910525 0.483340 0.908272 0.484992 0.906582 0.489497 0.905794 0.494303 0.905794 0.496857 0.906132 0.497908 0.913453 0.499410 0.920212 0.501512 0.934292 0.506619
0 0.999937 0.517353 0.998284 0.522200 0.997045 0.525395 0.995888 0.528039 0.995475 0.531233 0.997871 0.531894 1.000019 0.532225
0 0.941523 0.489702 0.939457 0.485296 0.936896 0.483092 0.933839 0.481440 0.936318 0.476483 0.936318 0.475711 0.936235 0.473398 0.936566 0.472847 0.938796 0.473178 0.942184 0.471085 0.946232 0.469873 0.952760 0.470534 0.959287 0.473398 0.960856 0.477805 0.961270 0.481770 0.956395 0.486397 0.953999 0.488711 0.952925 0.491465 0.948463 0.491465
0 0.984073 0.485296 0.982999 0.483092 0.967384 0.479016 0.962426 0.482321 0.955734 0.487058 0.953586 0.489372 0.952429 0.493778 0.952346 0.496752 0.957386 0.498956 0.959039 0.498956 0.965896 0.488270 0.969780 0.483202 0.978455 0.483533
0 0.973911 0.480669 0.976968 0.476813 0.980934 0.476813 0.990848 0.479347 0.993409 0.480008 0.995310 0.482211 0.995392 0.486618 0.994814 0.487278 0.984486 0.485736 0.982834 0.483092
0 0.956973 0.511184 0.956725 0.509091 0.959369 0.499066 0.969532 0.483753 0.979612 0.483974 0.991013 0.486728 0.995475 0.487939 0.999689 0.491244 1.000102 0.515590 0.997045 0.515370 0.995558 0.519446 0.991757 0.519556 0.989278 0.520878 0.984734 0.520437
1 -0.000245 0.893552 0.012335 0.890592 -0.000245 0.934006
1 0.504440 1.000113 0.644301 0.890592 0.744942 1.000113
1 0.001975 1.001100 0.030836 0.883686 0.502220 0.722858 0.636161 0.881712 0.479279 1.000113
1 -0.000209 0.881665 0.016715 0.876508 0.055880 0.682452 -0.000209 0.695346
1 -0.000209 0.586392 0.075222 0.579300 0.057331 0.676005 -0.000209 0.687610
1 -0.000130 0.519687 0.028079 0.519055 0.031398 0.527588 0.037798 0.531697 0.051073 0.535490 0.066007 0.538335 0.082838 0.538651 0.076200 0.575630 0.000108 0.583216
1 0.089475 0.538967 0.094690 0.538335 0.106305 0.537702 0.118395 0.535490 0.114365 0.551609 0.114365 0.570257 0.084971 0.573734
1 0.098720 0.473541 0.098246 0.492505 0.108202 0.492189 0.119580 0.493137 0.134277 0.496298 0.143285 0.501671 0.148500 0.505780 0.176946 0.496298 0.198992 0.487448 0.223645 0.481443 0.273188 0.479863 0.294048 0.484287 0.316331 0.495350 0.303056 0.475754
1 0.079194 0.419275 0.079979 0.423253 0.080764 0.436860 0.080764 0.441047 0.099606 0.441257 0.103374 0.420112
1 0.104630 0.409854 0.103374 0.419275 0.078880 0.417809 0.073856 0.406923 0.070716 0.400852 0.077153 0.401690 0.083276 0.404411 0.089714 0.407133 0.097722 0.407970
1 0.049362 0.384104 0.061923 0.391431 0.069302 0.398968 0.070559 0.400015 0.076682 0.400852 0.078095 0.396875 0.084219 0.394362 0.092383 0.393106 0.105258 0.392059 0.109026 0.392478 0.109026 0.387663
1 0.109340 0.376358 0.109183 0.386826 0.046536 0.383057 0.041197 0.380545 0.018588 0.374893 0.004613 0.372171 0.000060 0.372171 0.000060 0.367147
1 0.000060 0.356051 0.000060 0.365681 0.109183 0.375521 0.109026 0.366310
1 0.000060 0.346421 0.000217 0.354795 0.109026 0.364844 0.108555 0.361076 0.097094 0.359192 0.090499 0.356261
1 0.000060 0.338675 0.000217 0.345375 0.090185 0.354795 0.092854 0.351446 0.092069 0.348934
1 0.008539 0.333023 0.000374 0.337210 0.091284 0.348305 0.092226 0.341606
1 0.089086 0.336791 0.091755 0.340560 0.009952 0.332186 0.019844 0.327999
1 0.113179 0.388292 0.113051 0.393247 0.120356 0.393760 0.128174 0.395127 0.127533 0.392222 0.129456 0.389659
1 0.027564 0.323774 0.020484 0.327912 0.088758 0.335670 0.084685 0.331274
1 0.036583 0.320283 0.028533 0.323257 0.084491 0.330369 0.078284 0.326231
1 0.036680 0.319895 0.040753 0.317050 0.087401 0.323257 0.089728 0.327395
1 0.045311 0.313817 0.042111 0.316533 0.087207 0.322352 0.085461 0.318990
1 0.047154 0.313429 0.051906 0.311490 0.084006 0.315498 0.084588 0.318084
1 0.052682 0.311102 0.055397 0.308257 0.081873 0.311748 0.083715 0.314464
1 0.853973 0.708204 1.000116 0.795340 1.000116 0.689532 0.973904 0.677563 0.965645 0.678521 0.944101 0.674691 0.918965 0.664637 0.911066 0.660806
1 0.961695 0.616281 0.936201 0.638304 0.947691 0.644050 0.964568 0.654582 0.972108 0.661285 0.974622 0.667030 0.976058 0.675648 1.000475 0.687617 1.000116 0.632559
1 0.742733 0.520443 0.765252 0.531189 0.765252 0.534982 0.762645 0.542883 0.761223 0.552997 0.739888 0.556790 0.677781 0.526132
1 0.740362 0.559319 0.771416 0.574490 0.757667 0.584920 0.753637 0.586500 0.747000 0.597563 0.743207 0.607677 0.742496 0.613366 0.742022 0.626957 0.731591 0.630749 0.645780 0.578915
1 0.577273 0.535930 0.643172 0.576070 0.736806 0.557738 0.674937 0.526132
1 0.554836 0.478041 0.549896 0.479546 0.546651 0.486321 0.544675 0.493848 0.544534 0.500810 0.523647 0.501939 0.483284 0.477665
1 0.398042 0.424036 0.421187 0.438149 0.439816 0.438901 0.438264 0.436079 0.439534 0.434197 0.439957 0.427611
1 0.360494 0.400826 0.377795 0.410944 0.391378 0.412158 0.390240 0.408920 0.386825 0.407200 0.385687 0.405278 0.385459 0.403356
1 0.345622 0.391518 0.359887 0.400017 0.385763 0.402445 0.386142 0.399713 0.386977 0.398702 0.387204 0.395869
1 0.332874 0.383222 0.345090 0.390810 0.387584 0.395160 0.388798 0.389292
1 0.321188 0.375937 0.332418 0.382412 0.388950 0.388888 0.389633 0.385954 0.387811 0.384031
1 0.377719 0.378163 0.388343 0.383627 0.391757 0.384031 0.395248 0.380996
1 0.254365 0.331570 0.256532 0.333826 0.266949 0.335377 0.266367 0.333685
1 0.257114 0.334813 0.262137 0.337633 0.267424 0.338056 0.267266 0.335870
1 0.332671 0.342920 0.332248 0.345035 0.314218 0.342497 0.315328 0.339606
1 0.314218 0.343272 0.314059 0.344471 0.331613 0.347573 0.332089 0.345387
1 0.327331 0.349406 0.331560 0.350181 0.331508 0.347855 0.321620 0.346797
1 0.323788 0.351168 0.325691 0.352296 0.336795 0.353636 0.336848 0.353001 0.332195 0.350745 0.330662 0.350604 0.329287 0.351591
1 0.328177 0.353283 0.333041 0.355821 0.336160 0.354129
1 0.301105 0.363646 0.310411 0.369004 0.317126 0.369286 0.316597 0.365550
1 0.294337 0.358430 0.300471 0.362941 0.316756 0.365056 0.316597 0.361320
1 0.286512 0.353565 0.294126 0.358077 0.317337 0.361109 0.318659 0.358148
1 0.278845 0.349265 0.285877 0.352931 0.319452 0.357795 0.320245 0.357302 0.325691 0.355821
1 0.272077 0.345105 0.278052 0.348771 0.330556 0.355328 0.324317 0.352508
1 0.307767 0.347291 0.310358 0.348701 0.315064 0.349617 0.320880 0.350534 0.322043 0.351662 0.271231 0.344541 0.267636 0.341651
1 0.994098 0.587522 0.999732 0.582044 0.999967 0.590026
1 0.990694 0.585174 0.934704 0.566080 0.929422 0.559663 0.923435 0.556533 0.945033 0.546517 0.983769 0.560446 0.986821 0.564046 0.991516 0.567332 0.999967 0.570462 0.999967 0.577349
1 0.964871 0.537753 0.946442 0.546047 0.984003 0.559820 0.986586 0.557472 0.991751 0.557629 0.999967 0.559194 0.999967 0.548551
1 0.937991 0.528049 0.962758 0.536657 0.942568 0.544639 0.934352 0.541039 0.936465 0.534935
1 0.855652 0.532909 0.842389 0.525541 0.840480 0.522192 0.814156 0.512145 0.839576 0.507456 0.875244 0.521255 0.874239 0.527953
1 0.827017 0.489639 0.811243 0.490845 0.814056 0.492184 0.814860 0.494462 0.814759 0.497007 0.838672 0.506385 0.856556 0.504241 0.857360 0.498749
1 0.790344 0.492318 0.796272 0.494462 0.801497 0.495667 0.808831 0.497275 0.814659 0.497811 0.837064 0.506519 0.811745 0.511073 0.806219 0.509198 0.804712 0.507590 0.792454 0.508126 0.789541 0.508528 0.758294 0.494596
1 0.760303 0.477046 0.780699 0.484816 0.782407 0.483343 0.788134 0.483209 0.797980 0.485486 0.808128 0.489505 0.824706 0.488567 0.790143 0.476511
1 0.757389 0.477046 0.780096 0.485754 0.780197 0.487496 0.783412 0.489773 0.786828 0.491515 0.757490 0.493390 0.726042 0.479726 0.725740 0.478118
1 0.722525 0.464052 0.718004 0.464588 0.719812 0.467133 0.722425 0.470750 0.725338 0.477180 0.754375 0.475975
1 0.726674 0.454061 0.734873 0.456918 0.734578 0.458001 0.735760 0.462532 0.722389 0.463221 0.709609 0.458100 0.712121 0.457312 0.713377 0.454554 0.713451 0.453667
1 0.657456 0.451303 0.650290 0.450909 0.652728 0.441946 0.658194 0.444212 0.656865 0.449432
1 0.663365 0.435249 0.662331 0.438203 0.658638 0.437120 0.653614 0.437021 0.654353 0.434362
1 0.546478 0.408104 0.545356 0.412840 0.528280 0.406359
1 0.519181 0.396221 0.521238 0.400210 0.509646 0.399212 0.497493 0.394227
1 0.518932 0.392066 0.518870 0.395141 0.496247 0.393313 0.492570 0.389573
1 0.515317 0.388493 0.514819 0.389739 0.519057 0.391235 0.519805 0.388742
1 0.511391 0.385086 0.514943 0.387662 0.519929 0.388078 0.520490 0.385751
1 0.489267 0.379269 0.487584 0.380183 0.489952 0.381513 0.519991 0.385086 0.511890 0.381430
1 0.496247 0.385917 0.500298 0.387579 0.504349 0.388742 0.511142 0.389241 0.515442 0.390903 0.491947 0.388908 0.488457 0.385086
1 0.488581 0.381928 0.495437 0.384504 0.487210 0.384421 0.480355 0.381097
1 0.500173 0.377607 0.509958 0.380931 0.488519 0.378688 0.484717 0.376777 0.481477 0.375447
1 0.470969 0.376535 0.474917 0.378061 0.479379 0.379052 0.484299 0.379663 0.486759 0.381265 0.477205 0.380197 0.463189 0.377222 0.457754 0.377908 0.453119 0.376306 0.450316 0.376306 0.440991 0.372721
1 0.467193 0.373103 0.471026 0.374857 0.470454 0.375925 0.441048 0.372492 0.432009 0.368449
1 0.448771 0.367839 0.450488 0.368755 0.454550 0.370128 0.459241 0.370509 0.463074 0.371577 0.430979 0.367534 0.422397 0.364330
1 0.412901 0.359982 0.422054 0.363720 0.447284 0.366771 0.447742 0.365932 0.441906 0.363568
1 0.433954 0.360516 0.438588 0.362347 0.412615 0.359296 0.410154 0.357313
1 0.427489 0.357770 0.430750 0.359296 0.408839 0.356626 0.407351 0.354795
1 0.433840 0.359754 0.429949 0.357846 0.458154 0.362652 0.465992 0.365246
1 0.437215 0.360898 0.442478 0.363568 0.474001 0.368755 0.466221 0.365780
1 0.462902 0.367534 0.464161 0.369289 0.485272 0.372645 0.473772 0.369289
1 0.465076 0.370280 0.464848 0.371196 0.466964 0.372416 0.496943 0.376840 0.485844 0.373026
1 