0 1.000009 0.533991 0.990737 0.533762 0.985929 0.537654 0.984040 0.542461 0.982323 0.544980 0.978718 0.547040 0.976657 0.552535 0.976485 0.558716 0.976485 0.563753 0.978031 0.566042 0.984556 0.567645 0.991424 0.573368 0.995545 0.576344 0.998979 0.578405 0.999665 0.578634 1.000181 0.578863
0 1.000352 0.514760 0.989363 0.516363 0.981808 0.516820 0.968931 0.516820 0.958457 0.517049 0.953649 0.517507 0.951417 0.519110 0.948154 0.521857 0.946094 0.524375 0.943862 0.528267 0.941973 0.533762 0.941801 0.536967 0.944034 0.540172 0.947296 0.543606 0.952790 0.545896 0.958113 0.549559 0.967557 0.553222 0.976485 0.556427 0.976829 0.552764 0.978374 0.547727 0.982323 0.544980 0.983182 0.543377 0.984899 0.540630 0.985757 0.537654 0.990050 0.533533 0.999665 0.533762
0 1.000181 0.503084 0.997433 0.504229 0.995545 0.506747 0.994171 0.509037 0.993484 0.512929 0.993484 0.514531 0.994171 0.515447 1.000181 0.514760
0 0.944034 0.464394 0.950558 0.461875 0.960860 0.460960 0.970648 0.463020 0.980435 0.465996 0.990737 0.469888 0.996575 0.474009 1.000352 0.479046 1.000009 0.502855 0.995716 0.505831 0.994171 0.507434 0.993141 0.502855 0.990565 0.500108 0.985414 0.497361 0.972880 0.490951 0.967557 0.488890 0.961376 0.481793 0.959143 0.479046 0.958800 0.473551 0.955881 0.469888 0.946094 0.465996
0 0.870029 0.492324 0.865050 0.491637 0.861444 0.490035 0.857323 0.484769 0.854061 0.482480 0.848910 0.479961 0.844789 0.475612 0.841527 0.472864 0.842042 0.464394 0.842729 0.460960 0.845819 0.457526 0.847193 0.456152 0.857495 0.453863 0.870201 0.454778 0.876726 0.452489 0.884968 0.448826 0.891836 0.446994 0.902825 0.446766 0.913985 0.449742 0.925661 0.454320 0.930641 0.454778 0.930641 0.457297 0.935105 0.459128 0.941115 0.462562 0.944377 0.464394 0.950730 0.467599 0.955023 0.469201 0.957083 0.471262 0.958628 0.473551 0.958628 0.477214 0.958628 0.479046 0.957255 0.478130 0.952962 0.475154 0.945922 0.470117 0.937165 0.466225 0.925146 0.462562 0.912097 0.458441 0.895957 0.456152 0.885654 0.456152 0.881534 0.457068 0.877584 0.460044 0.871746 0.464165 0.870545 0.466225 0.868312 0.471720 0.867797 0.476527 0.867454 0.483853 0.868484 0.488432 0.869514 0.490951
0 0.992969 0.515676 0.993484 0.510868 0.993484 0.506289 0.992454 0.503084 0.989535 0.500108 0.981121 0.495529 0.968587 0.489348 0.962578 0.483167 0.958457 0.479046 0.952447 0.474696 0.944377 0.469201 0.928752 0.463478 0.911410 0.458441 0.895098 0.455923 0.884968 0.456152 0.879473 0.457983 0.877069 0.460502 0.873292 0.462791 0.871231 0.465081 0.869343 0.469430 0.867797 0.472635 0.867454 0.478130 0.867626 0.482251 0.867969 0.486143 0.869343 0.490035 0.871060 0.492782 0.874665 0.495071 0.876554 0.498277 0.880847 0.502855 0.884968 0.503084 0.889775 0.506518 0.892179 0.510410 0.896815 0.513386 0.901279 0.514760 0.906087 0.514760 0.909006 0.513386 0.911925 0.511326 0.950215 0.518423 0.953649 0.517736 0.966012 0.516592 0.984727 0.516592
0 0.906946 0.444247 0.913814 0.443331 0.920854 0.445163 0.930297 0.449742 0.936135 0.453634 0.941801 0.459586 0.948326 0.462333 0.945064 0.463478 0.943690 0.464394 0.938539 0.461646 0.930297 0.457526 0.930126 0.454320 0.925833 0.454320 0.918621 0.448139 0.909693 0.444705
0 0.924631 0.453634 0.918621 0.448139 0.906946 0.443789 0.894926 0.439668 0.877756 0.436463 0.868828 0.438295 0.863161 0.441042 0.857323 0.442645 0.854061 0.443331 0.846506 0.444247 0.841355 0.444247 0.836891 0.445163 0.834143 0.446994 0.832083 0.448368 0.829851 0.449742 0.828649 0.452489 0.828306 0.455236 0.827447 0.458670 0.827962 0.460731 0.829679 0.462791 0.834143 0.466683 0.835517 0.469659 0.837062 0.472178 0.839810 0.474467 0.843244 0.475383 0.840496 0.472407 0.841183 0.468515 0.842729 0.461189 0.847365 0.455694 0.856121 0.454320 0.870373 0.454320 0.882220 0.449742 0.891149 0.446766 0.904027 0.446994 0.915359 0.450200
0 0.871060 0.437837 0.868484 0.433258 0.868656 0.430511 0.866939 0.429595 0.861273 0.426161 0.858525 0.424101 0.856293 0.424788 0.852172 0.423185 0.840325 0.420438 0.833457 0.419064 0.827275 0.419522 0.821094 0.421353 0.816458 0.423185 0.811994 0.424559 0.806499 0.424788 0.803409 0.425016 0.799116 0.425016 0.796025 0.426619 0.793621 0.428451 0.791904 0.434174 0.791218 0.437150 0.791389 0.439668 0.794308 0.442187 0.797914 0.444934 0.802722 0.448826 0.805126 0.449971 0.809418 0.452489 0.814398 0.454092 0.818347 0.453405 0.820064 0.451573 0.828477 0.453405 0.829679 0.449284 0.836032 0.445392 0.842385 0.444705 0.849768 0.443560 0.855606 0.442645 0.865565 0.439668
0 0.999876 0.635853 0.985699 0.629418 0.963076 0.622983 0.959456 0.616548 0.953423 0.613733 0.917528 0.605287 0.882839 0.597243 0.844833 0.589602 0.819796 0.585580 0.801095 0.587189 0.786013 0.585982 0.779980 0.585982 0.771835 0.588797 0.754340 0.597646 0.739560 0.608102 0.728701 0.615342 0.717842 0.614135 0.696124 0.613331 0.671389 0.612124 0.666261 0.611320 0.662340 0.611722 0.653894 0.613733 0.644241 0.619364 0.630969 0.636658 0.626143 0.662800 0.622825 0.680496 0.624936 0.702617 0.629461 0.715889 0.634589 0.728357 0.641527 0.739216 0.649973 0.748868 0.655402 0.752086 0.655704 0.762945 0.657212 0.771793 0.661133 0.780641 0.665356 0.786272 0.671691 0.791500 0.678930 0.793109 0.687376 0.795924 0.697330 0.796326 0.707284 0.791500 0.714222 0.785065 0.718445 0.781848 0.891889 0.826490 0.894302 0.836947 0.899731 0.847002 0.903653 0.853839 0.911797 0.862285 0.926577 0.868720 0.942263 0.871133 0.957043 0.868318 0.969712 0.861883 0.974840 0.854644 0.986905 0.855046 0.999876 0.850220
0 0.351916 0.552866 0.339764 0.554188 0.326619 0.554519 0.304793 0.556503 0.285448 0.560471 0.276520 0.564109 0.264615 0.569400 0.252710 0.577998 0.241053 0.589903 0.235597 0.598170 0.233861 0.607098 0.231877 0.612389 0.230637 0.619665 0.232869 0.633553 0.232869 0.640167 0.233613 0.646120 0.237829 0.653725 0.247750 0.660009 0.250726 0.666953 0.257918 0.679188 0.262879 0.684479 0.268583 0.687456 0.276520 0.689440 0.283712 0.689109 0.288424 0.683818 0.294129 0.678527 0.436738 0.724823 0.439218 0.733091 0.442194 0.740366 0.444178 0.743673 0.447403 0.747971 0.452859 0.752270 0.459803 0.754255 0.469228 0.756239 0.476916 0.754255 0.483365 0.748633 0.489813 0.737389 0.510647 0.738382 0.527512 0.736728 0.542393 0.731437 0.550081 0.726146 0.555786 0.716556 0.559010 0.705974 0.561242 0.694400 0.563474 0.678196 0.565954 0.658024 0.564962 0.645458 0.561986 0.641490 0.561986 0.625617 0.560498 0.618673 0.556530 0.612059 0.550329 0.608421 0.538176 0.603792 0.532472 0.600485 0.516599 0.589903 0.503454 0.580313 0.482869 0.565762 0.467244 0.559149 0.447403 0.551543 0.434258 0.546252 0.414168 0.541953 0.398047 0.540961 0.387631 0.541953 0.371758 0.545591
0 0.334599 0.554403 0.332072 0.548787 0.332914 0.545418 0.330387 0.533064 0.331019 0.530537 0.331651 0.527168 0.337547 0.519587 0.344707 0.512848 0.360711 0.503021 0.368081 0.499371 0.380084 0.496002 0.395246 0.493756 0.410197 0.492071 0.418199 0.491510 0.428939 0.488140 0.444311 0.482806 0.460947 0.479156 0.478004 0.479717 0.494639 0.482806 0.508116 0.487017 0.530859 0.499652 0.539914 0.507233 0.544968 0.511445 0.567289 0.522956 0.568553 0.527449 0.569185 0.536153 0.569395 0.540926 0.571290 0.543733 0.572133 0.548787 0.572133 0.555526 0.571290 0.564511 0.569185 0.574057 0.567289 0.580234 0.564762 0.589219 0.562867 0.592588 0.559287 0.597923 0.554023 0.600450 0.544547 0.602696 0.537598 0.601853 0.528122 0.597080 0.512539 0.586411 0.492112 0.572372 0.482847 0.565634 0.458420 0.556087 0.445364 0.550753 0.420937 0.544014 0.406828 0.542049 0.391666 0.541487 0.376083 0.544576 0.354604 0.552157 0.344917 0.553280
0 0.745122 0.603775 0.664253 0.585723 0.660228 0.588895 0.654922 0.590358 0.647421 0.590114 0.640834 0.587187 0.637358 0.581576 0.633698 0.574257 0.625282 0.569135 0.619061 0.564987 0.614670 0.557913 0.613389 0.546203 0.615036 0.536689 0.615768 0.529859 0.619793 0.521076 0.622721 0.515466 0.635528 0.511318 0.648701 0.510343 0.660594 0.510343 0.673584 0.511074 0.686392 0.512782 0.695357 0.510830 0.707249 0.506195 0.719508 0.502536 0.733413 0.503268 0.746586 0.504488 0.765248 0.507903 0.780434 0.511318 0.791046 0.514002 0.799828 0.516197 0.812087 0.523516 0.820503 0.527175 0.829285 0.532542 0.834957 0.540104 0.841178 0.548399 0.846118 0.555229 0.848130 0.559133 0.852522 0.567915 0.853985 0.572062 0.853985 0.579624 0.853253 0.585723 0.851973 0.590602 0.831298 0.587431 0.819405 0.585479 0.800560 0.587187 0.781532 0.586455 0.768908 0.590114 0.755917 0.596457
0 0.686430 0.379812 0.691813 0.375435 0.697590 0.374560 0.708882 0.375960 0.718336 0.377886 0.722407 0.380162 0.726608 0.384014 0.726608 0.390666 0.727396 0.398194 0.725295 0.401696 0.720700 0.403971 0.714791 0.405372 0.710064 0.406598 0.704943 0.405197 0.701661 0.401871 0.693520 0.399770 0.683672 0.396969 0.679471 0.396093 0.673825 0.395568 0.671199 0.392767 0.667916 0.388565 0.668573 0.384364 0.671067 0.380862
0 0.666340 0.487305 0.662927 0.489581 0.659513 0.491507 0.651109 0.490106 0.645726 0.486780 0.640736 0.483628 0.632333 0.479077 0.629707 0.475400 0.629576 0.467872 0.630101 0.457193 0.633777 0.451941 0.636272 0.448964 0.646251 0.447389 0.662795 0.446689 0.677370 0.439686 0.683016 0.438460 0.696015 0.437235 0.705600 0.438285 0.719518 0.441261 0.730941 0.446689 0.737900 0.450365 0.745778 0.455442 0.751950 0.462795 0.757727 0.466647 0.761403 0.469623 0.762716 0.473299 0.763110 0.479077 0.762848 0.485029 0.763504 0.489056 0.762848 0.493607 0.761272 0.498334 0.756939 0.499735 0.750768 0.499210 0.746041 0.499910 0.739476 0.503586 0.730416 0.503586 0.727265 0.502711 0.725164 0.500610
0 0.731729 0.447564 0.732123 0.438810 0.728578 0.428306 0.720306 0.424280 0.720306 0.420953 0.723720 0.420078 0.724376 0.415701 0.722800 0.411850 0.710458 0.408873 0.693257 0.405197 0.683147 0.404147 0.678420 0.404672 0.676713 0.407123 0.676582 0.410274 0.678814 0.413250 0.682622 0.414826 0.676976 0.414476 0.673168 0.416752 0.666472 0.418677 0.659907 0.421128 0.653998 0.422179 0.648221 0.422179 0.641787 0.423229 0.636535 0.423929 0.633646 0.426731 0.632990 0.429182 0.631939 0.435484 0.631808 0.440561 0.634565 0.445463 0.638898 0.446689 0.642969 0.448089 0.653210 0.447039 0.662270 0.446864 0.676976 0.439861 0.692732 0.437235 0.704287 0.438285 0.719912 0.441436
0 0.635616 0.424105 0.633515 0.420778 0.632070 0.410974 0.632990 0.405022 0.634696 0.395393 0.638373 0.393292 0.647695 0.393292 0.657806 0.395918 0.671067 0.398894 0.681309 0.403621 0.677501 0.405022 0.676713 0.407648 0.676319 0.410974 0.679077 0.413425 0.680915 0.414476 0.676582 0.415176 0.674219 0.416577 0.667128 0.417802 0.660038 0.420078 0.651766 0.421829 0.646382 0.422529 0.642312 0.422879
0 0.679602 0.403271 0.671986 0.396093 0.662270 0.389266 0.651766 0.386464 0.642969 0.385939 0.636929 0.385939 0.633777 0.388740 0.631808 0.392767 0.629970 0.397494 0.630495 0.402571 0.630232 0.405547 0.631808 0.406773 0.632333 0.405547 0.634434 0.395568 0.636535 0.393292 0.642837 0.392942 0.650715 0.393467 0.660038 0.395568 0.671724 0.398719
0 0.679865 0.403271 0.685904 0.403971 0.683541 0.401170 0.678683 0.398544 0.674744 0.394868 0.666472 0.387340 0.660694 0.383488 0.655180 0.380862 0.644282 0.378761 0.637585 0.378061 0.632858 0.379462 0.631020 0.384014 0.631020 0.390491 0.630232 0.393993 0.631808 0.393292 0.634434 0.387690 0.638110 0.385764 0.642837 0.385764 0.652816 0.387690 0.660169 0.388390 0.664108 0.390666 0.670673 0.395568 0.673562 0.398369
0 -0.000033 0.359119 0.005634 0.358890 0.021259 0.359806 0.031046 0.362782 0.036025 0.366445 0.045812 0.374687 0.051478 0.379265 0.061952 0.383157 0.064871 0.388423 0.067275 0.395062 0.067447 0.398496 0.068992 0.400557 0.061437 0.402159 0.055943 0.405135 0.053195 0.406738 0.050277 0.414064 0.048903 0.420474 0.047186 0.417040 0.044610 0.416124 0.037055 0.418872 0.030187 0.419558 0.021774 0.419787 0.016623 0.420016 0.014391 0.425053 0.010613 0.427342 0.005119 0.428487 -0.000033 0.428716
0 0.069164 0.400786 0.062467 0.402617 0.054913 0.405593 0.052852 0.407883 0.050620 0.414064 0.049246 0.417956 0.049075 0.421390 0.049590 0.425053 0.051135 0.430547 0.052852 0.432837 0.055599 0.435813 0.059205 0.437416 0.059377 0.440621 0.061266 0.445428 0.062467 0.447031 0.067447 0.447031 0.070538 0.447031 0.073113 0.444971 0.074487 0.440621 0.131492 0.456417 0.133724 0.460996 0.136643 0.465346 0.138875 0.468780 0.142825 0.470383 0.149006 0.470841 0.153299 0.469009 0.156217 0.466720 0.157419 0.462370 0.170641 0.461683 0.184033 0.460996 0.193649 0.458020 0.202062 0.454815 0.210991 0.451610 0.216485 0.448405 0.217687 0.445199 0.219061 0.437187 0.218202 0.432150 0.216657 0.425053 0.213738 0.417956 0.210476 0.413835 0.201204 0.409485 0.188841 0.399412 0.179226 0.392086 0.169954 0.387278 0.153127 0.382928 0.149006 0.382471 0.140764 0.382471 0.123594 0.384073 0.112261 0.386362 0.104706 0.387507 0.096121 0.391170 0.089768 0.394833 0.085476 0.397580 0.079466 0.399412 0.070022 0.400099
0 0.098697 0.385676 0.095606 0.384531 0.094919 0.373313 0.099212 0.366903 0.105222 0.363240 0.114665 0.358432 0.125139 0.352938 0.135270 0.350877 0.155359 0.351335 0.172358 0.352480 0.176994 0.354540 0.189700 0.363698 0.192962 0.365529 0.192790 0.369879 0.194851 0.373771 0.196568 0.378121 0.197426 0.381784 0.197598 0.386591 0.197255 0.390941 0.196224 0.393002 0.193649 0.395520 0.192790 0.396436 0.190558 0.398267 0.187639 0.399412 0.183003 0.395520 0.170641 0.386820 0.156217 0.383844 0.149521 0.382928 0.135441 0.382928 0.119130 0.384760 0.108141 0.386820 0.100929 0.388881 0.099899 0.387507
0 0.207794 0.362082 0.207622 0.363685 0.207622 0.364829 0.204531 0.369179 0.202643 0.371926 0.201097 0.372155 0.199724 0.373300 0.197835 0.373300 0.196633 0.375132 0.196976 0.379023 0.197320 0.380855 0.197663 0.388410 0.196976 0.392073 0.195946 0.394133 0.196290 0.398483 0.196633 0.401459 0.198522 0.403291 0.202643 0.406038 0.203158 0.409472 0.204188 0.411075 0.207450 0.412448 0.210198 0.413822 0.211056 0.415653 0.212773 0.417943 0.214318 0.418630 0.218439 0.415196 0.219813 0.411533 0.259648 0.422064 0.260850 0.424811 0.261880 0.427787 0.265143 0.431450 0.271839 0.432137 0.275616 0.431450 0.279051 0.428016 0.279051 0.426185 0.288666 0.426643 0.296564 0.425269 0.305493 0.422522 0.310472 0.420003 0.311674 0.416340 0.311331 0.412677 0.311846 0.407183 0.310987 0.403978 0.310816 0.398941 0.309614 0.395049 0.307382 0.393218 0.301544 0.388639 0.290040 0.385205 0.284202 0.378566 0.273384 0.369408 0.267718 0.365516 0.258103 0.362082 0.244710 0.360251 0.235095 0.359106 0.230115 0.359106 0.224621 0.360022 0.216035 0.360937
0 0.247114 0.360022 0.249689 0.357961 0.258961 0.356817 0.269607 0.356588 0.282828 0.358190 0.296564 0.361853 0.304119 0.367119 0.315108 0.378795 0.324724 0.383602 0.333652 0.389326 0.334854 0.393904 0.336056 0.397796 0.336228 0.402375 0.335026 0.408327 0.330046 0.411075 0.321976 0.412677 0.311674 0.412906 0.311674 0.406954 0.311159 0.402833 0.310301 0.397110 0.309099 0.394820 0.301372 0.388181 0.289868 0.385205 0.281626 0.376276 0.271496 0.368263 0.265143 0.364829 0.258274 0.362311
0 0.216035 0.337357 0.212945 0.341936 0.210198 0.342851 0.209167 0.344912 0.208652 0.348575 0.207794 0.350864 0.206763 0.352925 0.206763 0.356588 0.207965 0.362311 0.225823 0.359793 0.229600 0.359106 0.246427 0.360937 0.250204 0.357503 0.262910 0.356588 0.269092 0.356130 0.281798 0.357503 0.273899 0.352925 0.267546 0.350406 0.263082 0.345599 0.258103 0.341020 0.252093 0.338273 0.241619 0.336670 0.233206 0.335525 0.227883 0.335525 0.221530 0.335525
0 0.259476 0.341478 0.263082 0.338730 0.268233 0.334381 0.277505 0.332549 0.284373 0.332320 0.287121 0.331862 0.300513 0.334381 0.308412 0.336670 0.314421 0.340104 0.319916 0.347659 0.321290 0.356130 0.314593 0.356817 0.309957 0.357732 0.306008 0.359106 0.297251 0.362311 0.281283 0.357503 0.276303 0.353840 0.267718 0.350864 0.259476 0.341478
0 0.298029 0.362557 0.304029 0.359996 0.311350 0.357756 0.321070 0.356796 0.328271 0.357596 0.336311 0.359356 0.343872 0.360797 0.347832 0.363357 0.352993 0.367837 0.359233 0.373917 0.367393 0.377598 0.375194 0.381278 0.379034 0.385438 0.380714 0.390238 0.381314 0.395039 0.380834 0.399199 0.379754 0.401119 0.376034 0.403039 0.370634 0.404319 0.364273 0.404959 0.359593 0.405599 0.356833 0.407520 0.355273 0.408320 0.352392 0.408320 0.347712 0.407520 0.345552 0.406719 0.343032 0.401759 0.336191 0.400479 0.334511 0.392959 0.333671 0.390238 0.327671 0.386078 0.320350 0.381598 0.315550 0.379198 0.310510 0.373757 0.305469 0.367517
0 0.310750 0.337275 0.317590 0.332475 0.325511 0.328634 0.337272 0.327674 0.346752 0.329435 0.355273 0.330715 0.364033 0.332955 0.365593 0.336475 0.367153 0.341755 0.367993 0.347996 0.362713 0.347036 0.355393 0.346076 0.346752 0.345436 0.339072 0.344795 0.335951 0.344955 0.334751 0.347196 0.333191 0.348956 0.331271 0.353116 0.328991 0.357596 0.321311 0.356476 0.319990 0.347996 0.314830 0.340315
0 0.329111 0.357596 0.333311 0.349276 0.335831 0.345276 0.343752 0.345436 0.353473 0.345436 0.363553 0.346716 0.370754 0.348796 0.377714 0.352476 0.383474 0.357756 0.390555 0.364637 0.395235 0.366877 0.398715 0.370557 0.400996 0.372957 0.401836 0.377598 0.402916 0.382718 0.402196 0.386398 0.398835 0.388318 0.394755 0.388958 0.390075 0.389598 0.385635 0.389598 0.384075 0.390558 0.382154 0.391198 0.381074 0.391358 0.379394 0.386078 0.376634 0.382078 0.370034 0.379038 0.359713 0.374077 0.350592 0.365277 0.343872 0.360797 0.338352 0.359196
0 0.374834 0.350396 0.376274 0.347836 0.385755 0.345596 0.385875 0.344635 0.391875 0.343675 0.393195 0.343195 0.395715 0.343995 0.402556 0.344795 0.410116 0.345756 0.418877 0.350716 0.426197 0.356956 0.430878 0.359676 0.436518 0.362237 0.439038 0.365277 0.440238 0.368797 0.439758 0.374237 0.440598 0.376478 0.438918 0.378718 0.427877 0.381118 0.425477 0.382078 0.418277 0.382078 0.414796 0.379358 0.412036 0.377438 0.401476 0.375517 0.400396 0.372317 0.396315 0.367197 0.392715 0.365437 0.390435 0.364157 0.382994 0.357596 0.377594 0.351996
0 0.279068 0.326874 0.278108 0.318714 0.279188 0.315834 0.288668 0.310713 0.291549 0.310553 0.294429 0.304953 0.296109 0.303193 0.301269 0.302233 0.305229 0.303353 0.306910 0.305113 0.306310 0.309433 0.305589 0.312153 0.305349 0.315994 0.306910 0.318554 0.311710 0.318554 0.313750 0.319194 0.312430 0.323194 0.310390 0.326874 0.309550 0.329595 0.308350 0.333275 0.305950 0.333915 0.289988 0.331195 0.287108 0.329755 0.279788 0.328154
0 0.130268 0.303656 0.129891 0.295631 0.125753 0.291785 0.120988 0.288943 0.113589 0.287103 0.108197 0.286769 0.103181 0.286936 0.098165 0.288274 0.094528 0.289611 0.090641 0.292287 0.088258 0.294293 0.088007 0.296467 0.089888 0.303155 0.092146 0.303489 0.093650 0.301984 0.108197 0.304660 0.112962 0.304994 0.119483 0.305161 0.124750 0.305328 0.126882 0.305328 0.129264 0.304492
0 0.213409 0.317701 0.208016 0.319373 0.204129 0.320377 0.202373 0.321714 0.201495 0.324055 0.201370 0.326563 0.201245 0.328235 0.202499 0.330910 0.203000 0.332917 0.204004 0.334923 0.207891 0.337431 0.211653 0.337598 0.214286 0.335926 0.218048 0.336094 0.222939 0.335592 0.227830 0.335759 0.236984 0.336428 0.244508 0.337598 0.253161 0.338936 0.256170 0.340441 0.257801 0.341444 0.259682 0.340775 0.261061 0.338602 0.263068 0.337431 0.264447 0.335926 0.265074 0.331245 0.264823 0.326061 0.262817 0.320042 0.260058 0.316029 0.251029 0.312518 0.242126 0.311348 0.233849 0.310679 0.223692 0.311682 0.219302 0.314357
0 0.137039 0.307669 0.142306 0.306164 0.156100 0.306666 0.166258 0.308672 0.172904 0.311682 0.178045 0.316364 0.182434 0.321045 0.188078 0.323052 0.193971 0.325894 0.195100 0.328737 0.194975 0.334254 0.195476 0.337933 0.195978 0.339772 0.192467 0.342614 0.190962 0.343952 0.187325 0.344454 0.185820 0.343116 0.183939 0.341778 0.177544 0.342614 0.175788 0.342949 0.172152 0.343785 0.169267 0.344119 0.167386 0.343283 0.168891 0.340608 0.168891 0.332081 0.167386 0.328068 0.162496 0.324055 0.154219 0.319039 0.145316 0.312184 0.136788 0.308171
0 0.098666 0.314692 0.101801 0.314023 0.105187 0.307335 0.111332 0.304994 0.128512 0.306499 0.138795 0.309676 0.148325 0.315695 0.155097 0.319206 0.161367 0.324557 0.166383 0.327065 0.169142 0.330074 0.169518 0.337264 0.168640 0.343116 0.166007 0.343785 0.164878 0.345457 0.163123 0.346460 0.159611 0.346627 0.158608 0.344955 0.156853 0.343785 0.151210 0.344955 0.148952 0.345457 0.145943 0.347129 0.144313 0.347463 0.138168 0.346794 0.135284 0.344454 0.133528 0.341778 0.112962 0.338434 0.111583 0.340942 0.108197 0.341778 0.105062 0.340608 0.102679 0.338769 0.101300 0.335592 0.097914 0.332415 0.097663 0.329238 0.097663 0.324557
0 0.101890 0.313905 0.101890 0.308128 0.095588 0.306027 0.079832 0.303051 0.066176 0.302526 0.056985 0.303401 0.053177 0.305502 0.054622 0.306553 0.060005 0.306903 0.066045 0.310404 0.073135 0.314781 0.077993 0.319858 0.083246 0.324935 0.090861 0.328611 0.095063 0.331763 0.096770 0.334214 0.098739 0.333688 0.098214 0.332463 0.097820 0.328611 0.098345 0.314431
0 0.026260 0.286595 0.027311 0.283793 0.028361 0.279417 0.026785 0.275040 0.023240 0.271188 0.018907 0.266111 0.011029 0.264886 0.002101 0.264536 -0.000000 0.264186 0.000262 0.280642 0.006040 0.283793 0.010504 0.284494 0.013130 0.283268 0.018776 0.284144 0.021665 0.284844 0.025210 0.286595
0 0.000131 0.291321 0.014312 0.292197 0.027836 0.293422 0.043067 0.296574 0.053571 0.306202 0.043461 0.305152 0.029543 0.304102 0.020483 0.303226 0.014968 0.304977 0.010504 0.309704 0.008403 0.313205 0.008403 0.317232 0.009585 0.322134 0.009454 0.325985 0.003676 0.325810 0.003151 0.327736 0.000919 0.327736 -0.000000 0.327736
0 0.015625 0.340166 0.013655 0.334389 0.011423 0.332813 0.009585 0.326511 0.009716 0.322309 0.008403 0.317757 0.008403 0.313205 0.011029 0.309529 0.013787 0.304977 0.020614 0.302701 0.038340 0.304452 0.053571 0.305677 0.060268 0.307253 0.068934 0.312155 0.074448 0.316006 0.082589 0.324585 0.091124 0.328962 0.094800 0.332113 0.097295 0.335264 0.097426 0.340166 0.098083 0.344018 0.096638 0.348044 0.095719 0.348569 0.094669 0.351020 0.092962 0.351896 0.090336 0.353121 0.087710 0.350670 0.085609 0.347519 0.071822 0.348394 0.068014 0.349095 0.068277 0.351370 0.065782 0.352421 0.062237 0.352946 0.056854 0.352421 0.055147 0.350495 0.053440 0.346644 0.028361 0.340516 0.026392 0.342792 0.023634 0.344543 0.019039 0.344718 0.016281 0.342267
0 0.515055 0.416818 0.504859 0.417185 0.495765 0.418104 0.487085 0.420859 0.482675 0.424350 0.479920 0.430045 0.480057 0.436659 0.480471 0.443273 0.485569 0.447682 0.490116 0.449335 0.491632 0.452458 0.495214 0.455949 0.499899 0.457602 0.504170 0.457970 0.507890 0.455030 0.510095 0.452091 0.562178 0.462379 0.563281 0.465870 0.565485 0.468809 0.567828 0.471381 0.572650 0.473586 0.578713 0.473402 0.580779 0.471197 0.583397 0.468993 0.585878 0.465135 0.592491 0.464951 0.598692 0.464400 0.602274 0.462379 0.604617 0.458154 0.605030 0.451356 0.603790 0.442538 0.603101 0.433536 0.601310 0.419573 0.596487 0.416083 0.586842 0.414062 0.572650 0.410939 0.561076 0.408918 0.547160 0.407632 0.537101 0.407999 0.530763 0.409285 0.523322 0.413694
0 0.494938 0.417552 0.496316 0.416083 0.497556 0.410755 0.499623 0.407081 0.506237 0.404692 0.524149 0.402488 0.530487 0.400467 0.539857 0.394221 0.552258 0.392567 0.569894 0.393302 0.583673 0.398079 0.594696 0.400467 0.597038 0.402855 0.597589 0.406530 0.598278 0.414613 0.597589 0.417552 0.594145 0.415532 0.577886 0.412225 0.563005 0.409285 0.542750 0.407999 0.530763 0.409653 0.522771 0.413511 0.515055 0.416450 0.503068 0.416818 0.497832 0.417185
0 0.514918 0.403590 0.515331 0.399732 0.517949 0.397711 0.519327 0.393118 0.523460 0.391281 0.531727 0.389628 0.538755 0.389444 0.549089 0.385953 0.555151 0.383749 0.565485 0.384116 0.575406 0.386321 0.583673 0.389628 0.591802 0.398813 0.581468 0.397711 0.569894 0.393669 0.556116 0.392567 0.545644 0.393302 0.538617 0.394772 0.532968 0.399181 0.526354 0.401569 0.519602 0.402120
0 0.560800 0.383933 0.569205 0.379340 0.582709 0.378054 0.593869 0.380442 0.602963 0.386688 0.607372 0.390546 0.612333 0.394588 0.612333 0.403039 0.610541 0.408550 0.607372 0.411306 0.602412 0.415532 0.597589 0.414613 0.597452 0.405244 0.596625 0.402120 0.590425 0.396976 0.583397 0.389811 0.574028 0.386505 0.568241 0.384484
0 0.540684 0.388709 0.540684 0.382279 0.543715 0.380074 0.553911 0.378605 0.562729 0.378605 0.570997 0.375665 0.578988 0.373644 0.591665 0.375298 0.603790 0.377870 0.610128 0.381912 0.611781 0.388709 0.611093 0.393302 0.604617 0.388342 0.594420 0.380993 0.582846 0.378605 0.568654 0.379891 0.561489 0.383565 0.554600 0.383014 0.548400 0.386321
1 0.000599 0.874388 0.072027 0.901769 0.143902 0.933912 0.218456 0.969626 0.283634 1.000579 0.000152 0.999983
1 0.018456 0.860103 0.325599 0.999983 0.446134 0.999983 0.455956 0.982722 0.478277 0.955341 0.505956 0.938674 0.540331 0.930936 0.572474 0.933912 0.585420 0.807126 0.216670 0.683317
1 0.605410 0.813576 0.586552 0.941860 0.608489 0.953662 0.630040 0.971622 0.643125 0.986503 0.653132 0.999844 0.999883 0.999844 0.999883 0.943399 0.881734 0.897217 0.764354 0.861297 0.676608 0.835127
1 0.601984 0.661442 0.625049 0.665741 0.631250 0.635318 0.642658 0.619114 0.658779 0.612170 0.670932 0.611508 0.691517 0.612500 0.606696 0.590344
1 0.602232 0.559590 0.590327 0.556945 0.580654 0.553638 0.572470 0.547024 0.571726 0.560913 0.568750 0.578109 0.600992 0.585384
1 0.510218 0.487500 0.522123 0.494775 0.531795 0.500066 0.543948 0.510318 0.567013 0.522223 0.572222 0.518585 0.580654 0.516601 0.589583 0.516601 0.600496 0.518585 0.605704 0.519908 0.605456 0.506680
1 0.609672 0.508334 0.608928 0.520900 0.617609 0.524868 0.622321 0.515609 0.630257 0.512633
1 0.707162 0.506162 0.692052 0.511657 0.681578 0.511886 0.660630 0.510512 0.644146 0.510741 0.633157 0.511657 0.609977 0.506391 0.610493 0.491282 0.618391 0.493342 0.624572 0.493342 0.630238 0.492426 0.633501 0.491510 0.635733 0.489679
1 0.482666 0.457349 0.578421 0.477190 0.579554 0.479562 0.582303 0.482366 0.587479 0.484954 0.592332 0.486464 0.599934 0.488405 0.604948 0.490561 0.604301 0.504795 0.465682 0.475680
1 0.809463 0.455918 0.817879 0.463237 0.832699 0.465920 0.827759 0.460797 0.826479 0.458358
1 0.916862 0.533494 0.942477 0.538861 0.941196 0.536178 0.942294 0.532031 0.944855 0.525200 0.888320 0.512758
1 0.000018 0.437461 0.004645 0.438913 0.000018 0.440727
1 0.000018 0.496622 0.050105 0.510777 0.000290 0.529650
1 0.010906 0.440364 0.000018 0.442542 0.000018 0.492266 0.054460 0.508599 0.149735 0.477022
1 0.066353 0.390878 0.067512 0.394550 0.067657 0.398028 0.069107 0.399574 0.071571 0.399768 0.078093 0.399188 0.084906 0.397449 0.087805 0.395516
1 0.216338 0.423509 0.217497 0.428147 0.219092 0.437230 0.217352 0.447473 0.215468 0.449986 0.222570 0.452111 0.273591 0.435878
1 0.454003 0.375640 0.441405 0.380502 0.438311 0.379470 0.440521 0.376818 0.440411 0.374019 0.440300 0.373282
1 0.403061 0.381091 0.403393 0.383449 0.402619 0.385511 0.401404 0.387574 0.413227 0.389637 0.425051 0.385217
1 0.381292 0.394057 0.381403 0.396414 0.380850 0.399950 0.391458 0.395825
1 0.000020 0.341758 0.000146 0.355803 0.005287 0.357308 0.066859 0.356472
1 0.097959 0.340420 0.098711 0.343096 0.097833 0.345604 0.096705 0.348613 0.096454 0.349282 0.113383 0.352459 0.141097 0.349616
1 0.195764 0.337565 0.196356 0.339804 0.193492 0.342569 0.208603 0.345071 0.209690 0.342437 0.212455 0.341779 0.213344 0.340462