0 0.000080 0.447177 0.015352 0.450701 0.059995 0.473414 0.065869 0.490645 0.063813 0.507876 0.056177 0.529414 0.054415 0.536854 0.028275 0.539987 0.008891 0.555651 -0.001976 0.563875 0.000080 0.448743
0 0.562118 0.536237 0.555679 0.542533 0.551816 0.564854 0.549241 0.579163 0.551816 0.584886 0.552245 0.603774 0.553104 0.611786 0.556967 0.615220 0.564694 0.613503 0.611912 0.741136 0.612342 0.761168 0.615346 0.784634 0.622644 0.797226 0.631229 0.803522 0.639385 0.803522 0.642390 0.800660 0.663423 0.830994 0.684886 0.853316 0.707208 0.862473 0.728670 0.864190 0.764299 0.864763 0.785762 0.857894 0.804220 0.844730 0.816239 0.821837 0.817098 0.814396 0.815381 0.798371 0.818815 0.784634 0.818815 0.770898 0.811947 0.754872 0.798640 0.728545 0.784903 0.697638 0.763011 0.651278 0.734680 0.604918 0.705920 0.570578 0.696047 0.560275 0.672438 0.552835 0.652263 0.548828 0.641960 0.541960 0.630800 0.536809 0.614917 0.531086 0.594742 0.527652 0.579289 0.528796 0.562118 0.536237
0 1.000018 0.573052 0.972505 0.562497 0.958360 0.559037 0.946680 0.555922 0.935000 0.554019 0.922022 0.553154 0.909823 0.554538 0.907228 0.555922 0.905800 0.556960 0.902945 0.560248 0.900220 0.562670 0.898403 0.564055 0.895548 0.569246 0.893991 0.573572 0.891266 0.584819 0.892953 0.588626 0.895159 0.591913 0.896586 0.595374 0.898793 0.596758 0.901258 0.603680 0.903075 0.609217 0.911900 0.616138 0.916831 0.618214 0.924099 0.616657 0.927732 0.614408 0.933183 0.619772 0.999888 0.668048 0.999888 0.573399
0 0.046613 0.235441 0.043072 0.238827 0.039916 0.240059 0.036837 0.243240 0.035144 0.244472 0.032835 0.242419 0.032527 0.244061 0.033220 0.245190 0.032989 0.246524 0.025215 0.248679 0.021520 0.249706 0.019519 0.251861 0.019134 0.253400 0.018749 0.255248 0.017826 0.257403 0.019904 0.263766 0.023368 0.267665 0.025523 0.270026 0.029063 0.269513 0.031219 0.268794 0.031680 0.267768 0.047690 0.270026 0.052386 0.270642 0.055387 0.274131 0.058004 0.274234 0.060006 0.274028 0.062853 0.272078 0.063469 0.270436 0.083789 0.269410 0.085868 0.271668 0.089562 0.272386 0.091179 0.271873 0.092102 0.268281 0.092487 0.266331 0.094257 0.266023 0.094873 0.263458 0.095412 0.259353 0.093950 0.258634 0.094257 0.254427 0.092410 0.251861 0.090794 0.248885 0.088331 0.245293 0.084020 0.241496 0.082250 0.239751 0.077093 0.238622 0.072475 0.238109 0.068318 0.238725 0.066009 0.237698 0.065547 0.236672 0.060852 0.235646 0.054772 0.235030 0.051077 0.234927 0.046767 0.235954
0 0.160597 0.273502 0.159073 0.270961 0.159345 0.269219 0.159073 0.265735 0.159780 0.261960 0.159290 0.259202 0.160869 0.257314 0.163101 0.256153 0.166749 0.253249 0.170233 0.250636 0.172030 0.249547 0.180196 0.249475 0.187437 0.250926 0.194841 0.252668 0.198271 0.255645 0.200775 0.258185 0.203606 0.259927 0.205403 0.262468 0.206873 0.263484 0.208670 0.265880 0.209432 0.269219 0.209486 0.272123 0.208833 0.275825 0.208180 0.278873 0.206982 0.279890 0.204205 0.279454 0.202953 0.277785 0.202790 0.276188 0.193371 0.277712 0.192718 0.280761 0.191411 0.282503 0.189288 0.282067 0.187709 0.281487 0.186403 0.279309 0.185858 0.278511 0.180523 0.277204 0.175732 0.276478 0.171594 0.276478 0.169471 0.276260 0.168546 0.278220 0.167783 0.279527 0.166259 0.279382 0.163646 0.278438 0.162992 0.276551 0.162394 0.274445 0.161795 0.273502 0.160978 0.273429
0 0.209922 0.243522 0.209377 0.245337 0.207962 0.245918 0.206927 0.244466 0.205784 0.240764 0.206056 0.237497 0.206982 0.235537 0.208180 0.234085 0.210466 0.230601 0.214985 0.230674 0.218959 0.231182 0.221681 0.231763 0.223315 0.232634 0.224730 0.234666 0.225492 0.235973 0.227779 0.237570 0.228323 0.239530 0.228704 0.242216 0.228704 0.244756 0.228269 0.246498 0.226799 0.247297 0.226037 0.246571 0.225547 0.244829 0.222335 0.244974 0.221573 0.246789 0.220647 0.246861 0.219558 0.246353 0.218197 0.244103 0.216074 0.244248 0.213515 0.243885 0.210793 0.243450 0.209758 0.243450
0 0.253134 0.223835 0.253156 0.220829 0.252487 0.219460 0.251080 0.217347 0.249540 0.216930 0.247598 0.216692 0.246259 0.216930 0.245768 0.217406 0.245232 0.218299 0.244585 0.218983 0.244072 0.219817 0.244049 0.220769 0.244518 0.223269 0.245210 0.222466 0.246125 0.222525 0.247174 0.222763 0.247978 0.223388 0.249205 0.223537 0.250121 0.223686 0.251728 0.223745 0.252732 0.223864 0.253000 0.223507
0 0.237442 0.214966 0.237442 0.222168 0.236013 0.221364 0.234473 0.221454 0.233603 0.221305 0.233335 0.220144 0.233335 0.218597 0.234228 0.217138 0.235299 0.215353 0.236371 0.214787 0.237308 0.215025
0 0.288565 0.244420 0.289307 0.241413 0.288446 0.237059 0.287556 0.234764 0.286606 0.233022 0.284795 0.231993 0.281857 0.231795 0.279453 0.231716 0.278532 0.231756 0.277464 0.233180 0.276751 0.234051 0.276217 0.235001 0.275534 0.235713 0.274614 0.235872 0.273843 0.237059 0.273635 0.238326 0.273872 0.239632 0.273961 0.241294 0.274555 0.242758 0.275238 0.244025 0.276158 0.242956 0.277197 0.242639 0.278859 0.242521 0.281144 0.243075 0.281857 0.243233 0.283193 0.244816 0.284469 0.245172 0.285300 0.244143 0.285627 0.242798 0.286755 0.243075 0.286992 0.244025 0.287526 0.244460 0.288565 0.244222
0 0.305514 0.243866 0.305781 0.234605 0.306672 0.233735 0.310441 0.234328 0.312994 0.234684 0.313914 0.235990 0.314627 0.237653 0.315191 0.239829 0.315220 0.241769 0.315250 0.243589 0.314864 0.244895 0.314716 0.245331 0.314033 0.245291 0.313796 0.244816 0.313410 0.244104 0.312964 0.244183 0.312430 0.244302 0.312400 0.245845 0.311896 0.245924 0.311391 0.245251 0.310976 0.244381 0.306731 0.243471 0.306256 0.244500 0.305514 0.244183
0 0.279898 0.226611 0.280195 0.223761 0.279749 0.222653 0.279007 0.221307 0.277968 0.220714 0.276336 0.220516 0.275089 0.221268 0.274169 0.222257 0.274228 0.223682 0.273724 0.224830 0.274110 0.225859 0.275653 0.225740 0.277879 0.225819 0.278354 0.225938 0.279393 0.226373 0.279779 0.226255
0 0.282629 0.225265 0.282540 0.222257 0.283430 0.221387 0.284439 0.220437 0.286547 0.220476 0.287675 0.220555 0.288417 0.221387 0.289040 0.222534 0.289099 0.223919 0.288832 0.225344 0.288565 0.226294 0.287675 0.225542 0.286992 0.225977 0.286072 0.226017 0.285152 0.225305 0.284172 0.225423 0.283519 0.225186 0.283193 0.225186 0.283014 0.225067
0 0.313966 0.301992 0.314859 0.301694 0.318765 0.301396 0.323676 0.301545 0.330484 0.302140 0.337292 0.303628 0.341533 0.304670 0.344770 0.308688 0.345997 0.314938 0.349234 0.319998 0.352024 0.322825 0.353363 0.329224 0.353140 0.336664 0.352694 0.350206 0.351912 0.351843 0.348229 0.352438 0.347783 0.355563 0.347783 0.361367 0.346778 0.364343 0.345104 0.364640 0.341198 0.364194 0.338408 0.361515 0.338966 0.354373 0.307716 0.351396 0.307158 0.355861 0.304479 0.358093 0.302359 0.359283 0.301020 0.358539 0.298229 0.355117 0.299569 0.338301 0.301912 0.321188 0.305819 0.318212 0.307046 0.314938 0.304591 0.310920 0.305372 0.308688 0.308497 0.308986 0.309725 0.309134 0.313966 0.302140
0 0.337962 0.303777 0.338408 0.301545 0.339412 0.298123 0.341533 0.294551 0.344658 0.290682 0.346890 0.285325 0.350015 0.283093 0.354926 0.283390 0.360618 0.284283 0.365863 0.285474 0.368877 0.288748 0.371667 0.294105 0.372783 0.297081 0.373229 0.300652 0.374011 0.305712 0.373341 0.311069 0.373006 0.314492 0.372225 0.315682 0.370662 0.316128 0.370216 0.315980 0.368877 0.314343 0.368542 0.315831 0.367649 0.318807 0.367426 0.321039 0.365640 0.321188 0.363520 0.321188 0.362627 0.320742 0.362069 0.318658 0.360283 0.317021 0.353921 0.316873 0.349792 0.315980 0.345551 0.314640 0.344881 0.309134 0.341533 0.305117 0.338631 0.303926
0 0.312962 0.301396 0.311622 0.297378 0.311845 0.290236 0.312069 0.284878 0.312962 0.280861 0.312962 0.277289 0.313854 0.276545 0.315305 0.273123 0.317872 0.269105 0.321444 0.268212 0.329033 0.268807 0.335395 0.269700 0.338631 0.271188 0.340752 0.275206 0.342426 0.278628 0.344546 0.278777 0.345774 0.280712 0.344212 0.281307 0.345997 0.282051 0.346444 0.285027 0.346444 0.286664 0.345216 0.289343 0.343988 0.290980 0.342091 0.294402 0.339301 0.299313 0.338408 0.302140 0.336845 0.303182 0.335283 0.302140 0.334167 0.299908 0.331823 0.299313 0.331488 0.300355 0.330149 0.300503 0.328363 0.300950 0.325127 0.300801 0.323341 0.298569 0.319658 0.298569 0.319100 0.298271 0.317872 0.299015 0.316868 0.300057 0.316310 0.300057 0.315863 0.300057 0.313854 0.301545 0.312850 0.300950
0 0.999871 0.435152 0.995035 0.435648 0.987687 0.433540 0.981828 0.432299 0.974294 0.432175 0.968528 0.431555 0.964157 0.431679 0.955600 0.435772 0.949741 0.438996 0.947136 0.440236 0.940068 0.438500 0.929279 0.437260 0.925559 0.437508 0.923327 0.439740 0.921095 0.441972 0.918491 0.444452 0.917282 0.447800 0.917375 0.450901 0.917003 0.453009 0.918863 0.455365 0.921188 0.457845 0.923420 0.459581 0.926675 0.462185 0.929837 0.463177 0.931325 0.465286 0.934023 0.462805 0.977642 0.484755 0.977270 0.490087 0.979131 0.494427 0.980991 0.497280 0.984432 0.499264 0.988152 0.500256 0.992523 0.500132 0.995407 0.499512 0.997174 0.498024 0.998476 0.496784 0.999778 0.497528
0 0.999871 0.406754 0.994011 0.406382 0.989826 0.406010 0.987873 0.407498 0.985362 0.407746 0.981084 0.407622 0.977549 0.407126 0.975968 0.408242 0.975596 0.409730 0.975689 0.412458 0.977270 0.413698 0.979689 0.415186 0.982200 0.417915 0.984618 0.420147 0.984897 0.423123 0.984711 0.425851 0.985083 0.426595 0.988989 0.426967 0.991221 0.430067 0.993825 0.429695 0.996244 0.428703 1.000243 0.430067
0 0.849201 0.421511 0.859432 0.419775 0.867430 0.421015 0.877661 0.423123 0.886311 0.426099 0.894402 0.428579 0.901750 0.432548 0.906121 0.436392 0.910120 0.442096 0.913003 0.447428 0.917375 0.453753 0.922211 0.459705 0.931511 0.465658 0.936534 0.470122 0.939324 0.476074 0.940068 0.479795 0.939789 0.485623 0.937185 0.491203 0.935232 0.493435 0.930581 0.494551 0.921188 0.492443 0.908074 0.488723 0.896541 0.484259 0.895425 0.485871 0.891519 0.486615 0.886962 0.484631 0.882218 0.480663 0.881102 0.476818 0.881753 0.473222 0.882311 0.466898 0.880544 0.459829 0.875336 0.452017 0.868639 0.445940 0.865384 0.440856 0.860362 0.432920 0.853293 0.425107 0.849294 0.421635
0 0.955321 0.435648 0.953461 0.433664 0.948997 0.431555 0.946485 0.428207 0.941091 0.423123 0.933930 0.419155 0.927791 0.416054 0.920072 0.413450 0.910399 0.411342 0.899517 0.410970 0.891612 0.412210 0.898494 0.417295 0.900913 0.421015 0.903331 0.422875 0.907051 0.426223 0.912259 0.430811 0.913189 0.433540 0.912631 0.437012 0.912910 0.440484 0.911980 0.443956 0.912538 0.446932 0.914026 0.449289 0.915328 0.450405 0.917003 0.450529 0.917003 0.448297 0.917933 0.445196 0.925559 0.437508 0.929372 0.437012 0.940068 0.438376 0.947136 0.440236 0.955135 0.435648
0 0.911887 0.444080 0.913003 0.439988 0.912445 0.436516 0.913375 0.432672 0.911980 0.430439 0.907423 0.426099 0.901006 0.421263 0.898959 0.417791 0.891147 0.412582 0.881660 0.407870 0.873383 0.405514 0.867988 0.404398 0.861385 0.403778 0.855154 0.403902 0.845946 0.406010 0.842877 0.406382 0.837203 0.406754 0.832274 0.406258 0.829930 0.407028 0.827966 0.409508 0.826623 0.411024 0.833443 0.413642 0.842641 0.416949 0.848738 0.420945 0.859278 0.419153 0.869406 0.421358 0.882220 0.424527 0.892864 0.427834 0.902268 0.433208 0.906608 0.437066 0.911982 0.444093
0 0.879171 0.480176 0.881844 0.474596 0.882426 0.467466 0.880217 0.460180 0.875799 0.452740 0.868475 0.445144 0.860104 0.432743 0.854175 0.426078 0.849409 0.421428 0.841619 0.416312 0.829761 0.412437 0.817205 0.409027 0.808951 0.407477 0.800464 0.406702 0.796628 0.407632 0.790815 0.411042 0.786165 0.417397 0.783956 0.421428 0.782328 0.429178 0.782444 0.435068 0.781631 0.440029 0.782561 0.443439 0.785700 0.447779 0.789769 0.447624 0.792675 0.445454 0.793605 0.444524 0.823948 0.463900 0.824762 0.467931 0.827203 0.472271 0.832551 0.474441 0.836620 0.473666 0.839062 0.471806 0.849990 0.476766 0.857779 0.479556 0.868242 0.480951 0.876729 0.481726 0.879287 0.480641
0 0.792210 0.410267 0.791512 0.406702 0.787792 0.403756 0.779538 0.398021 0.780352 0.393991 0.777678 0.392131 0.773028 0.382985 0.768377 0.378955 0.764076 0.375855 0.753031 0.371979 0.744777 0.369809 0.736058 0.368569 0.729896 0.367794 0.723386 0.367174 0.722456 0.368259 0.718735 0.372754 0.716410 0.375855 0.715248 0.378335 0.715015 0.381125 0.713620 0.386085 0.712225 0.392596 0.712806 0.395851 0.713620 0.396781 0.713387 0.402516 0.714550 0.406857 0.716875 0.409337 0.721409 0.409182 0.724432 0.406082 0.726873 0.405307 0.746056 0.416467 0.746986 0.421583 0.749427 0.426233 0.754543 0.427628 0.757100 0.426698 0.759890 0.423288 0.768145 0.426233 0.778724 0.428248 0.782328 0.428558 0.783839 0.423288 0.785351 0.418017 0.789420 0.412747 0.791745 0.409957
0 0.627734 0.369887 0.626846 0.372339 0.625895 0.373607 0.625071 0.375721 0.624880 0.380202 0.625388 0.382823 0.625768 0.385952 0.626212 0.389672 0.628241 0.392378 0.630461 0.392970 0.632617 0.392631 0.633885 0.390602 0.651450 0.400241 0.652021 0.405060 0.652402 0.407428 0.655128 0.408273 0.657411 0.408696 0.660201 0.405483 0.668128 0.406582 0.680811 0.408189 0.682206 0.411571 0.685123 0.413769 0.687533 0.413854 0.689879 0.412501 0.691401 0.409034 0.694127 0.409880 0.695523 0.408442 0.698186 0.404046 0.699201 0.400495 0.698503 0.397197 0.699264 0.390940 0.698440 0.385867 0.694191 0.374199 0.691718 0.372508 0.688103 0.369295 0.679796 0.365660 0.671743 0.363123 0.664070 0.361855 0.658426 0.361178 0.654684 0.360079 0.652211 0.360756 0.648660 0.361686 0.642256 0.365321 0.640987 0.366251 0.637373 0.366421 0.636358 0.367942 0.633061 0.368703 0.628178 0.369887
0 0.547653 0.342653 0.544863 0.344885 0.543561 0.346538 0.541453 0.348357 0.540274 0.347944 0.538538 0.349018 0.537112 0.350093 0.535500 0.352077 0.533764 0.355136 0.532772 0.357285 0.531780 0.361750 0.531594 0.365222 0.531222 0.369769 0.531098 0.374068 0.531656 0.377457 0.534322 0.380516 0.535996 0.380020 0.537546 0.377375 0.542259 0.382418 0.542259 0.385973 0.542631 0.389776 0.543251 0.392504 0.545049 0.395149 0.547343 0.395563 0.549699 0.394322 0.551869 0.392338 0.553543 0.388287 0.578159 0.394322 0.578345 0.397877 0.580143 0.400192 0.582189 0.400606 0.584793 0.398373 0.586343 0.395232 0.588142 0.385477 0.589010 0.377292 0.587397 0.372249 0.588390 0.367785 0.585599 0.365305 0.582003 0.355963 0.579151 0.350920 0.574625 0.346951 0.569230 0.345794 0.563650 0.343975 0.555279 0.342818 0.547653 0.342653
0 0.481176 0.326951 0.481714 0.324014 0.482546 0.323100 0.483770 0.316182 0.483378 0.311940 0.482497 0.307958 0.480295 0.302215 0.478043 0.299604 0.472903 0.298233 0.467861 0.297515 0.464337 0.296993 0.463602 0.298038 0.462623 0.299865 0.461400 0.301497 0.460176 0.302019 0.459295 0.301823 0.457777 0.302606 0.458854 0.304107 0.458854 0.306457 0.458365 0.308219 0.458218 0.310308 0.457777 0.312788 0.457484 0.314811 0.457337 0.318140 0.458414 0.321730 0.458267 0.324732 0.460568 0.326037 0.462183 0.325776 0.464288 0.326037 0.464728 0.321338 0.468155 0.322121 0.475204 0.323688 0.476134 0.326233 0.478434 0.328452 0.481078 0.326168
0 0.492190 0.326298 0.490281 0.327016 0.489595 0.326559 0.488812 0.324145 0.488567 0.321860 0.489302 0.317422 0.490085 0.314811 0.490966 0.310634 0.491896 0.308285 0.495225 0.304107 0.497868 0.300191 0.502616 0.300387 0.509371 0.301301 0.513434 0.302541 0.515784 0.304042 0.516763 0.306000 0.518182 0.309525 0.519014 0.311940 0.520140 0.315268 0.520728 0.318466 0.520777 0.321403 0.519455 0.329431 0.519161 0.334653 0.518182 0.336741 0.515882 0.336088 0.515049 0.332956 0.512847 0.332172 0.507022 0.330737 0.502371 0.328583 0.500609 0.328126 0.499581 0.329170 0.498259 0.330867 0.497525 0.330932 0.495665 0.330541 0.494980 0.329692 0.493903 0.327343 0.492679 0.326755
0 0.573592 0.346351 0.574301 0.342276 0.574035 0.334068 0.572707 0.332415 0.570005 0.325033 0.566196 0.322671 0.560040 0.320132 0.553973 0.318124 0.547817 0.317475 0.544716 0.318833 0.542768 0.320781 0.540332 0.322730 0.539490 0.323143 0.538162 0.323557 0.536877 0.323084 0.535903 0.324265 0.534973 0.326391 0.534264 0.328576 0.533556 0.331234 0.533688 0.333596 0.533511 0.338792 0.534087 0.341331 0.534619 0.344166 0.537453 0.345170 0.538693 0.341095 0.542148 0.342040 0.543476 0.342158 0.544628 0.344638 0.547772 0.342689 0.558534 0.343457 0.565266 0.344874 0.573415 0.346292
0 0.623518 0.330465 0.617642 0.329507 0.611638 0.328830 0.608975 0.328549 0.606523 0.329112 0.604874 0.331141 0.603352 0.333283 0.601661 0.334805 0.601154 0.335313 0.600393 0.336496 0.599674 0.338356 0.599632 0.339371 0.598787 0.341175 0.598068 0.343317 0.597265 0.347882 0.597645 0.349799 0.597899 0.352730 0.599209 0.354139 0.601027 0.354534 0.602718 0.352561 0.609947 0.357014 0.610539 0.360283 0.612019 0.362256 0.613794 0.362820 0.615316 0.361805 0.616754 0.359832 0.628760 0.363383 0.632607 0.363609 0.633960 0.366540 0.635820 0.365413 0.637426 0.364116 0.638779 0.361805 0.639202 0.358761 0.639413 0.356225 0.638272 0.352899 0.638399 0.350532 0.637596 0.349348 0.634552 0.344839 0.631761 0.339371 0.629521 0.335256 0.627830 0.333622 0.624997 0.331818 0.623391 0.330352
0 0.696373 0.352775 0.701499 0.347584 0.704679 0.347324 0.707858 0.348276 0.713958 0.349660 0.720187 0.351391 0.726416 0.353813 0.729077 0.355284 0.731218 0.358226 0.733035 0.361946 0.735500 0.365320 0.739653 0.369040 0.723431 0.367223 0.721160 0.370078 0.718565 0.373539 0.716423 0.376308 0.715320 0.379682 0.712530 0.377952 0.698255 0.371117 0.696438 0.372155 0.694881 0.370771 0.694102 0.364541 0.693323 0.362638 0.694881 0.359091 0.695335 0.353813 0.696373 0.352429
0 0.667174 0.342220 0.670483 0.339884 0.674376 0.336337 0.679048 0.332876 0.687224 0.333222 0.693518 0.334433 0.699423 0.336596 0.706625 0.339365 0.706950 0.348276 0.703576 0.347065 0.702083 0.347584 0.700072 0.348968 0.697801 0.351650 0.696633 0.352775 0.695400 0.354592 0.695400 0.358745 0.693842 0.362292 0.685861 0.361773 0.685342 0.363503 0.682876 0.363157 0.681189 0.361773 0.680865 0.360042 0.670353 0.355371 0.669380 0.357274 0.667952 0.357360 0.666135 0.357101 0.665292 0.355890 0.664513 0.351477 0.665292 0.347324 0.667368 0.342047
0 0.706820 0.339192 0.707339 0.338586 0.714023 0.339970 0.715839 0.339624 0.717721 0.338673 0.727714 0.339711 0.729531 0.342566 0.731737 0.347065 0.733943 0.349055 0.731932 0.349833 0.729985 0.351218 0.727909 0.352775 0.726676 0.353640 0.722458 0.352083 0.718110 0.350872 0.713309 0.349574 0.710778 0.348709 0.708961 0.348449 0.707209 0.347930 0.706690 0.339884
0 0.726805 0.353813 0.730699 0.350785 0.733748 0.348795 0.738485 0.349660 0.746531 0.351391 0.751528 0.352429 0.756329 0.353900 0.758536 0.355630 0.761261 0.359264 0.763143 0.363330 0.763662 0.365407 0.762948 0.368262 0.762624 0.371722 0.762948 0.374750 0.761066 0.374318 0.750425 0.371030 0.744195 0.369732 0.739783 0.368867 0.735630 0.365147 0.732840 0.361427 0.730699 0.357274 0.728298 0.355198 0.726741 0.353813
0 0.758743 0.355604 0.761923 0.355431 0.768347 0.356642 0.774641 0.358286 0.777821 0.360190 0.780676 0.363650 0.782168 0.366419 0.784958 0.368063 0.786840 0.369620 0.786840 0.371523 0.786970 0.373167 0.784504 0.373946 0.783336 0.374725 0.782492 0.376368 0.781130 0.378358 0.780935 0.380608 0.780676 0.382598 0.780611 0.383290 0.779378 0.383549 0.777431 0.383203 0.777042 0.381905 0.776133 0.379829 0.771526 0.378877 0.767568 0.377753 0.765038 0.376109 0.763156 0.374898 0.763026 0.371783 0.763091 0.368063 0.763740 0.365381 0.763156 0.363391 0.761209 0.358805 0.759068 0.355691
0 0.781130 0.383636 0.781389 0.378877 0.783466 0.374984 0.786840 0.373513 0.793264 0.373513 0.796768 0.372129 0.803516 0.370485 0.810005 0.371437 0.816234 0.372908 0.824280 0.375330 0.829082 0.378358 0.832456 0.382165 0.836479 0.386750 0.839594 0.389259 0.840308 0.393585 0.839983 0.397825 0.837063 0.402670 0.832845 0.402324 0.831029 0.404833 0.829925 0.405784 0.827525 0.405525 0.826616 0.404746 0.824864 0.401545 0.820647 0.400507 0.814936 0.398690 0.813704 0.400334 0.810784 0.401977 0.807669 0.400247 0.806112 0.398517 0.805657 0.395143 0.798650 0.391855 0.791966 0.390211 0.786645 0.388394 0.783790 0.389086 0.782363 0.387183 0.782492 0.385366 0.781195 0.383203
0 0.838508 0.387735 0.840966 0.381092 0.843092 0.379409 0.846613 0.376486 0.850466 0.376840 0.856976 0.377903 0.863752 0.380738 0.871724 0.381889 0.875777 0.384369 0.879430 0.388533 0.882951 0.394467 0.886539 0.397479 0.891388 0.399605 0.892850 0.403414 0.892451 0.408020 0.891986 0.410943 0.890857 0.412183 0.887734 0.410411 0.881490 0.407754 0.872521 0.405362 0.867672 0.404476 0.862955 0.403768 0.855780 0.403856 0.852658 0.402794 0.845350 0.399605 0.844620 0.400668 0.842826 0.401996 0.840434 0.401376 0.839238 0.400579 0.840235 0.398099 0.840235 0.394822 0.839238 0.389507 0.838641 0.387824
0 0.875511 0.383218 0.882287 0.384281 0.889528 0.387204 0.896969 0.391101 0.900357 0.396150 0.903479 0.400225 0.908927 0.404476 0.913975 0.408994 0.913444 0.412006 0.910787 0.411120 0.903878 0.410854 0.898231 0.411386 0.892053 0.411917 0.892717 0.409348 0.892584 0.403414 0.891388 0.399870 0.886339 0.397302 0.882353 0.394202 0.880095 0.389507 0.875710 0.383661
0 0.899293 0.393011 0.904535 0.391996 0.914512 0.392898 0.926434 0.396956 0.930661 0.399324 0.933536 0.401917 0.937848 0.407328 0.944359 0.411386 0.947825 0.414317 0.950193 0.416459 0.950446 0.420180 0.949601 0.423674 0.948755 0.425027 0.947318 0.426944 0.944866 0.426605 0.938947 0.421532 0.933874 0.419052 0.926941 0.415445 0.920008 0.413303 0.913751 0.412288 0.913244 0.409357 0.907833 0.403946 0.903520 0.400564 0.900646 0.396731 0.898955 0.392785
0 0.930492 0.398760 0.934635 0.394138 0.943513 0.395153 0.954843 0.397633 0.961269 0.399662 0.965919 0.402255 0.972937 0.409132 0.976150 0.413190 0.980124 0.416347 0.982322 0.418376 0.984267 0.421307 0.984267 0.424802 0.983590 0.427846 0.981899 0.430438 0.977503 0.430100 0.976488 0.430777 0.974628 0.430777 0.971415 0.429649 0.970485 0.427620 0.965496 0.426718 0.964313 0.428184 0.960931 0.428522 0.957549 0.427169 0.955857 0.425253 0.955181 0.424013 0.950193 0.421871 0.950784 0.419503 0.950277 0.416910 0.946303 0.413190 0.943090 0.410372 0.937848 0.406877 0.933621 0.402255 0.930746 0.398986
0 0.974459 0.410259 0.975811 0.405637 0.975304 0.396844 0.971077 0.395040 0.958563 0.391545 0.948248 0.388839 0.940807 0.387938 0.933536 0.389741 0.926772 0.391545 0.925166 0.392221 0.926180 0.393912 0.926857 0.396844 0.929900 0.398535 0.934889 0.393574 0.943598 0.395603 0.952814 0.397520 0.961945 0.400000 0.965581 0.401578 0.970400 0.405750 0.974374 0.410259
0 0.927195 0.396956 0.925419 0.392221 0.923559 0.389290 0.918232 0.387261 0.905127 0.382188 0.898617 0.380723 0.892191 0.381173 0.888217 0.382639 0.886103 0.383879 0.881284 0.383428 0.889485 0.386810 0.898870 0.393011 0.904112 0.391996 0.914258 0.392898 0.927110 0.397069
0 0.899208 0.380272 0.896926 0.373958 0.890246 0.371140 0.882636 0.369224 0.876041 0.367871 0.870968 0.368209 0.866234 0.369900 0.860822 0.370802 0.856933 0.371253 0.855327 0.373057 0.854566 0.375086 0.855580 0.376664 0.857440 0.375424 0.858201 0.374635 0.866403 0.375424 0.871645 0.376664 0.878324 0.378806 0.883820 0.380723 0.886526 0.383090 0.890077 0.381737 0.893797 0.381173 0.898870 0.380272
0 0.855073 0.377566 0.858455 0.374522 0.868009 0.375762 0.874604 0.377791 0.880945 0.380046 0.885173 0.381512 0.886272 0.382977 0.883989 0.383203 0.878747 0.383428 0.875872 0.382639 0.873589 0.382414 0.870799 0.381624 0.863697 0.380948 0.855918 0.377904 0.855157 0.377904
0 0.798114 0.371780 0.798812 0.370089 0.801792 0.369751 0.806358 0.367637 0.812192 0.366369 0.818153 0.367637 0.823923 0.369582 0.829948 0.371104 0.832928 0.372457 0.835084 0.374571 0.837811 0.377023 0.838065 0.379644 0.836860 0.382518 0.835528 0.384294 0.834767 0.384632 0.830835 0.380912 0.827094 0.377192 0.823099 0.374824 0.815870 0.372964 0.810163 0.371442 0.803124 0.370428 0.798495 0.371442
0 0.849479 0.376177 0.849162 0.372457 0.847703 0.370681 0.844152 0.367468 0.841108 0.364086 0.838699 0.360535 0.835845 0.357999 0.828806 0.355885 0.824875 0.355124 0.821704 0.354194 0.819928 0.354447 0.822401 0.357322 0.824114 0.359521 0.827157 0.365101 0.830518 0.366707 0.832231 0.368821 0.832548 0.371019 0.833055 0.372034 0.834513 0.373556 0.836352 0.375162 0.837811 0.376515 0.839523 0.377445 0.841108 0.378544 0.841552 0.379390 0.842630 0.379559 0.844469 0.378206 0.846879 0.376431 0.849415 0.376177
0 0.832231 0.371950 0.832231 0.368737 0.830328 0.366538 0.827221 0.365270 0.823670 0.358590 0.820309 0.355885 0.814855 0.352334 0.809909 0.351488 0.804582 0.350896 0.802046 0.350135 0.800080 0.351573 0.798431 0.354617 0.796973 0.355124 0.796719 0.357914 0.795514 0.360873 0.795958 0.363325 0.795578 0.364678 0.796529 0.365777 0.797163 0.367215 0.798114 0.368229 0.800017 0.368652 0.800968 0.367130 0.803314 0.367722 0.805090 0.367976 0.809085 0.366876 0.812002 0.366707 0.817582 0.367553 0.822465 0.369328 0.827157 0.370597 0.831977 0.371527
0 0.787714 0.367046 0.788475 0.369328 0.790441 0.371104 0.792661 0.369328 0.793929 0.367637 0.795451 0.364002 0.794817 0.361634 0.793422 0.359351 0.789553 0.356054 0.788412 0.353687 0.786827 0.351150 0.785051 0.348783 0.781373 0.346415 0.775349 0.344132 0.768183 0.342357 0.765774 0.342695 0.762983 0.344386 0.760700 0.346415 0.760510 0.349205 0.760383 0.352503 0.759940 0.354532 0.761525 0.355378 0.764632 0.355969 0.768817 0.356899 0.773890 0.357914 0.777949 0.360366 0.780105 0.362480 0.781246 0.365439 0.783466 0.367046 0.787905 0.367384
0 0.832357 0.356308 0.832865 0.352334 0.830455 0.348360 0.823606 0.346331 0.818470 0.345062 0.814982 0.344217 0.812065 0.346162 0.809719 0.348106 0.807880 0.349036 0.806548 0.350474 0.813270 0.351235 0.816948 0.353602 0.820626 0.354278 0.827792 0.355631 0.832231 0.356561
0 0.782705 0.346500 0.788285 0.347937 0.792661 0.348783 0.795958 0.350051 0.798558 0.351826 0.798685 0.353348 0.797607 0.354786 0.796973 0.355124 0.796402 0.357069 0.795895 0.359943 0.795007 0.360958 0.794246 0.360112 0.792153 0.358337 0.790124 0.356139 0.788666 0.353856 0.786193 0.350220 0.782641 0.346500
0 0.394526 0.295855 0.394233 0.291678 0.394722 0.286848 0.397317 0.280256 0.400303 0.274578 0.405932 0.274643 0.411023 0.275622 0.412883 0.278103 0.413421 0.281235 0.414645 0.284629 0.415722 0.287762 0.415820 0.290960 0.415281 0.294289 0.414645 0.297879 0.413715 0.298923 0.412197 0.298009 0.411023 0.295725 0.405540 0.294811 0.401233 0.294419 0.398785 0.294876 0.397463 0.295920 0.395359 0.295920
0 0.383745 0.277032 0.383593 0.273465 0.383745 0.268216 0.384586 0.264648 0.386918 0.259195 0.392498 0.259552 0.395632 0.260215 0.398117 0.264088 0.398728 0.268063 0.398728 0.270407 0.398499 0.272802 0.398614 0.276624 0.398346 0.277796 0.396664 0.278561 0.395556 0.277287 0.394600 0.277134 0.391199 0.276522 0.388026 0.275656 0.386306 0.275299 0.386115 0.276522 0.385313 0.277644 0.384013 0.277032
0 0.390778 0.259399 0.392613 0.255169 0.397199 0.255475 0.400448 0.256087 0.401977 0.257565 0.402436 0.260011 0.402550 0.262253 0.403659 0.264190 0.403391 0.266330 0.403200 0.268368 0.403162 0.270866 0.402168 0.272242 0.401174 0.272904 0.399569 0.272802 0.398805 0.272242 0.398690 0.266942 0.398040 0.263935 0.395747 0.260520 0.392880 0.259552 0.390893 0.259093
0 0.404079 0.263680 0.405150 0.263578 0.405302 0.264801 0.406334 0.264699 0.406602 0.259297 0.406105 0.256596 0.404462 0.254150 0.402015 0.253742 0.400410 0.253488 0.399455 0.253997 0.398728 0.255526 0.401174 0.256647 0.402398 0.258584 0.402627 0.260215 0.403162 0.262966 0.404118 0.264190
0 0.776577 0.344570 0.774192 0.341458 0.772011 0.340782 0.765974 0.338617 0.762829 0.337603 0.758009 0.336723 0.754661 0.337400 0.752784 0.339091 0.751059 0.339970 0.749233 0.340782 0.749233 0.342946 0.749081 0.344570 0.748523 0.346058 0.748725 0.347275 0.748827 0.349710 0.748979 0.351469 0.751516 0.352281 0.753900 0.353363 0.757096 0.353769 0.759582 0.355122 0.760749 0.351875 0.760241 0.346464 0.763995 0.343352 0.767648 0.342608 0.775968 0.344434
0 0.751719 0.333003 0.755270 0.332394 0.758009 0.331109 0.759633 0.330094 0.763792 0.330433 0.768612 0.332327 0.771605 0.334018 0.772772 0.337535 0.772822 0.340782 0.766735 0.338414 0.759734 0.336723 0.757603 0.336994 0.755625 0.337264 0.754407 0.337670 0.752327 0.335032 0.751566 0.333882 0.751921 0.332935
0 0.754154 0.337738 0.751465 0.333950 0.746747 0.332665 0.743348 0.331583 0.740659 0.331312 0.738021 0.331853 0.737311 0.332327 0.738579 0.334085 0.740558 0.335709 0.742587 0.337061 0.744210 0.338617 0.744870 0.340511 0.745174 0.342540 0.745479 0.343826 0.745935 0.346531 0.747305 0.347072 0.748472 0.346193 0.748979 0.344028 0.749283 0.340782 0.754255 0.337805
0 0.745428 0.350522 0.746189 0.347005 0.744363 0.340173 0.743551 0.338144 0.738427 0.336182 0.734115 0.334762 0.729904 0.333747 0.727571 0.334288 0.725542 0.334762 0.724476 0.335438 0.723309 0.336114 0.721686 0.337264 0.719606 0.337061 0.718439 0.337197 0.717780 0.337535 0.717425 0.338279 0.727672 0.339699 0.730310 0.343826 0.731781 0.346802 0.733709 0.348357 0.736296 0.349034 0.741167 0.350319 0.745327 0.350454
0 0.756998 0.331194 0.757238 0.327434 0.755647 0.326394 0.752857 0.325194 0.749557 0.324354 0.746437 0.323434 0.744127 0.323514 0.742147 0.324874 0.741517 0.325354 0.738966 0.325434 0.738126 0.325634 0.737226 0.327434 0.737196 0.329274 0.737376 0.330834 0.738276 0.330914 0.741037 0.331274 0.743737 0.331434 0.746377 0.332274 0.749287 0.333394 0.750997 0.333754 0.751627 0.332874 0.754447 0.332594 0.756908 0.330834
0 0.723335 0.329194 0.725346 0.328674 0.728196 0.328994 0.731556 0.329514 0.735156 0.330634 0.736926 0.332234 0.737886 0.333714 0.741127 0.336674 0.732126 0.334354 0.729666 0.333634 0.728016 0.334274 0.725616 0.334754 0.724145 0.331754 0.723515 0.329034
0 0.735961 0.330298 0.736944 0.327635 0.737610 0.325098 0.736310 0.322562 0.734534 0.321378 0.731522 0.320406 0.728193 0.320025 0.726290 0.320448 0.725244 0.321294 0.723754 0.321674 0.722612 0.321082 0.722200 0.325564 0.726639 0.327043 0.726924 0.328311 0.728732 0.328734 0.731744 0.329495 0.735929 0.330172
0 0.723342 0.329368 0.721186 0.327466 0.717064 0.325690 0.713608 0.325352 0.710817 0.325986 0.709422 0.327424 0.708566 0.329072 0.709803 0.330467 0.711230 0.331355 0.711959 0.333173 0.711927 0.335245 0.711800 0.336513 0.713734 0.337189 0.713671 0.338119 0.714654 0.338753 0.716017 0.339472 0.717000 0.338458 0.717603 0.337274 0.719949 0.337189 0.721598 0.337401 0.722803 0.336048 0.725276 0.334737 0.724134 0.331947 0.722993 0.328988
0 0.686759 0.332787 0.686932 0.330721 0.689653 0.331042 0.692271 0.328149 0.693235 0.327000 0.695853 0.327368 0.700366 0.328516 0.702501 0.329021 0.706601 0.331731 0.707393 0.333844 0.708288 0.335635 0.709287 0.338575 0.707531 0.338391 0.706601 0.338942 0.702467 0.337610 0.697024 0.335635 0.692064 0.334257 0.688964 0.333890 0.686966 0.333201
0 0.709529 0.338758 0.711320 0.338575 0.711802 0.335451 0.712078 0.332971 0.710562 0.330950 0.707290 0.329251 0.706532 0.326771 0.704740 0.323877 0.700882 0.323096 0.698540 0.322408 0.696439 0.322086 0.694785 0.322178 0.693614 0.323464 0.693235 0.325025 0.693476 0.326633 0.697679 0.327873 0.702019 0.328838 0.704672 0.330124 0.706118 0.331777 0.707565 0.333660 0.708495 0.336232 0.709356 0.338529
0 0.686453 0.332380 0.685304 0.331285 0.684524 0.328331 0.680339 0.326088 0.675744 0.324611 0.672748 0.324611 0.669466 0.323954 0.667496 0.323571 0.666388 0.324830 0.665321 0.326526 0.663885 0.327948 0.663147 0.328988 0.662736 0.330957 0.662285 0.332325 0.661629 0.334185 0.661546 0.337030 0.661464 0.338781 0.661957 0.340586 0.664214 0.340969 0.665239 0.340094 0.665773 0.339820 0.667291 0.340914 0.668604 0.341297 0.670697 0.339054 0.673897 0.336428 0.677057 0.334349 0.679190 0.332927 0.686084 0.333146 0.686576 0.332598
0 0.591276 0.312579 0.590985 0.314052 0.589415 0.314013 0.588369 0.313238 0.588078 0.310603 0.588369 0.308665 0.589154 0.306456 0.589880 0.305216 0.590840 0.304208 0.592031 0.303937 0.593165 0.304015 0.594938 0.302426 0.596013 0.301496 0.599791 0.301496 0.603628 0.302465 0.605575 0.303085 0.607639 0.303511 0.609325 0.304363 0.609092 0.305294 0.609325 0.306417 0.609499 0.307076 0.608307 0.307735 0.607290 0.308316 0.606825 0.308626 0.606854 0.309363 0.606680 0.310564 0.606157 0.313005 0.605924 0.314400 0.605982 0.316067 0.605924 0.316532 0.604558 0.316377 0.602669 0.315912 0.601332 0.315950 0.600663 0.316764 0.599879 0.317152 0.597670 0.316648 0.595868 0.316222 0.595141 0.315447 0.593688 0.314904 0.591566 0.314362 0.590956 0.313703
0 0.550282 0.315937 0.550101 0.312506 0.549847 0.309849 0.550427 0.307578 0.551985 0.304872 0.553290 0.302892 0.555174 0.301490 0.560139 0.302505 0.564161 0.304196 0.566878 0.305017 0.568654 0.306950 0.570611 0.309172 0.571988 0.311975 0.573002 0.313811 0.574053 0.315840 0.575539 0.318352 0.575684 0.321010 0.575865 0.323329 0.575321 0.325116 0.574452 0.327146 0.573437 0.328981 0.571807 0.328933 0.571335 0.328305 0.570357 0.325841 0.568871 0.324343 0.563146 0.321493 0.560537 0.320575 0.557058 0.319222 0.553217 0.318352 0.551007 0.317772 0.550210 0.315357
0 0.575756 0.319705 0.576952 0.320043 0.577858 0.322121 0.579235 0.322024 0.580394 0.320768 0.580793 0.317193 0.581699 0.311975 0.581264 0.309994 0.580539 0.308593 0.579344 0.306708 0.578220 0.304341 0.577314 0.302118 0.576227 0.300572 0.574379 0.299123 0.569089 0.298060 0.566878 0.298060 0.564632 0.297722 0.563037 0.298833 0.562458 0.300959 0.561987 0.303085 0.562748 0.303858 0.565248 0.304051 0.567567 0.305404 0.569814 0.308061 0.570756 0.309269 0.572567 0.313328 0.574705 0.316033 0.575974 0.319608
0 0.581409 0.316565 0.583148 0.314535 0.585033 0.314101 0.585468 0.311105 0.584670 0.309801 0.585069 0.303616 0.583619 0.301152 0.579996 0.299171 0.573872 0.297818 0.570466 0.296611 0.568364 0.296900 0.567712 0.297770 0.571263 0.298060 0.574198 0.299075 0.575503 0.300427 0.577967 0.303858 0.579344 0.306370 0.580503 0.308883 0.581880 0.311540 0.581554 0.313859 0.581445 0.315840
0 0.514597 0.302827 0.514900 0.299689 0.515370 0.297807 0.517387 0.297090 0.519303 0.294983 0.521051 0.293235 0.524144 0.292697 0.529523 0.293638 0.532313 0.294893 0.533859 0.295655 0.535036 0.297717 0.536145 0.300406 0.536683 0.302110 0.537187 0.304082 0.537456 0.306592 0.537322 0.309460 0.536818 0.311298 0.536179 0.313136 0.535675 0.314570 0.534464 0.314570 0.533826 0.312867 0.533389 0.311433 0.527237 0.310805 0.524144 0.310267 0.523673 0.310491 0.522665 0.311433 0.520917 0.312374 0.519471 0.311209 0.518934 0.309819 0.518026 0.308161 0.515908 0.304485 0.514362 0.302916
0 0.536246 0.299420 0.536280 0.296865 0.535271 0.294938 0.533523 0.290770 0.531641 0.289739 0.528111 0.288977 0.525690 0.288349 0.524615 0.288708 0.523405 0.289290 0.521858 0.291083 0.521421 0.293280 0.524985 0.292473 0.528044 0.293235 0.529624 0.293549 0.531775 0.294624 0.534095 0.295655 0.535708 0.298345 0.536112 0.299331
0 0.474544 0.298751 0.475139 0.293642 0.479194 0.287194 0.481798 0.288533 0.487602 0.288831 0.489983 0.289426 0.491582 0.291559 0.492884 0.293295 0.494000 0.295725 0.494782 0.299198 0.495079 0.304406 0.493852 0.305844 0.492661 0.307680 0.491359 0.310606 0.490727 0.312789 0.490243 0.313384 0.486076 0.311549 0.483212 0.311400 0.481538 0.307382 0.479529 0.301331 0.478115 0.299743 0.474841 0.298751
0 0.460653 0.287099 0.460825 0.280852 0.461996 0.279153 0.462719 0.277500 0.464614 0.273733 0.467921 0.273917 0.471159 0.274193 0.473570 0.275019 0.474087 0.276948 0.474294 0.279107 0.475051 0.280623 0.475327 0.281909 0.475396 0.286134 0.475292 0.288385 0.475017 0.291232 0.473880 0.291186 0.473088 0.290451 0.472502 0.289671 0.471813 0.288982 0.469437 0.288431 0.467060 0.288201 0.466887 0.288660 0.465510 0.289395 0.464958 0.289854 0.463305 0.288293 0.463029 0.288568 0.462341 0.288614 0.461652 0.288063 0.460790 0.286915
0 0.441447 0.286229 0.445723 0.270334 0.449201 0.269995 0.452608 0.270285 0.455180 0.272266 0.457282 0.275648 0.458007 0.277388 0.458188 0.280142 0.458985 0.282267 0.458949 0.284925 0.458840 0.287824 0.458188 0.290143 0.457318 0.290867 0.455760 0.289708 0.455434 0.288887 0.454347 0.288452 0.451810 0.288693 0.450071 0.288258 0.448912 0.287920 0.447571 0.287534 0.446991 0.287872 0.445868 0.287824 0.444636 0.287534 0.443657 0.287147 0.442824 0.286422 0.442606 0.285988 0.441737 0.285408
0 0.372962 0.253912 0.373211 0.249676 0.373929 0.247981 0.374758 0.246950 0.377217 0.246213 0.379593 0.247024 0.380532 0.248460 0.381637 0.250412 0.381526 0.251333 0.381747 0.253028 0.381416 0.254317 0.380615 0.254906 0.379510 0.255090 0.378460 0.254354 0.376139 0.253912 0.375421 0.254354 0.374454 0.254317 0.373404 0.254022
0 0.360918 0.250854 0.361636 0.247650 0.360255 0.245550 0.360172 0.244482 0.359094 0.244224 0.356138 0.243488 0.354453 0.243856 0.353652 0.244740 0.352630 0.245845 0.352381 0.246250 0.351912 0.247466 0.352022 0.248792 0.351967 0.249676 0.351939 0.250191 0.352768 0.250486 0.353956 0.250744 0.355862 0.250375 0.357326 0.251002 0.358542 0.251149 0.359868 0.250854 0.360586 0.250633
0 0.528732 0.288918 0.528024 0.286874 0.526492 0.286036 0.520990 0.284097 0.519693 0.283783 0.517964 0.284097 0.516235 0.285617 0.515331 0.286770 0.514663 0.287713 0.513445 0.288027 0.512541 0.289547 0.512226 0.290700 0.512423 0.292271 0.512069 0.296358 0.513248 0.297878 0.514152 0.296463 0.516078 0.296987 0.517807 0.296725 0.520008 0.294472 0.521069 0.292900 0.521972 0.290752 0.523623 0.288970 0.525627 0.288184 0.528692 0.288866
0 0.516314 0.285093 0.513877 0.282683 0.514191 0.280796 0.511834 0.279906 0.508611 0.278858 0.506371 0.278124 0.504367 0.279172 0.503542 0.280639 0.502245 0.281582 0.501026 0.282159 0.500633 0.282630 0.500398 0.283940 0.499887 0.285355 0.499455 0.286822 0.499887 0.288813 0.500083 0.289442 0.500909 0.288708 0.501930 0.289337 0.502245 0.290857 0.503502 0.291276 0.504838 0.289966 0.509515 0.290176 0.512226 0.290857 0.512737 0.289390 0.513052 0.288132 0.514899 0.287765 0.516314 0.285355
0 0.590862 0.303966 0.590702 0.301358 0.588392 0.298920 0.586757 0.295414 0.584768 0.294259 0.580727 0.293361 0.578450 0.293190 0.577264 0.294302 0.576462 0.296055 0.578931 0.297424 0.579894 0.298749 0.581369 0.299690 0.583037 0.300844 0.584448 0.301742 0.585089 0.303068 0.585346 0.305377 0.585698 0.306788 0.587783 0.306361 0.587879 0.306617 0.588457 0.307216 0.588874 0.306660 0.589868 0.304821 0.591151 0.303624
0 0.594783 0.302354 0.594198 0.299598 0.592510 0.297348 0.590925 0.294362 0.589823 0.293352 0.587687 0.292709 0.583691 0.292066 0.581866 0.291423 0.580040 0.293076 0.582658 0.293490 0.585414 0.294638 0.587343 0.296200 0.587997 0.297991 0.589168 0.299415 0.590581 0.301068 0.590856 0.302308 0.590994 0.303548 0.592475 0.304191 0.593750 0.303410 0.594714 0.302262
0 0.718032 0.317518 0.717408 0.316588 0.714948 0.315951 0.712819 0.315707 0.710286 0.315560 0.709185 0.316637 0.707936 0.317126 0.705880 0.317273 0.705146 0.318105 0.704449 0.319672 0.704852 0.320406 0.706688 0.320749 0.708340 0.321581 0.710139 0.321972 0.711461 0.322021 0.711828 0.323294 0.712452 0.324469 0.714985 0.324665 0.715132 0.323979 0.717115 0.323392 0.718473 0.322511 0.718253 0.317714
0 0.478814 0.271707 0.478917 0.268411 0.478470 0.266625 0.478230 0.265389 0.473971 0.264381 0.472220 0.266213 0.471774 0.267266 0.471877 0.269189 0.472186 0.270471 0.472976 0.270196 0.475757 0.270425 0.477028 0.270837 0.477646 0.271524 0.478470 0.271753
0 0.565041 0.297763 0.562696 0.293652 0.558223 0.292262 0.554271 0.291220 0.552013 0.291799 0.550537 0.292841 0.549625 0.293710 0.548192 0.294636 0.547193 0.294868 0.546976 0.296199 0.546150 0.302279 0.548148 0.304248 0.551753 0.305058 0.553272 0.302800 0.556008 0.301353 0.562262 0.303090 0.563217 0.298805 0.564781 0.297473
1 0.016915 0.999698 0.023293 0.991194 0.081222 0.981274 0.150312 0.975605 0.249164 0.972062 0.256605 0.974188 0.255542 1.000406
1 0.038174 0.967810 0.130648 0.957181 0.226843 0.952220 0.260325 0.953638 0.273612 0.913247 0.298590 0.872147 0.323569 0.846637 0.357051 0.826795 0.379904 0.820418 0.388408 0.820418 0.397974 0.573111 0.251290 0.556812 0.205053 0.648224 0.160410 0.739635 0.107264 0.843802 0.064747 0.917498 0.037642 0.965684
1 0.087068 0.537680 0.000440 0.618462 0.000440 0.974188 0.014789 0.972062 0.122676 0.788530 0.171039 0.694993 0.200270 0.639012 0.243850 0.554686 0.086537 0.539097
1 0.407540 0.575236 0.402226 0.821126 0.420827 0.823961 0.443680 0.831756 0.468658 0.848762 0.486197 0.869312 0.500546 0.894114 0.510644 0.921750 0.515959 0.951512 0.675397 0.939465 0.547315 0.583031
1 0.515959 0.967810 0.518084 0.983400 0.516490 0.998989 0.696124 0.998281 0.680712 0.955055 0.517022 0.968519
1 0.691552 0.953904 0.710410 0.999573 0.964028 0.999573 0.913612 0.932866 0.846263 0.937484 0.780068 0.943642 0.742353 0.947747 0.691552 0.952878
1 0.925158 0.932353 0.965567 0.932353 0.990967 0.933892 0.999434 0.934405 0.999434 1.000087 0.974419 0.999573
1 0.887681 0.607748 0.793871 0.601313 0.999892 0.808038 0.999590 0.699045
1 0.789950 0.600911 0.733241 0.602520 0.746514 0.623031 0.759786 0.643945 0.768835 0.661239 0.783314 0.693012 0.798999 0.727198 0.808048 0.746101 0.818606 0.768221 0.819511 0.779885 0.818907 0.787928 0.914528 0.918237 0.957059 0.916628 0.987223 0.918237 0.999590 0.918237 0.999892 0.814473
1 0.008470 0.295165 -0.000149 0.296196 0.000182 0.309309 0.002061 0.309309 0.008028 0.310635 0.012779 0.312256 0.071787 0.304447 0.008912 0.295017
1 0.015542 0.314024 0.017862 0.315644 0.019630 0.319770 0.015652 0.323895 0.059301 0.329789 0.132232 0.313140 0.074440 0.305331 0.015763 0.314171
1 0.013442 0.324632 0.053886 0.330967 -0.000039 0.343344 0.000182 0.325663 0.003829 0.325221 0.013221 0.325074
1 0.059411 0.331262 0.103944 0.337892 0.104386 0.340397 0.105380 0.341870 0.108253 0.343638 0.112010 0.345259 0.116762 0.345701 0.032007 0.377084 -0.000039 0.368096 0.000072 0.345701 0.059411 0.331557
1 0.064715 0.330378 0.104386 0.336271 0.106043 0.333914 0.113447 0.331557 0.125270 0.330378 0.137647 0.330525 0.144277 0.330967 0.156211 0.333325 0.191044 0.321181 0.134881 0.313981 0.065156 0.330462
1 0.121080 0.346623 0.130680 0.347263 0.142081 0.348543 0.151922 0.347743 0.164643 0.345823 0.203765 0.350783 0.132720 0.390466 0.036954 0.378145 0.121320 0.347103
1 0.193371 0.322492 0.248761 0.329657 0.205772 0.349682 0.167743 0.344354 0.169258 0.342333 0.168018 0.337741 0.165814 0.336087 0.160578 0.333515 0.193233 0.322492
1 0.208252 0.350968 0.274941 0.360154 0.227680 0.402592 0.137016 0.391385 0.208252 0.351152
1 0.210456 0.350049 0.277007 0.359419 0.298640 0.341782 0.299191 0.338292 0.251104 0.329841 0.210870 0.350233
1 0.278799 0.361256 0.345487 0.370626 0.320135 0.414166 0.231400 0.403327 0.278385 0.361440
1 0.324879 0.414630 0.349411 0.371019 0.390739 0.377060 0.393391 0.380743 0.397700 0.382658 0.403115 0.385311 0.408308 0.386931 0.407756 0.426565 0.325100 0.414925
1 0.496047 0.439088 0.479030 0.391204 0.444001 0.386342 0.440796 0.388552 0.436044 0.389141 0.429193 0.389436 0.423005 0.388847 0.418254 0.426565 0.495605 0.438646
1 0.363224 0.347740 0.350074 0.369988 0.390518 0.376323 0.391954 0.373524 0.393391 0.371756 0.397148 0.370282 0.404109 0.369840 0.409745 0.369840 0.413281 0.369840 0.413944 0.353781 0.363555 0.347740
1 0.468422 0.363505 0.478698 0.389583 0.446432 0.385311 0.444995 0.381480 0.440133 0.378238 0.434608 0.375439 0.428972 0.373524 0.426652 0.372787 0.420132 0.370872 0.419911 0.354812
1 0.470577 0.363275 0.481869 0.390411 0.540167 0.399339 0.519028 0.371503
1 0.482394 0.391636 0.499726 0.438730 0.576670 0.449934 0.541218 0.400390
1 0.652169 0.460264 0.579690 0.450110 0.544894 0.401265 0.600698 0.409143
1 0.614906 0.386834 0.588823 0.382319 0.587820 0.389008 0.586817 0.395027 0.603244 0.408737 0.635848 0.414088 0.635472 0.408905 0.636475 0.407400 0.638356 0.406731 0.640990 0.406397
1 0.604624 0.410075 0.655035 0.460235 0.721999 0.469766 0.667826 0.426126 0.655913 0.423618 0.648138 0.420776 0.640990 0.417599 0.636852 0.415258
1 0.786581 0.479129 0.724758 0.470100 0.670710 0.426795 0.678610 0.427297 0.681244 0.425458 0.682749 0.422615 0.710838 0.426795
1 0.703281 0.401836 0.699200 0.401836 0.698360 0.404076 0.696440 0.407756 0.694040 0.410156 0.691160 0.409676 0.690200 0.412396 0.711921 0.425997 0.758604 0.433518
1 0.846210 0.488401 0.788966 0.479441 0.714681 0.427757 0.761244 0.434958
1 0.940097 0.481194 0.999768 0.509630 0.953357 0.503442 0.935235 0.494012 0.936782 0.491802 0.939766 0.486204 0.940208 0.481489
1 0.026076 0.248168 0.022769 0.247616 0.000034 0.247931 0.000152 0.251002 0.016982 0.254781 0.018812 0.253836 0.019285 0.252104 0.021411 0.249663 0.025839 0.248640
1 0.012435 0.255096 -0.000025 0.252183 -0.000025 0.254703
1 0.003931 0.265725 -0.000084 0.262104 -0.000025 0.255962 0.016509 0.255490 0.018340 0.256198 0.017631 0.257616 0.019698 0.263757 0.021174 0.265647
1 0.143930 0.278533 0.101093 0.284210 0.052708 0.276813 0.097932 0.273114 0.106061 0.274490 0.111544 0.275867 0.117866 0.275695 0.124124 0.275351 0.142704 0.278361
1 0.147542 0.277931 0.162316 0.275781 0.161800 0.274318 0.160316 0.273630 0.158897 0.271394 0.145929 0.268641 0.123802 0.270964 0.125156 0.272512 0.125930 0.275093
1 0.111544 0.262276 0.142897 0.268039 0.122705 0.270104 0.117479 0.269501 0.111867 0.268383 0.108060 0.267781 0.102964 0.267781 0.097158 0.266749 0.094642 0.266491 0.094964 0.264771 0.095416 0.263996
1 0.109931 0.261588 0.094319 0.257803 0.094642 0.258835 0.095351 0.259523 0.095416 0.261158 0.095287 0.263308
1 0.103678 0.285059 0.149113 0.291708 0.184336 0.284637 0.148400 0.279254
1 0.249828 0.284746 0.216435 0.280103 0.191256 0.284746 0.226435 0.289865
1 0.150899 0.292246 0.195720 0.297960 0.223220 0.290817 0.188131 0.285103
1 0.286398 0.290368 0.311421 0.295013 0.311492 0.297951 0.311706 0.298899 0.304526 0.302027 0.283697 0.298330 0.282631 0.296814 0.279645 0.294918 0.277726 0.293970
1 0.284408 0.290273 0.251495 0.285440 0.230239 0.290463 0.251566 0.293212 0.253130 0.292548 0.258461 0.292169 0.265996 0.292264 0.271897 0.292643 0.275238 0.293022 0.283697 0.290368
1 0.197895 0.298899 0.227609 0.291032 0.250357 0.294539 0.252632 0.295676 0.255689 0.296624 0.259527 0.297856 0.240903 0.304586
1 0.242609 0.305249 0.262158 0.298614 0.268342 0.299467 0.273247 0.299847 0.277228 0.300226 0.280925 0.299562 0.282560 0.298994 0.303531 0.302501 0.286043 0.311221
1 0.287939 0.312049 0.306763 0.315232 0.304431 0.310938 0.305208 0.308717 0.309872 0.308939 0.312760 0.303757 0.306208 0.302572
1 0.375952 0.325835 0.382693 0.314932 0.416948 0.320531 0.416727 0.332171
1 0.457945 0.337033 0.454077 0.327456 0.423800 0.322299 0.423137 0.332760
1 0.499383 0.346904 0.489217 0.332907 0.455845 0.327603 0.460707 0.339095
1 0.536025 0.351143 0.524620 0.339629 0.491790 0.333547 0.501077 0.346364
1 0.614460 0.365883 0.590686 0.350474 0.576620 0.348361 0.579327 0.350650 0.581903 0.355581 0.585469 0.365355 0.614196 0.365971
1 0.588639 0.349329 0.574572 0.340524 0.574638 0.342725 0.573780 0.346247 0.575101 0.346952 0.576025 0.348008 0.588176 0.349505
1 0.714454 0.382354 0.698210 0.385154 0.694453 0.374103 0.690144 0.370567
1 0.640418 0.366000 0.638208 0.363937 0.638871 0.362169 0.639423 0.356865 0.638539 0.354950 0.641854 0.355244 0.652021 0.360990 0.647711 0.362022 0.643291 0.364232 0.640307 0.366147
1 0.575443 0.340363 0.598095 0.341837 0.597653 0.344194 0.597101 0.346552 0.597211 0.348614 0.597432 0.349793 0.597432 0.350382 0.591465 0.349940
1 0.672065 0.362086 0.671727 0.362987 0.665707 0.361995 0.658402 0.361544 0.655088 0.359380 0.655764 0.353608
1 0.450432 0.317462 0.423376 0.312321 0.423984 0.320889 0.453408 0.325849
1 0.387120 0.306639 0.416476 0.311599 0.416206 0.319265 0.382859 0.313944
1 0.385497 0.306639 0.381168 0.313493 0.373524 0.312321 0.374404 0.305827
1 0.810684 0.402511 0.781214 0.396286 0.780412 0.395508 0.780703 0.394341 0.778077 0.392104 0.775160 0.386366
1 0.846916 0.405484 0.838335 0.401846 0.837144 0.402640 0.832978 0.402640 0.831787 0.404426 0.835160 0.406145 0.846668 0.405616
1 0.963775 0.431286 0.948953 0.431208 0.946472 0.427428 0.947358 0.426641 0.948894 0.425617
1 0.983084 0.429869 0.982080 0.430341 0.979128 0.430578 0.980014 0.431759 0.992178 0.434751 0.995072 0.435932 0.998556 0.434908
1 0.656783 0.345099 0.666049 0.345189 0.657865 0.340770
1 0.595801 0.321811 0.604360 0.322273 0.604533 0.325743 0.603839 0.326514 0.602741 0.325897
1 0.601758 0.334070 0.603088 0.333145 0.603666 0.328133 0.590134 0.326745
1 0.594240 0.321657 0.602278 0.326591 0.588862 0.325743 0.580882 0.320963
1 0.578800 0.330061 0.601411 0.334687 0.588862 0.327131 0.575157 0.326051 0.574521 0.327362
1 0.539726 0.316768 0.543427 0.320083 0.527235 0.320854 0.521510 0.314763
1 0.539841 0.315380 0.536603 0.312913 0.536950 0.311293 0.548515 0.312373 0.549672 0.314223 0.549788 0.315226 0.539783 0.314840
1 0.446092 0.301503 0.457388 0.302766 0.458403 0.304659 0.458809 0.306734 0.447919 0.306824
1 0.443319 0.291943 0.445416 0.301052 0.460432 0.301142 0.458606 0.294649 0.444401 0.294288
1 0.442870 0.305517 0.441638 0.298641 0.426090 0.297204 0.425321 0.302438
1 0.440176 0.291662 0.441408 0.297101 0.427168 0.295767 0.428015 0.289815
1 0.369083 0.286568 0.368375 0.287513 0.369083 0.289009 0.370737 0.292001 0.371504 0.293497 0.391050 0.297197 0.392881 0.290662 0.369083 0.286647
1 0.373158 0.281687 0.394593 0.285859 0.393176 0.290347 0.369615 0.285781
1 0.349233 0.277628 0.372383 0.281397 0.367412 0.286076 0.364634 0.285296 0.357470 0.283801 0.350403 0.283152 0.345822 0.281267
1 0.312388 0.279881 0.305393 0.283369 0.311908 0.284509
1 0.277197 0.278314 0.303844 0.282657 0.310786 0.279026 0.288465 0.273829
1 0.300587 0.269912 0.290975 0.273117 0.312121 0.278528 0.312816 0.277246 0.314952 0.272547
1 0.345283 0.278884 0.347846 0.277104 0.341652 0.275965 0.342132 0.278101 0.345016 0.279097
1 0.297617 0.270020 0.276150 0.265890 0.269902 0.267884 0.273320 0.268738 0.275456 0.269948 0.275830 0.270803 0.288326 0.273081
1 0.259383 0.270091 0.261999 0.270589 0.265844 0.271515 0.272733 0.272013 0.275189 0.271372 0.286136 0.273580 0.274602 0.278065 0.246566 0.273936
1 0.251693 0.261974 0.274602 0.265320 0.267499 0.267243 0.262640 0.266602 0.259222 0.266175 0.255538 0.265819 0.253081 0.266032 0.251479 0.266673 0.239090 0.264822
1 0.226114 0.257987 0.219866 0.259411 0.221201 0.260408 0.221682 0.261832 0.222269 0.262544 0.235299 0.263968 0.250091 0.261476
1 0.235726 0.265392 0.250732 0.267884 0.251960 0.268880 0.254256 0.269806 0.256232 0.269877 0.244911 0.273153 0.217356 0.269094
1 0.205448 0.261618 0.209400 0.261974 0.214045 0.262330 0.219332 0.262401 0.231668 0.264395 0.215381 0.268097 0.209239 0.266744 0.205448 0.262330
1 0.099448 0.248236 0.126723 0.246475 0.139997 0.251141 0.124015 0.252550
1 0.168196 0.249732 0.155252 0.246386 0.136232 0.247355 0.149639 0.250701
1 0.126921 0.253695 0.149308 0.252022 0.164035 0.255280 0.154724 0.257921
1 0.153007 0.251758 0.169979 0.250525 0.164960 0.254311 0.153667 0.251846