0 0.095098 0.350683 0.085393 0.341625 0.075850 0.338822 0.054499 0.333861 0.047382 0.339469 0.043662 0.343566 0.042853 0.347664 0.043500 0.353918 0.045926 0.356075 0.046250 0.359094 0.048676 0.361467 0.052558 0.362114 0.053852 0.359526 0.056440 0.359741 0.065983 0.362976 0.068410 0.365349 0.073100 0.366211 0.076012 0.366211 0.078438 0.363839 0.092187 0.365133 0.092187 0.367290 0.095098 0.368799 0.099627 0.367290 0.101245 0.365133 0.102377 0.357800 0.100436 0.354350
0 0.098495 0.351762 0.106259 0.350036 0.110950 0.345939 0.118067 0.346370 0.126963 0.348527 0.134565 0.351977 0.140065 0.356938 0.140226 0.366858 0.138447 0.368584 0.136183 0.371603 0.131492 0.371387 0.130521 0.369878 0.118552 0.367937 0.116287 0.369878 0.111597 0.369015 0.109656 0.367505 0.101245 0.366211 0.102539 0.358232 0.100274 0.354350
0 -0.000010 0.368368 0.004842 0.367937 0.014224 0.367290 0.026355 0.362761 0.036707 0.361251 0.052235 0.363408 0.070512 0.366858 0.085070 0.371387 0.084423 0.373975 0.091378 0.382818 0.092996 0.387562 0.092672 0.388425 0.073909 0.385621 0.062748 0.385405 0.046735 0.387131 0.038324 0.389719 0.024090 0.389719 0.020370 0.391444 0.018753 0.396620 0.007268 0.395973 -0.000496 0.394248
0 0.000151 0.402443 0.010827 0.406972 0.025869 0.413011 0.035898 0.419049 0.040750 0.421422 0.042530 0.427245 0.043662 0.432852 0.043985 0.442126 0.043824 0.450105 0.037677 0.453125 0.019885 0.454850 0.000313 0.454850
0 0.020208 0.391660 0.018429 0.397914 0.015194 0.403737 0.015518 0.408913 0.026031 0.413658 0.040265 0.421637 0.043500 0.432636 0.046897 0.431989 0.049970 0.430911 0.051426 0.428539 0.107715 0.442341 0.108362 0.445361 0.113376 0.449243 0.119037 0.450968 0.123081 0.449243 0.126478 0.446223 0.140388 0.447302 0.148476 0.446223 0.156240 0.443851 0.156725 0.435656 0.154784 0.427245 0.152843 0.422716 0.144917 0.417324 0.127933 0.411070 0.110141 0.395542 0.096069 0.389503 0.076982 0.386052 0.053852 0.386484 0.038971 0.389719 0.023767 0.389934
0 0.158032 0.386156 0.143114 0.388956 0.134163 0.389103 0.132395 0.392344 0.131401 0.397059 0.130185 0.400890 0.131290 0.404868 0.134163 0.407962 0.139689 0.411498 0.141015 0.414445 0.142009 0.416213 0.144440 0.417244 0.148418 0.418275 0.151954 0.417391 0.154275 0.414297 0.191072 0.424022 0.192730 0.428884 0.194719 0.429768 0.198807 0.430946 0.202785 0.430504 0.205327 0.428884 0.210962 0.429178 0.217151 0.429178 0.221350 0.428589 0.226101 0.427410 0.226543 0.424022 0.225770 0.418423 0.222676 0.412677 0.214609 0.408551 0.204111 0.403542 0.193835 0.393376 0.188972 0.391018 0.172397 0.387335 0.162452 0.386156
0 0.268976 0.401332 0.260799 0.393228 0.253285 0.388366 0.246434 0.386451 0.238035 0.385861 0.236378 0.384977 0.235383 0.385714 0.227427 0.386009 0.217151 0.387924 0.216819 0.393376 0.215493 0.395291 0.214830 0.398238 0.214056 0.399711 0.214056 0.401921 0.214388 0.403689 0.221018 0.406783 0.222123 0.410025 0.223228 0.411498 0.225107 0.412087 0.227648 0.412382 0.230742 0.411056 0.234278 0.410025 0.261683 0.417539 0.262788 0.420485 0.265771 0.422106 0.268755 0.422106 0.271739 0.421664 0.282236 0.420485 0.282457 0.416065 0.282678 0.407667 0.276711 0.403394
0 0.282347 0.412235 0.287319 0.412382 0.288977 0.414592 0.292513 0.416802 0.296381 0.412677 0.306326 0.414003 0.307210 0.407667 0.305000 0.401332 0.295055 0.396764 0.284888 0.390282 0.277816 0.387777 0.266545 0.386303 0.260688 0.386303 0.259915 0.387777 0.257373 0.390282 0.261351 0.393818 0.268755 0.401479 0.276932 0.403247 0.282789 0.407962
0 0.934118 0.658159 0.908362 0.649917 0.890677 0.647856 0.880203 0.649230 0.868184 0.652664 0.867153 0.651748 0.863376 0.652664 0.860972 0.654038 0.860457 0.657014 0.855306 0.658159 0.842428 0.658388 0.828177 0.659303 0.821824 0.661593 0.818905 0.667316 0.817188 0.669148 0.815127 0.672811 0.813925 0.674184 0.813410 0.687234 0.815814 0.690439 0.831783 0.703259 0.843287 0.711272 0.862861 0.720430 0.865265 0.727756 0.870587 0.728900 0.878829 0.732334 0.884495 0.729587 0.889475 0.725008 0.951460 0.736684 0.952490 0.741950 0.954207 0.744926 0.958156 0.747673 0.965539 0.748818 0.974125 0.746757 0.977559 0.742637 0.977730 0.738745 0.987174 0.737600 0.992325 0.729129 0.992325 0.720201 0.993699 0.714019 0.992669 0.707609 0.987861 0.699367 0.979104 0.681510 0.960560 0.670979 0.939956 0.661822
0 1.000052 0.657014 0.990093 0.654496 0.984083 0.660219 0.977730 0.668003 0.972408 0.677847 0.979276 0.681052 0.989921 0.703030 0.992325 0.706464 0.993699 0.713790 0.992325 0.721116 0.991638 0.728900 1.000567 0.734166
0 1.000223 0.641904 0.994901 0.644193 0.992325 0.646941 0.991467 0.649459 0.990608 0.652664 0.990265 0.654496 1.000223 0.657243
0 0.946824 0.577801 0.938239 0.578488 0.936006 0.581236 0.935320 0.585814 0.954894 0.592225 0.967428 0.598635 0.974468 0.604129 0.979962 0.607105 0.982710 0.603442 0.984770 0.601382 0.986315 0.595430 0.986144 0.590622 0.984598 0.587875 0.981336 0.582609 0.970347 0.578259 0.957984 0.574596 0.953348 0.575283
0 1.000395 0.570246 0.993355 0.569331 0.990093 0.569789 0.985972 0.572994 0.979791 0.573909 0.978417 0.575512 0.978245 0.578717 0.979962 0.582380 0.985114 0.581236 0.991982 0.584670 0.993699 0.586043 0.998335 0.585814 1.000052 0.585585
0 0.998506 0.569331 0.998163 0.566583 0.995587 0.564752 0.994042 0.563149 0.988548 0.560402 0.984083 0.559029 0.977387 0.560631 0.977902 0.567270 0.979962 0.568644 0.983397 0.568415 0.985457 0.571162 0.990265 0.569331 0.995931 0.570018
0 0.824166 0.538738 0.824351 0.539599 0.825458 0.540460 0.826657 0.540214 0.827118 0.539230 0.831453 0.540583 0.832468 0.542427 0.833113 0.542919 0.834681 0.543042 0.836526 0.541935 0.837725 0.541935 0.838648 0.540214 0.839109 0.538369 0.838371 0.536647 0.833021 0.533327 0.830992 0.529268 0.826564 0.526316 0.816234 0.523734 0.812729 0.524595 0.809132 0.525456 0.808301 0.527054 0.807471 0.530621 0.808670 0.533081 0.809224 0.534925 0.810700 0.535909 0.812913 0.535417 0.816049 0.536278 0.816234 0.537508 0.818079 0.538615 0.820200 0.539107 0.821030 0.538246
0 0.845196 0.562965 0.838832 0.559522 0.836065 0.556324 0.828040 0.548822 0.813836 0.544272 0.803690 0.542919 0.798893 0.544887 0.795296 0.546855 0.793451 0.553988 0.793082 0.558292 0.794835 0.560260 0.796680 0.563580 0.801291 0.565179 0.802214 0.563703 0.807379 0.565671 0.807933 0.567639 0.808855 0.569115 0.810238 0.570098 0.813006 0.571328 0.815127 0.570836 0.816695 0.569238 0.826380 0.570836 0.826841 0.566163 0.826196 0.565671 0.829516 0.564564 0.837817 0.562719
0 -0.000153 0.693406 0.018786 0.700170 0.044490 0.709640 0.070193 0.725874 0.072899 0.720462 0.082369 0.719561 0.094544 0.724521 0.098264 0.728128 0.100970 0.733540 0.100293 0.738500 0.095897 0.743460 0.116189 0.755636 0.156435 0.769615 0.200063 0.786750 0.229825 0.802533 0.244706 0.812905 0.250117 0.830491 0.247750 0.863861 0.240648 0.906249 0.237604 0.932403 0.234222 0.968478 0.228811 1.001397 -0.000153 1.000044
0 0.239778 0.509452 0.222012 0.499430 0.189897 0.490016 0.145026 0.479083 0.132499 0.476654 0.128171 0.479994 0.107216 0.476350 0.093322 0.477565 0.077606 0.481513 0.067812 0.487283 0.064168 0.490927 0.066673 0.500949 0.059840 0.514615 0.051868 0.525244 0.044808 0.534051 0.042758 0.543466 0.042530 0.551058 0.042074 0.556828 0.042985 0.561080 0.043669 0.561991 0.044124 0.566547 0.040252 0.571102 0.039797 0.588413 0.038658 0.589931 0.039113 0.594486 0.040935 0.601775 0.045946 0.605419 0.066673 0.616960 0.071912 0.623945 0.078062 0.627285 0.081251 0.642470 0.087628 0.650973 0.092639 0.654010 0.100611 0.656440 0.112455 0.657654 0.119516 0.654010 0.124755 0.648240 0.129310 0.640040 0.136371 0.640040 0.258911 0.668891 0.261644 0.679520 0.267566 0.688631 0.275538 0.693490 0.285105 0.696527 0.298543 0.692579 0.306970 0.680128 0.309020 0.672232 0.316309 0.667373 0.325192 0.662210 0.336125 0.658262 0.340453 0.651884 0.342275 0.644596 0.349108 0.632144 0.351158 0.618782 0.350019 0.610582 0.348425 0.607545 0.345236 0.593272 0.341136 0.585072 0.329064 0.576265 0.306059 0.565939 0.288977 0.559258 0.277360 0.545895 0.267794 0.529800 0.255722 0.516134
0 0.224605 0.500858 0.226863 0.498517 0.243416 0.496343 0.260596 0.496678 0.267743 0.497514 0.276271 0.493501 0.293451 0.486813 0.299721 0.485810 0.318406 0.487649 0.328814 0.489823 0.349630 0.499019 0.369695 0.515404 0.383865 0.519752 0.385997 0.523932 0.385621 0.534465 0.384617 0.537308 0.385997 0.541321 0.385621 0.549848 0.382611 0.557874 0.380103 0.565231 0.379601 0.567404 0.377595 0.569745 0.370071 0.570414 0.354647 0.571919 0.350508 0.579443 0.339975 0.578774 0.331447 0.576600 0.327184 0.572253 0.323923 0.566568 0.299595 0.561887 0.287808 0.559211 0.277274 0.545334 0.267242 0.529449 0.254576 0.515739 0.238274 0.509051
0 0.252194 0.496511 0.259467 0.485977 0.265110 0.482466 0.280158 0.481463 0.287808 0.479958 0.302480 0.477784 0.314017 0.472935 0.329441 0.470594 0.339348 0.471096 0.357531 0.476279 0.374335 0.483803 0.383489 0.490993 0.389257 0.501360 0.391138 0.512729 0.391640 0.518247 0.391389 0.525938 0.389884 0.532292 0.389383 0.534967 0.386749 0.537475 0.385119 0.538311 0.384617 0.536639 0.385370 0.534465 0.386122 0.523263 0.383865 0.519752 0.369820 0.515572 0.349003 0.499019 0.327936 0.489655 0.308875 0.486980 0.295959 0.486311 0.288936 0.488318 0.267618 0.497179
0 0.442439 0.673904 0.421927 0.675915 0.408957 0.677524 0.405639 0.685568 0.400511 0.699644 0.394780 0.706481 0.392970 0.710101 0.388747 0.726993 0.385127 0.750722 0.384825 0.769223 0.383921 0.787723 0.386334 0.803811 0.390858 0.815072 0.398701 0.824322 0.416196 0.835181 0.428563 0.842019 0.432183 0.856095 0.437914 0.867357 0.448472 0.875400 0.463554 0.874596 0.474111 0.870172 0.480747 0.862932 0.485574 0.852878 0.645745 0.875400 0.648158 0.885455 0.650571 0.891488 0.656001 0.896314 0.663542 0.899532 0.678322 0.901945 0.685561 0.899129 0.692499 0.891890 0.698532 0.885053 0.706978 0.881031 0.720552 0.877411 0.728394 0.868965 0.730506 0.862530 0.730506 0.857704 0.736840 0.848052 0.738650 0.842421 0.737444 0.834779 0.733221 0.819496 0.726283 0.805420 0.708788 0.780082 0.690388 0.759972 0.689181 0.756353 0.675004 0.745091 0.650269 0.730613 0.625233 0.717340 0.598387 0.696829 0.576971 0.683154 0.545298 0.671893 0.505783 0.666263 0.485272 0.665860 0.462950 0.669882
0 0.641220 0.725786 0.643332 0.719351 0.643633 0.716134 0.645443 0.704470 0.644538 0.695220 0.643332 0.690796 0.640617 0.682350 0.633679 0.671089 0.622217 0.659828 0.608643 0.649773 0.593259 0.640925 0.579384 0.634490 0.570938 0.627250 0.549220 0.607945 0.529915 0.597086 0.505783 0.590249 0.481954 0.587836 0.468078 0.589042 0.449075 0.592662 0.433088 0.595478 0.417704 0.596684 0.411068 0.596282 0.407147 0.601913 0.405337 0.609956 0.402019 0.615587 0.399606 0.622022 0.395986 0.634088 0.393875 0.648566 0.394780 0.658621 0.400511 0.668274 0.410465 0.675915 0.428563 0.675111 0.447868 0.674306 0.470793 0.667871 0.488590 0.666665 0.512118 0.667469 0.546807 0.671893 0.578781 0.683959 0.623122 0.716134
0 0.455304 0.509505 0.441760 0.508669 0.430098 0.507833 0.423201 0.509505 0.416680 0.514689 0.415175 0.518367 0.413671 0.526226 0.412667 0.531242 0.411915 0.538766 0.412793 0.543113 0.419815 0.548463 0.427716 0.550972 0.428468 0.556322 0.430098 0.560335 0.433108 0.563344 0.440381 0.565016 0.445272 0.564180 0.448156 0.561505 0.451291 0.556322 0.510731 0.568695 0.511985 0.575383 0.514117 0.579897 0.517127 0.581904 0.523271 0.584077 0.530294 0.583241 0.533053 0.578393 0.535059 0.573544 0.540451 0.573377 0.545593 0.573209 0.551236 0.568862 0.551361 0.567190 0.551863 0.560335 0.552615 0.553647 0.552114 0.547962 0.553117 0.545287 0.553368 0.542277 0.553618 0.539267 0.551737 0.532914 0.547599 0.527396 0.548602 0.524219 0.547474 0.520875 0.545217 0.518702 0.537316 0.514856 0.536815 0.513518 0.534934 0.513686 0.530043 0.510843 0.519760 0.506663 0.502455 0.501313 0.488410 0.498136 0.483519 0.498303 0.476371 0.499473 0.466339 0.503319
0 0.504963 0.501814 0.499069 0.495461 0.492423 0.488772 0.479130 0.483422 0.461574 0.479075 0.447654 0.476232 0.443140 0.475564 0.439754 0.478072 0.435616 0.485094 0.433233 0.488438 0.431979 0.494792 0.429471 0.500811 0.429722 0.505325 0.432355 0.508001 0.454928 0.509505 0.469976 0.502149 0.476747 0.499808 0.488034 0.497467
0 0.506342 0.502650 0.506342 0.500811 0.507095 0.492785 0.505339 0.490110 0.497689 0.484760 0.489162 0.480078 0.481763 0.472888 0.475493 0.467371 0.463706 0.462522 0.445272 0.459512 0.437748 0.461686 0.430224 0.464695 0.429722 0.468207 0.428468 0.473056 0.426963 0.476232 0.425709 0.482084 0.426712 0.485428 0.429847 0.489107 0.433233 0.489274 0.439503 0.478406 0.443265 0.475396 0.477124 0.482920 0.492297 0.489107 0.504963 0.501814
0 0.485275 0.476567 0.487657 0.471718 0.487532 0.466033 0.484272 0.461017 0.478628 0.457506 0.474992 0.456670 0.468973 0.449480 0.465838 0.446303 0.454677 0.442458 0.443516 0.441287 0.443516 0.442792 0.437748 0.445969 0.434863 0.447306 0.431227 0.453827 0.432230 0.458676 0.435240 0.462020 0.445272 0.459345 0.464333 0.462856 0.475870 0.468039
0 0.783721 0.576829 0.778543 0.572533 0.773480 0.569925 0.773480 0.567777 0.769453 0.568391 0.759328 0.563789 0.747477 0.560720 0.736316 0.560720 0.726306 0.564095 0.717677 0.566550 0.706976 0.567624 0.701684 0.567931 0.699037 0.572380 0.696276 0.576675 0.693745 0.586187 0.695586 0.589255 0.700533 0.593704 0.714570 0.599534 0.718482 0.602142 0.719978 0.606591 0.721704 0.608585 0.727802 0.610426 0.731139 0.609352 0.733670 0.607204 0.735396 0.605824 0.771524 0.614721 0.772445 0.618710 0.774976 0.621011 0.780269 0.621778 0.784641 0.620398 0.786712 0.617176 0.789359 0.616256 0.790624 0.614415 0.792120 0.604443 0.790164 0.595852 0.791200 0.590482 0.788208 0.588488 0.784411 0.580357 0.784066 0.578976
0 0.725041 0.564402 0.725731 0.561181 0.724235 0.559186 0.724235 0.554584 0.719748 0.551823 0.711579 0.547680 0.707437 0.545379 0.701684 0.538169 0.695355 0.532799 0.688222 0.528964 0.679362 0.525589 0.666015 0.522828 0.656696 0.521447 0.652784 0.523902 0.647031 0.527277 0.643694 0.538322 0.642198 0.539856 0.641508 0.544766 0.642428 0.547987 0.645650 0.549675 0.645880 0.553663 0.647491 0.555658 0.649217 0.557039 0.651173 0.557499 0.653359 0.557499 0.656466 0.556118 0.659112 0.557959 0.660032 0.562255 0.661413 0.564709 0.663484 0.566703 0.666476 0.567931 0.671078 0.566550 0.673264 0.562561 0.699728 0.570846 0.701684 0.568238 0.717217 0.566703
0 0.706861 0.545072 0.706401 0.543078 0.706631 0.540470 0.707897 0.537402 0.710313 0.535407 0.714570 0.528964 0.720783 0.527430 0.728262 0.528351 0.739883 0.532186 0.745866 0.535101 0.753000 0.538322 0.756567 0.541084 0.762205 0.546913 0.767958 0.554277 0.773480 0.557345 0.779003 0.560107 0.781189 0.562255 0.781995 0.565783 0.781765 0.571613 0.781420 0.574528 0.775897 0.571459 0.773365 0.570079 0.773365 0.568391 0.768993 0.568544 0.758983 0.563789 0.747362 0.560720 0.736547 0.560874 0.725271 0.564249 0.725616 0.561027 0.724005 0.559186 0.724120 0.554584 0.714685 0.549061
0 0.720093 0.527277 0.715376 0.525743 0.711349 0.524975 0.703295 0.526663 0.694550 0.527737 0.691328 0.527583 0.690523 0.529885 0.696391 0.532799 0.702719 0.538936 0.706171 0.543538 0.706516 0.540317 0.708012 0.536788 0.710313 0.535714 0.714455 0.529118
0 0.551908 0.461850 0.544439 0.462186 0.541922 0.462746 0.540831 0.464871 0.541083 0.466773 0.541586 0.468787 0.544104 0.470018 0.544355 0.471249 0.546537 0.472927 0.549222 0.473710 0.551824 0.472815 0.569530 0.477962 0.571292 0.479752 0.574145 0.480424 0.575152 0.478969 0.575824 0.478298 0.579935 0.478857 0.580858 0.476843 0.580942 0.475277 0.581362 0.471361 0.578928 0.466102 0.576663 0.463864 0.571208 0.461291 0.565082 0.459277 0.560803 0.458941 0.555768 0.460284
0 0.634900 0.499892 0.629865 0.494969 0.622564 0.490829 0.615264 0.488703 0.607124 0.487808 0.600998 0.489710 0.596131 0.491836 0.589250 0.491389 0.583544 0.492284 0.582201 0.493626 0.580439 0.496312 0.580691 0.499444 0.581194 0.502018 0.586397 0.505039 0.590593 0.507500 0.593278 0.509290 0.595963 0.510297 0.598313 0.510409 0.599404 0.509514 0.624243 0.515668 0.625166 0.516899 0.627515 0.518241 0.630368 0.519248 0.632215 0.518689 0.633725 0.516116 0.639263 0.515668 0.640103 0.512871 0.640858 0.510074 0.640354 0.508283 0.640606 0.503472 0.639515 0.502353 0.637921 0.501346
0 0.640522 0.488479 0.640270 0.489486 0.636075 0.493514 0.635235 0.495081 0.634816 0.497654 0.634396 0.499221 0.635907 0.500451 0.639431 0.502130 0.641026 0.503696 0.640270 0.508283 0.640438 0.510074 0.639683 0.514885 0.641277 0.516116 0.643291 0.515220 0.644130 0.514437 0.644130 0.516227 0.644886 0.517794 0.646228 0.518801 0.647655 0.519584 0.650928 0.519360 0.652690 0.517794 0.653361 0.516339 0.667459 0.520255 0.668802 0.522941 0.671990 0.523500 0.674004 0.522717 0.674927 0.522941 0.675179 0.524171 0.678620 0.525514 0.682899 0.526745 0.684158 0.525626 0.687934 0.525402 0.688438 0.521710 0.688689 0.518130 0.687011 0.512759 0.682648 0.509850 0.676270 0.507612 0.671151 0.500339 0.666452 0.496312 0.657389 0.492619 0.647991 0.489598
0 0.638844 0.490829 0.632718 0.487361 0.629613 0.484116 0.624494 0.479529 0.616103 0.476172 0.609390 0.475277 0.602425 0.476619 0.598145 0.476843 0.597642 0.478857 0.596467 0.483221 0.596551 0.485906 0.601334 0.489263 0.607040 0.487696 0.615683 0.489151 0.622480 0.490941 0.630201 0.494969 0.634229 0.499444 0.635235 0.495416 0.635907 0.493291
1 0.029991 0.358693 0.036394 0.360888 0.025782 0.363084 0.014805 0.366499 -0.000015 0.368207 0.000168 0.355034
1 0.068962 0.459200 0.040236 0.453101 0.043347 0.449930 0.044079 0.434805 0.112507 0.451882
1 0.153673 0.423096 0.155137 0.426999 0.156784 0.432854 0.177824 0.438221 0.200512 0.434805
1 0.226750 0.424837 0.226381 0.427173 0.221216 0.429141 0.235881 0.432954 0.245566 0.429633
1 0.225920 0.418811 0.226934 0.424099 0.247134 0.429756 0.257742 0.426313
1 0.223245 0.413030 0.225828 0.417458 0.259033 0.426559 0.269825 0.423976
1 0.216235 0.405036 0.210701 0.406266 0.204429 0.403192 0.198894 0.398149 0.213560 0.401839 0.214113 0.403561
1 0.136368 0.409313 0.127386 0.410193 0.119527 0.403853 0.113848 0.398482 0.130226 0.402268 0.131018 0.404294 0.134188 0.408080
1 0.958299 0.823970 0.999966 0.860676 0.999966 0.832568
1 0.853636 0.736337 0.952843 0.818348 1.000214 0.828930 0.999966 0.764115
1 0.703653 0.609280 0.738317 0.638517 0.832461 0.658650 0.848480 0.657775 0.810009 0.632740
1 0.739368 0.640268 0.786243 0.678433 0.813422 0.683685 0.813948 0.673881 0.816968 0.669504 0.821694 0.661626 0.827603 0.659175
1 0.790970 0.612957 0.790707 0.615057 0.788869 0.616808 0.811584 0.632214 0.814604 0.619084
1 0.791364 0.600352 0.792151 0.603503 0.790970 0.612081 0.814998 0.618034 0.817361 0.606654
1 0.793990 0.590548 0.791889 0.590022 0.790182 0.595450 0.791232 0.599301 0.817493 0.605254
1 0.651036 0.565683 0.673643 0.583871 0.694915 0.588958 0.693485 0.586669 0.695965 0.576875
1 0.645789 0.552964 0.645694 0.550039 0.642355 0.548513 0.641210 0.545078 0.641020 0.543043 0.617554 0.537447 0.632816 0.549657
1 0.603913 0.526128 0.616409 0.536303 0.641592 0.542153 0.641878 0.539737 0.643881 0.537956 0.644072 0.535794
1 0.645694 0.530325 0.644263 0.535285 0.603340 0.525364 0.593229 0.516843
1 0.645503 0.524601 0.648079 0.526000 0.646934 0.527018 0.646075 0.529562 0.592180 0.516080 0.582736 0.508448
1 0.636823 0.517479 0.645789 0.523711 0.650368 0.525237 0.653897 0.522566
1 0.580272 0.498655 0.580866 0.502441 0.573734 0.500592 0.566338 0.494957
1 0.560856 0.489761 0.565743 0.494516 0.580404 0.498038 0.580338 0.496189 0.580866 0.494780
1 0.583112 0.492139 0.581197 0.494164 0.560196 0.489233 0.555111 0.484654
1 0.548639 0.479811 0.554450 0.484302 0.584036 0.491611 0.589187 0.491170 0.590640 0.490730
1 0.544214 0.475673 0.547714 0.479283 0.593942 0.490994 0.589385 0.487472
1 0.541507 0.472239 0.544214 0.475145 0.587734 0.486768 0.584895 0.484566 0.578225 0.482805 0.574328 0.481044
1 0.532789 0.464666 0.537544 0.468365 0.541176 0.468188 0.540516 0.466251
1 0.588527 0.485711 0.590376 0.487384 0.600612 0.489761 0.600810 0.489145 0.596386 0.486503 0.593216 0.486151 0.590706 0.486592
1 0.580800 0.477962 0.580338 0.479107 0.586414 0.480692 0.595989 0.483598 0.596650 0.481396
1 0.979566 0.642131 0.984285 0.645227 0.988854 0.646725 0.991775 0.647524 0.989753 0.654315 0.986982 0.656912 0.976046 0.654515
1 0.982712 0.633641 0.981364 0.636937 0.986382 0.637636 0.992749 0.639534 0.998966 0.642230 1.000090 0.641531 1.000165 0.637137
1 0.802416 0.570017 0.820709 0.579415 0.823478 0.579639 0.824989 0.575387
1 0.781017 0.559276 0.765325 0.551108 0.792849 0.557038 0.792849 0.558381 0.794276 0.560506 0.795199 0.562409
1 0.761045 0.544954 0.765241 0.549989 0.792849 0.556590 0.793269 0.552339
1 0.789409 0.547863 0.787814 0.548982 0.793772 0.551779 0.794695 0.548870
1 0.781353 0.542381 0.788402 0.546744 0.794863 0.547975 0.795451 0.545514
1 0.784961 0.539807 0.794528 0.544954 0.761717 0.537458 0.755255 0.533765 0.759787 0.533765
1 0.753829 0.529402 0.757269 0.532535 0.782696 0.538577 0.772374 0.533654
1 0.756195 0.540058 0.759940 0.543953 0.788554 0.550345 0.782561 0.547548 0.774771 0.545850 0.769079 0.543953 0.766008 0.542155
1 0.765483 0.541556 0.766307 0.540258 0.758367 0.536363 0.743162 0.533666 0.753499 0.537961 0.755296 0.539459
1 0.690339 0.503133 0.695087 0.505764 0.671656 0.500667 0.669313 0.498118
1 0.697369 0.507080 0.703905 0.510368 0.673567 0.503380 0.671533 0.500996
1 0.712537 0.515301 0.712291 0.514890 0.705878 0.511108 0.673999 0.504120 0.684235 0.509217
1 0.684913 0.509628 0.694841 0.514479 0.728754 0.522125 0.724253 0.520070 0.717039 0.518014 0.712907 0.515959
1 0.696136 0.515383 0.705508 0.520481 0.735291 0.527387 0.735907 0.525989 0.731776 0.523441
1 0.737140 0.527962 0.706556 0.521138 0.711366 0.524509 0.720615 0.527716 0.728446 0.528373 0.741518 0.532895 0.756687 0.535608 0.753357 0.533142 0.748609 0.531991 0.743122 0.530758 0.739175 0.529360
1 0.731159 0.520810 0.728323 0.521138 0.731961 0.522947 0.769821 0.532320 0.759523 0.527798
1 0.731036 0.519987 0.729309 0.518014 0.746760 0.522207 0.758414 0.526811
1 0.722342 0.511684 0.733687 0.516452 0.698540 0.506997 0.694779 0.504284
1 0.701685 0.508560 0.710318 0.512588 0.745341 0.521467 0.733502 0.516863
1 0.269024 1.000003 0.307509 0.866588 0.493393 0.897889 0.728922 0.926111 0.765098 1.000003
1 0.245559 0.813038 0.250084 0.831137 0.248877 0.846420 0.300759 0.855670 0.343592 0.718122 0.217808 0.693991 0.132142 0.675892 0.050096 0.658598 0.016312 0.652163 0.000023 0.674686 0.000627 0.693186 0.045269 0.709676 0.070004 0.726166 0.073020 0.720937 0.082974 0.719329 0.095945 0.725361 0.101073 0.732199 0.100771 0.737427 0.096548 0.742655 0.114948 0.755526 0.171959 0.774428 0.212077 0.792527 0.243749 0.812234
1 0.395467 0.641671 0.374522 0.637798 0.383695 0.611094 0.388893 0.611909 0.399442 0.613336 0.402653 0.613336 0.399137 0.621490 0.396232 0.632702
1 0.339817 0.583778 0.347308 0.585409 0.348531 0.591320 0.352048 0.597028 0.361680 0.602532 0.379109 0.610278 0.369324 0.637798 0.348531 0.633925 0.349601 0.631071 0.351130 0.618840 0.349754 0.610686 0.348837 0.608240 0.345474 0.593563
1 0.410046 0.519924 0.414510 0.520585 0.411782 0.537119 0.405334 0.535797
1 0.554639 0.598297 0.565304 0.620453 0.565304 0.622437 0.552159 0.610532 0.544718 0.605903 0.525869 0.596313 0.497843 0.589699 0.474034 0.588376 0.456177 0.591352 0.426663 0.596313 0.422695 0.587715 0.413270 0.581432 0.400869 0.577133 0.394917 0.574818 0.397893 0.560598
1 0.418260 0.494978 0.417395 0.498670 0.421721 0.499592 0.428988 0.502361 0.429161 0.500746 0.430373 0.498323
1 0.407619 0.519088 0.402687 0.534545 0.389796 0.532354 0.391613 0.526470 0.391699 0.518626 0.391699 0.515165
1 0.410128 0.511128 0.407532 0.517819 0.391613 0.513897 0.389537 0.502938 0.389277 0.500515 0.392651 0.500861 0.395074 0.504553 0.399313 0.507091 0.405456 0.509167
1 0.415492 0.494517 0.414453 0.497747 0.407705 0.496478 0.401130 0.496132 0.396631 0.496362 0.393603 0.497747 0.392478 0.499592 0.388412 0.498785 0.383480 0.490941 0.376732 0.485288
1 0.416912 0.485378 0.415355 0.492991 0.375211 0.484109 0.369587 0.481340 0.357821 0.476264 0.339306 0.471073 0.329616 0.470843 0.316033 0.472342 0.330568 0.464613
1 0.331866 0.464267 0.341642 0.458730 0.421151 0.478226 0.418469 0.484570
1 0.342594 0.457807 0.349602 0.453885 0.408693 0.468420 0.410856 0.470612 0.415009 0.472227 0.422017 0.474649 0.420892 0.477649
1 0.350640 0.453539 0.357561 0.449848 0.425045 0.466575 0.424612 0.467497 0.416393 0.465882 0.411029 0.465882 0.407828 0.467382
1 0.364110 0.446306 0.358224 0.449638 0.409252 0.462002 0.409474 0.458004
1 0.364832 0.445862 0.369607 0.443123 0.409363 0.452747 0.409585 0.457264
1 0.370717 0.442531 0.375270 0.440162 0.409641 0.449268 0.409197 0.452229
1 0.376159 0.440310 0.380490 0.438163 0.410585 0.445936 0.409752 0.448527
1 0.381267 0.437718 0.384266 0.435571 0.411473 0.443271 0.410585 0.445122