0 0.999791 0.999819 0.999791 0.850559 0.990660 0.844696 0.974426 0.835678 0.958192 0.828914 0.948384 0.828012 0.934180 0.819895 0.917946 0.808621 0.905094 0.800955 0.891228 0.797799 0.877362 0.795995 0.855040 0.799152 0.832042 0.803661 0.803295 0.812229 0.781650 0.818091 0.758652 0.826659 0.746139 0.832070 0.735654 0.838834 0.723817 0.847853 0.716377 0.852362 0.712656 0.854617 0.703187 0.855068 0.700481 0.856421 0.699128 0.860930 0.698452 0.866341 0.698452 0.869498 0.693379 0.874007 0.687291 0.889790 0.681880 0.902416 0.676807 0.921807 0.676469 0.932629 0.678836 0.947510 0.679174 0.962391 0.679174 0.974566 0.684247 0.983585 0.688982 0.998466 0.689659 1.000270
0 0.836002 0.490771 0.837017 0.486097 0.836740 0.484252 0.837017 0.481547 0.835910 0.478841 0.834342 0.476873 0.834250 0.475890 0.830192 0.474291 0.825303 0.473061 0.818570 0.472200 0.814788 0.471954 0.811560 0.472323 0.807593 0.473922 0.804642 0.475890 0.801045 0.476013 0.798277 0.476382 0.796340 0.477488 0.795603 0.479825 0.794957 0.481301 0.794588 0.483269 0.794865 0.485359 0.795418 0.486220 0.795879 0.487450 0.796709 0.489418 0.798185 0.490156 0.800491 0.489664 0.801690 0.488680 0.802151 0.487819 0.806302 0.488803 0.806118 0.490156 0.808424 0.492123 0.810453 0.492123 0.811191 0.491877 0.811929 0.490156 0.812759 0.489172 0.816264 0.489418 0.816725 0.490771 0.817463 0.491877 0.818201 0.492984 0.819584 0.493353 0.820414 0.493107 0.821706 0.491508 0.822351 0.490648 0.826687 0.491508 0.827332 0.493107 0.828623 0.494460 0.831206 0.495075 0.833143 0.494091 0.834527 0.491262 0.835449 0.490771
0 0.636156 0.464696 0.637142 0.460174 0.636772 0.458612 0.636649 0.455816 0.634429 0.452199 0.634306 0.451212 0.631038 0.449815 0.624933 0.448417 0.620555 0.448335 0.616917 0.448417 0.613773 0.449732 0.611553 0.451130 0.608038 0.452281 0.605017 0.453021 0.602550 0.453597 0.601749 0.454254 0.601379 0.455488 0.601379 0.458530 0.601379 0.460338 0.602674 0.461243 0.603907 0.461407 0.604462 0.462558 0.605818 0.463134 0.606805 0.463216 0.607853 0.462229 0.608593 0.462476 0.609148 0.462722 0.609518 0.463791 0.611738 0.464613 0.613094 0.464531 0.613711 0.463462 0.614204 0.462887 0.624748 0.464038 0.625427 0.465436 0.626907 0.465436 0.627770 0.465518 0.629250 0.464531 0.630175 0.465847 0.631470 0.467162 0.633443 0.467244 0.634799 0.466422 0.635416 0.465107 0.635786 0.464531
0 0.333095 0.424454 0.333215 0.418180 0.333034 0.414480 0.331164 0.410217 0.330380 0.407562 0.326760 0.406275 0.315901 0.404425 0.310833 0.403701 0.306430 0.404586 0.303956 0.405712 0.301603 0.407240 0.298527 0.408366 0.296174 0.409332 0.291227 0.409895 0.288210 0.411504 0.287064 0.412710 0.286099 0.414238 0.285315 0.417054 0.285134 0.419950 0.287305 0.420513 0.289055 0.420834 0.290925 0.422202 0.292614 0.423971 0.295389 0.424293 0.297682 0.423811 0.299250 0.422845 0.318555 0.424454 0.319279 0.425821 0.320486 0.427108 0.323080 0.427832 0.325071 0.427591 0.326760 0.426304 0.327484 0.425258 0.329173 0.424454 0.330923 0.424615 0.333457 0.424454
0 0.141938 0.404137 0.142801 0.399944 0.141691 0.395915 0.141198 0.392627 0.139656 0.390325 0.137128 0.386049 0.132257 0.384734 0.121404 0.382761 0.116472 0.382103 0.108456 0.382350 0.104694 0.382596 0.100625 0.383994 0.096308 0.385803 0.090389 0.388516 0.087491 0.389009 0.085271 0.389502 0.083544 0.390325 0.082434 0.391969 0.081633 0.394682 0.081571 0.396820 0.081571 0.399615 0.082989 0.400519 0.086196 0.400848 0.086874 0.402575 0.091622 0.403561 0.094150 0.401999 0.098713 0.401835 0.099206 0.403561 0.103338 0.404055 0.104263 0.402821 0.119308 0.404055 0.120048 0.405617 0.121528 0.406603 0.123254 0.406768 0.125474 0.406932 0.126461 0.406110 0.127324 0.405206 0.128064 0.404959 0.129667 0.405288 0.131209 0.406521 0.132565 0.407754 0.134292 0.407425 0.135648 0.406439 0.137005 0.404795 0.138855 0.404712 0.140704 0.404301 0.142246 0.404055
1 0.030913 0.960299 0.011217 0.999689 0.585666 0.998814 0.567284 0.934038 0.431385 0.942792 0.309931 0.946293 0.192415 0.948044 0.118885 0.951545 0.029600 0.960299
1 0.801002 0.756342 0.843019 0.800985 0.810193 0.809739 0.775398 0.820243 0.747168 0.829872 0.712373 0.853506 0.701212 0.855257 0.697273 0.868387 0.686769 0.890271 0.678234 0.913030 0.573192 0.921783 0.527236 0.764220 0.576475 0.762470 0.652630 0.761594 0.728129 0.759844 0.801659 0.757218
1 0.519358 0.764220 0.392651 0.764220 0.281701 0.760719 0.203576 0.757218 0.172720 0.754591 0.038134 0.948044 0.126107 0.939290 0.212110 0.935789 0.317809 0.934914 0.417599 0.932288 0.564001 0.921783
1 0.502665 0.703105 0.485754 0.699949 0.461404 0.689126 0.451934 0.678304 0.448214 0.671540 0.236160 0.661619 0.175622 0.749101 0.256791 0.754061 0.345062 0.757669 0.426231 0.759473 0.517884 0.757669 0.503341 0.703105
1 0.549130 0.676007 0.549874 0.683944 0.547890 0.687912 0.543178 0.692541 0.535241 0.696179 0.527553 0.699486 0.518872 0.701139 0.509944 0.702462 0.525321 0.757687 0.627255 0.758018 0.700916 0.755703 0.797642 0.751404 0.720509 0.677330
1 0.666328 0.626285 0.485195 0.617258 0.491781 0.640434 0.503674 0.641654 0.515201 0.644581 0.531667 0.651655 0.540084 0.658242 0.545572 0.665317 0.548683 0.672147 0.718655 0.675075
1 0.487515 0.640644 0.475934 0.642048 0.461825 0.647383 0.455929 0.652156 0.451296 0.660017 0.448769 0.666756 0.448137 0.668721 0.239242 0.658614 0.273356 0.604705 0.481409 0.617059
1 0.464041 0.553621 0.470768 0.577879 0.298159 0.565240 0.317270 0.542001
1 0.298312 0.567279 0.275379 0.602748 0.480553 0.614571 0.471227 0.579510
1 0.628731 0.589381 0.475237 0.579460 0.484882 0.614734 0.664004 0.624287
1 0.594835 0.563477 0.468347 0.554659 0.474686 0.577991 0.627353 0.587911
1 0.999939 0.681019 0.949303 0.678814 0.999939 0.705821
1 0.990019 0.638305 0.999939 0.642439 0.999939 0.678263 0.945376 0.676334 0.866424 0.633345
1 0.996632 0.639132 0.999526 0.638856 0.999526 0.641337 0.997252 0.639683
1 0.989605 0.636652 0.999939 0.637203 0.999939 0.612401 0.919747 0.606063
1 0.869731 0.584844 0.915200 0.604410 0.999732 0.611023 0.999526 0.609094 0.949923 0.589804
1 0.909620 0.603859 0.804213 0.598347 0.763497 0.576577 0.864357 0.583742
1 0.914580 0.606063 0.983405 0.635825 0.865184 0.631691 0.807107 0.600276
1 0.910240 0.544335 0.872418 0.530281 0.999732 0.542957 0.999732 0.553153
1 0.868284 0.530281 0.906933 0.544335 0.713723 0.526164 0.693828 0.511606