0 0.773283 0.439044 0.768780 0.443221 0.765647 0.448965 0.762123 0.459146 0.760752 0.465412 0.762123 0.469067 0.762319 0.473244 0.761731 0.478726 0.762514 0.484992 0.766039 0.487603 0.767997 0.488908 0.772892 0.487603 0.808136 0.540861 0.807940 0.544777 0.809311 0.547649 0.809115 0.554176 0.810290 0.559658 0.812640 0.566185 0.817339 0.570623 0.823409 0.572973 0.829283 0.574539 0.832807 0.573495 0.837898 0.572973 0.845926 0.580805 0.861786 0.590203 0.877450 0.596991 0.899772 0.605345 0.915240 0.608478 0.926401 0.608739 0.931100 0.607956 0.932471 0.601690 0.936974 0.594380 0.938932 0.584460 0.944610 0.575061 0.942652 0.565401 0.943240 0.561485 0.935603 0.546866 0.925617 0.534856 0.917002 0.515015 0.908778 0.499090 0.894485 0.478988 0.884891 0.470372 0.868052 0.461757 0.851604 0.455491 0.832220 0.449487 0.821255 0.447137 0.811856 0.448965 0.799717 0.445571 0.785423 0.439305 0.775437 0.437478
0 0.999945 0.458535 0.992504 0.453942 0.986166 0.449716 0.982722 0.447512 0.975970 0.440531 0.968254 0.435203 0.963156 0.430610 0.963845 0.427671 0.960125 0.427854 0.948826 0.422894 0.931741 0.415913 0.922922 0.412422 0.911210 0.410034 0.906663 0.409115 0.900325 0.410034 0.888889 0.412973 0.880622 0.415729 0.874835 0.414994 0.865741 0.414811 0.851962 0.413708 0.846313 0.415729 0.842455 0.419036 0.840250 0.425466 0.836530 0.434284 0.837908 0.437959 0.846588 0.446042 0.852238 0.450635 0.862158 0.457065 0.870012 0.462025 0.873870 0.464597 0.883791 0.469925 0.885995 0.471579 0.891920 0.471027 0.894263 0.468639 0.951995 0.485541 0.952684 0.488664 0.955302 0.492155 0.961227 0.496013 0.966187 0.497482 0.972663 0.496931 0.976935 0.493073 0.979139 0.490685 0.988646 0.491420 0.993745 0.489215 0.995674 0.484990 0.999394 0.482050 0.999669 0.476171
0 0.999807 0.379905 0.984099 0.375495 0.973766 0.372923 0.967290 0.372189 0.964672 0.374761 0.962054 0.375495 0.957369 0.376598 0.956542 0.378802 0.953924 0.382109 0.953098 0.386151 0.952822 0.390009 0.952684 0.395520 0.953786 0.398276 0.956542 0.399378 0.960125 0.399930 0.962743 0.398460 0.985477 0.409299 0.985202 0.411871 0.986304 0.413892 0.988371 0.415362 0.992642 0.417750 0.994433 0.417934 0.998154 0.416648 0.999532 0.415178 1.000496 0.414076
0 0.863950 0.359880 0.860092 0.359328 0.851824 0.358410 0.848380 0.358777 0.845348 0.361349 0.844384 0.363003 0.844384 0.363738 0.849344 0.366310 0.852238 0.369065 0.853340 0.372556 0.852651 0.375679 0.852238 0.379721 0.852376 0.385232 0.850722 0.388723 0.853616 0.390376 0.858025 0.391662 0.860643 0.394969 0.864087 0.396806 0.869461 0.397541 0.873319 0.393867 0.908179 0.403788 0.908592 0.406360 0.909695 0.408380 0.913139 0.410401 0.918926 0.411504 0.921269 0.411504 0.924025 0.407829 0.928709 0.406727 0.930638 0.402318 0.932981 0.395337 0.935185 0.385049 0.931052 0.374944 0.923473 0.368698 0.909144 0.362268 0.892058 0.356573 0.883791 0.355654 0.876626 0.357675 0.868083 0.359145 0.863261 0.360063
0 0.901428 0.349959 0.906663 0.350510 0.910935 0.349775 0.918789 0.347387 0.926229 0.348857 0.934083 0.351245 0.940697 0.354184 0.947173 0.358961 0.947862 0.362268 0.950204 0.368882 0.949928 0.373291 0.948688 0.379721 0.945381 0.383763 0.943039 0.386151 0.939457 0.386518 0.937252 0.385783 0.936563 0.383579 0.934359 0.382109 0.931189 0.374944 0.923198 0.369065 0.910246 0.362452 0.895916 0.357675 0.900050 0.350143
0 0.836153 0.391330 0.839993 0.392611 0.846834 0.393251 0.849114 0.390050 0.851274 0.385890 0.851874 0.378530 0.853314 0.371489 0.851754 0.368449 0.844794 0.364129 0.840233 0.360769 0.834233 0.354368 0.829193 0.349728 0.829553 0.347808 0.825712 0.348128 0.816832 0.343807 0.805431 0.339807 0.793430 0.338207 0.786350 0.338527 0.780709 0.340607 0.775549 0.341887 0.766549 0.341247 0.762108 0.340127 0.754068 0.341567 0.750588 0.344607 0.747707 0.347808 0.744227 0.355808 0.746627 0.359168 0.753108 0.363489 0.757308 0.366529 0.763668 0.369569 0.763788 0.371329 0.768109 0.376450 0.775789 0.376770 0.779869 0.374049 0.820792 0.387810 0.821272 0.390050 0.824032 0.393251 0.827392 0.395171 0.831353 0.396291 0.835073 0.395811 0.836633 0.391971
0 0.816592 0.338847 0.818512 0.344447 0.825472 0.348288 0.829673 0.347968 0.829073 0.350208 0.832553 0.353728 0.836633 0.356128 0.841553 0.361569 0.844434 0.363329 0.846594 0.360609 0.848394 0.359328 0.860515 0.359328 0.863515 0.359968 0.874435 0.357088 0.871915 0.352288 0.868675 0.346208 0.858114 0.340767 0.848634 0.337727 0.839633 0.335967 0.836033 0.336607 0.830873 0.338847 0.826912 0.340127 0.817552 0.339327
0 0.830993 0.338207 0.821032 0.331647 0.818632 0.328926 0.813952 0.322206 0.806871 0.317086 0.796671 0.313085 0.790070 0.310525 0.779869 0.308285 0.775429 0.312445 0.779389 0.313406 0.786350 0.315646 0.791390 0.318206 0.806391 0.325406 0.815032 0.330687 0.817072 0.338847 0.827392 0.340287 0.830753 0.338687
0 0.903597 0.349728 0.901317 0.340447 0.896517 0.336287 0.884516 0.331647 0.876836 0.331327 0.871075 0.334367 0.866155 0.333727 0.862315 0.335807 0.859915 0.340927 0.869155 0.345888 0.872155 0.352768 0.876236 0.354208 0.877076 0.356288 0.881516 0.355968 0.883676 0.355648 0.892677 0.357408 0.895557 0.357408 0.899757 0.350048
0 0.851514 0.336287 0.852714 0.337567 0.854634 0.338687 0.857994 0.337727 0.860275 0.334847 0.861475 0.331647 0.863035 0.325726 0.860395 0.318206 0.851994 0.312125 0.843354 0.310365 0.835673 0.310045 0.831473 0.311965 0.827633 0.312285 0.824872 0.313886 0.823552 0.317406 0.822592 0.322846 0.823552 0.326046 0.825712 0.327006 0.827032 0.325406 0.835913 0.329887 0.835673 0.331967 0.838433 0.335007 0.840353 0.335007 0.842153 0.333407
0 0.830033 0.312125 0.828113 0.310045 0.823912 0.302365 0.818512 0.299645 0.810111 0.296924 0.804351 0.297244 0.800871 0.300765 0.799671 0.304285 0.798831 0.307005 0.800031 0.310045 0.802911 0.312125 0.806751 0.316446 0.811071 0.319486 0.813712 0.319646 0.821992 0.321726 0.824152 0.314846 0.826312 0.312925 0.829553 0.311965
0 0.817792 0.298845 0.818152 0.293724 0.817192 0.290364 0.810711 0.287644 0.803871 0.285564 0.799791 0.287004 0.795950 0.288284 0.794630 0.289084 0.792830 0.294684 0.793910 0.296284 0.796190 0.295964 0.801951 0.299165 0.805071 0.297404 0.808671 0.297244 0.812992 0.297564 0.818152 0.298685
0 0.785270 0.294684 0.785510 0.295964 0.787190 0.297244 0.788990 0.295324 0.790430 0.290684 0.790310 0.287804 0.786710 0.283004 0.779149 0.280123 0.776149 0.279963 0.772069 0.280923 0.770869 0.282204 0.768949 0.282364 0.767509 0.283964 0.766909 0.285724 0.766789 0.288124 0.767269 0.289884 0.767869 0.291324 0.770269 0.290204 0.773389 0.291484 0.773989 0.292764 0.776149 0.294044 0.778429 0.295004 0.780229 0.295164 0.782390 0.294684
0 0.818392 0.344447 0.814912 0.330527 0.799911 0.322206 0.787190 0.316286 0.777349 0.312765 0.770149 0.313245 0.762468 0.315486 0.756468 0.317086 0.747467 0.316286 0.740387 0.315966 0.735467 0.317086 0.732706 0.320126 0.729346 0.326046 0.728986 0.330367 0.732826 0.336287 0.734987 0.336447 0.736187 0.338527 0.739067 0.340927 0.741707 0.343007 0.743267 0.346528 0.747107 0.348448 0.749147 0.346368 0.752748 0.342047 0.761508 0.340127 0.770869 0.341887 0.777109 0.340767 0.787070 0.337567 0.802911 0.339327 0.810471 0.340767 0.818752 0.345088
0 0.806271 0.316286 0.797751 0.307485 0.791510 0.303005 0.780469 0.299805 0.771109 0.300285 0.767389 0.301405 0.762348 0.302365 0.763188 0.307485 0.762588 0.310845 0.762588 0.314526 0.770269 0.313245 0.774949 0.312605 0.779149 0.307485 0.796911 0.312605 0.805911 0.316286
0 0.773629 0.299325 0.769789 0.297244 0.764148 0.288764 0.759828 0.285564 0.754068 0.282684 0.744707 0.281083 0.740387 0.279963 0.737627 0.280603 0.732946 0.283164 0.738827 0.286204 0.746747 0.288924 0.751428 0.291644 0.755268 0.294044 0.760668 0.297724 0.762228 0.301245 0.772189 0.300125
0 0.884516 0.272763 0.880196 0.270363 0.877796 0.266523 0.871675 0.264602 0.865555 0.264122 0.862075 0.266843
0 0.795756 0.255419 0.792577 0.252353 0.788586 0.251180 0.786219 0.250549 0.783716 0.252623
0 0.795148 0.249016 0.797447 0.247302 0.800965 0.247843 0.804482 0.249106 0.806714 0.251992
0 0.762341 0.286927 0.761538 0.283951 0.753859 0.279665 0.744484 0.275498 0.739395 0.275260 0.735198 0.275498 0.729395 0.279665 0.723591 0.280379 0.725734 0.280975 0.732430 0.282760 0.736716 0.280260 0.740288 0.279903 0.748859 0.281213 0.752698 0.282165 0.762252 0.286689
0 0.733859 0.275855 0.728770 0.276094 0.725555 0.277403 0.720913 0.277046 0.716805 0.277760 0.717609 0.279189 0.719930 0.279665 0.724127 0.280141 0.727609 0.279903 0.728770 0.279665 0.733234 0.276332
0 0.735555 0.274903 0.730645 0.273117 0.725466 0.272998 0.719395 0.275855 0.711805 0.275379 0.714216 0.277760 0.715555 0.278594 0.716538 0.278117 0.721627 0.277046 0.726002 0.277284 0.728770 0.275855 0.734930 0.275022
0 0.722163 0.273951 0.721002 0.272641 0.716270 0.266689 0.710109 0.263951 0.706002 0.263832 0.700645 0.264665 0.695823 0.265855 0.695823 0.266451 0.698948 0.267284 0.704038 0.269189 0.707341 0.271094 0.711359 0.274903 0.716091 0.275260 0.719484 0.275855 0.722163 0.274189
0 0.762520 0.315379 0.762609 0.311094 0.762966 0.307522 0.762698 0.302522 0.760555 0.298117 0.752698 0.292522 0.743948 0.289784 0.737252 0.287760 0.729752 0.286689 0.725913 0.287165 0.717698 0.289665 0.712966 0.290260 0.706180 0.290617 0.699484 0.291094 0.696180 0.291570 0.694663 0.294903 0.693859 0.296808 0.693413 0.299784 0.693859 0.302165 0.696270 0.303355 0.697341 0.304546 0.698859 0.306570 0.699663 0.308713 0.701538 0.311332 0.702788 0.312046 0.707788 0.314427 0.710555 0.315141 0.712698 0.314427 0.714663 0.312403 0.734127 0.317760 0.736627 0.316451 0.744930 0.315975 0.756448 0.317284
0 0.747966 0.290617 0.740288 0.286570 0.733413 0.282998 0.725288 0.281094 0.718680 0.280498 0.712341 0.282284 0.706270 0.283236 0.700198 0.283594 0.694305 0.283117 0.689484 0.284070 0.688413 0.286332 0.687430 0.290379 0.687252 0.292879 0.687341 0.294070 0.689841 0.297403 0.692877 0.299665 0.693770 0.295855 0.696359 0.291570 0.709484 0.290260 0.717609 0.288951 0.727341 0.287165 0.731359 0.286689 0.740020 0.288236 0.747698 0.290498
0 0.711448 0.282046 0.705198 0.279546 0.700466 0.273355 0.696984 0.270022 0.688413 0.265975 0.683770 0.265379 0.678055 0.266451 0.675288 0.267522 0.670020 0.267165 0.668591 0.270141 0.667966 0.272046 0.666716 0.274903 0.666538 0.276808 0.666805 0.278713 0.672698 0.281570 0.674216 0.284427 0.675913 0.286808 0.678770 0.288355 0.681448 0.287879 0.683055 0.286451 0.687698 0.287760 0.689484 0.284546 0.693413 0.283236 0.699573 0.283713 0.705377 0.283713
0 0.692698 0.267522 0.697966 0.267522 0.701984 0.268713 0.706359 0.270617 0.710198 0.273475 0.713323 0.277760 0.714841 0.278594 0.716448 0.280617 0.715377 0.281213 0.712788 0.282165 0.709752 0.281094 0.705555 0.279903 0.701627 0.275498 0.699484 0.272165 0.695823 0.269665 0.692520 0.267760
0 0.688145 0.265855 0.685020 0.258951 0.680645 0.255379 0.674127 0.252879 0.666002 0.250736 0.660288 0.250498 0.658413 0.252760 0.655645 0.254070 0.654484 0.256094 0.653145 0.260260 0.652341 0.264665 0.653948 0.266808 0.656895 0.268475 0.657966 0.270617 0.658680 0.271570 0.661627 0.273475 0.663413 0.273832 0.665823 0.273355 0.667698 0.271451 0.669841 0.267760 0.675020 0.267998 0.679841 0.266808 0.685288 0.265617 0.688145 0.265617
0 0.673234 0.252522 0.681002 0.253355 0.687698 0.256570 0.690198 0.258951 0.695466 0.262165 0.695377 0.266332 0.692966 0.267284 0.690109 0.266332 0.687966 0.265617 0.684752 0.259070 0.681538 0.255855
0 0.690109 0.258236 0.694395 0.258236 0.701716 0.259189 0.706091 0.262760 0.700466 0.264070 0.696448 0.265498 0.695734 0.265498 0.695466 0.261570 0.690466 0.258355
0 0.649216 0.262165 0.647698 0.258832 0.649127 0.253594 0.653055 0.252046 0.658323 0.251808 0.655198 0.255736 0.653323 0.261094 0.652163 0.262522 0.648770 0.261570
0 0.676180 0.249903 0.669841 0.246332 0.661984 0.244070 0.658770 0.243475 0.654841 0.244784 0.651448 0.245975 0.647966 0.246094 0.642252 0.245855 0.640198 0.246808 0.638859 0.248951 0.638680 0.251094 0.639395 0.253117 0.641895 0.254427 0.642698 0.256451 0.643770 0.257760 0.645555 0.258951 0.647252 0.259189 0.648145 0.256808 0.648948 0.253951 0.654395 0.250975 0.658770 0.251451 0.660198 0.250379 0.667609 0.251213 0.676091 0.250141
0 0.644552 0.245515 0.643364 0.240144 0.640590 0.235389 0.633986 0.232395 0.629363 0.232043 0.625599 0.232219 0.621240 0.234156 0.618004 0.234597 0.616353 0.235389 0.615099 0.236886 0.614240 0.240672 0.613910 0.242609 0.615825 0.243050 0.616089 0.244459 0.616816 0.245075 0.618004 0.245427 0.618995 0.244723 0.621571 0.244811 0.621438 0.246132 0.622231 0.246660 0.623420 0.247012 0.625005 0.246308 0.633193 0.248333 0.633193 0.249125 0.634382 0.250006 0.635835 0.250182 0.636297 0.248949 0.638609 0.249654 0.640128 0.246484 0.641977 0.246132 0.644684 0.245955
0 0.605985 0.236093 0.606249 0.237678 0.608164 0.238911 0.609815 0.238383 0.610740 0.237326 0.611004 0.236886 0.613514 0.236534 0.614570 0.234509 0.614306 0.232924 0.614570 0.230634 0.615231 0.227376 0.613382 0.223238 0.609881 0.221213 0.605655 0.219099 0.599645 0.217514 0.596145 0.217250 0.592777 0.219451 0.589871 0.220772 0.583796 0.220596 0.582739 0.221213 0.582739 0.222181 0.585249 0.222533 0.589409 0.224382 0.591919 0.225351 0.592711 0.227200 0.592513 0.228961 0.591919 0.229930 0.593570 0.231074 0.594626 0.232131 0.597268 0.233188 0.599381 0.234420 0.599976 0.235477 0.601098 0.236974 0.602419 0.236974 0.605127 0.236886 0.605721 0.236182
0 -0.000087 0.155026 0.008181 0.158701 0.017274 0.163661 0.031053 0.173398 0.037391 0.177807 0.048001 0.184421 0.049241 0.186625 0.050757 0.189565 0.050205 0.193239 0.053375 0.198199 0.055441 0.202792 0.056406 0.211794 0.053375 0.214550 0.048690 0.214550 0.045934 0.215285 0.042352 0.220429 0.041387 0.221164 0.038218 0.221164 0.035049 0.219878 0.032018 0.218776 0.029951 0.215652 0.025266 0.214734 0.017550 0.216387 0.009421 0.215652 0.007905 0.216755 0.005563 0.220062 0.002807 0.221531 0.000878 0.221531 0.000465 0.221531
0 0.009696 0.159435 0.017412 0.156129 0.027746 0.151903 0.033258 0.149699 0.043041 0.150985 0.048414 0.151719 0.056130 0.153740 0.064535 0.154843 0.077625 0.155026 0.088097 0.158517 0.096777 0.162007 0.100773 0.164579 0.105182 0.167335 0.111521 0.180012 0.114552 0.181481 0.116619 0.187360 0.117583 0.191402 0.118961 0.202609 0.120339 0.209773 0.118548 0.213080 0.116481 0.212897 0.116067 0.217673 0.114001 0.219694 0.110832 0.220429 0.107249 0.219327 0.102840 0.218592 0.100222 0.214917 0.090715 0.214917 0.083825 0.214734 0.083412 0.218592 0.080932 0.220429 0.078727 0.221164 0.074043 0.221899 0.071562 0.221531 0.069082 0.220980 0.065086 0.217857 0.062193 0.215836 0.058748 0.212897 0.056681 0.208487 0.055166 0.203343 0.050205 0.193790 0.050205 0.189197 0.047588 0.184421 0.035462 0.176521 0.024164 0.168621 0.016310 0.163110 0.009421 0.159803
0 0.000051 0.119202 0.009007 0.126367 0.012590 0.129674 0.019755 0.133532 0.026644 0.137206 0.031880 0.142901 0.034084 0.146943 0.034636 0.149331 0.030502 0.150801 0.025542 0.153189 0.017688 0.156312 0.009834 0.159435 0.004185 0.156496 -0.000087 0.155026
0 0.162843 0.195025 0.170284 0.194459 0.176768 0.193466 0.185059 0.194175 0.191968 0.191199 0.199089 0.186947 0.205573 0.185955 0.223005 0.187939 0.235335 0.191341 0.247452 0.193466 0.250003 0.194600 0.254361 0.198285 0.261058 0.207639 0.261695 0.211040 0.262440 0.215859 0.262546 0.219544 0.263821 0.222803 0.264778 0.226063 0.263928 0.228614 0.262333 0.231874 0.259782 0.232724 0.258082 0.233149 0.257231 0.235558 0.255318 0.237684 0.252980 0.238676 0.248728 0.238393 0.244795 0.236834 0.243945 0.234708 0.241925 0.234708 0.241819 0.237259 0.240968 0.241086 0.239480 0.243211 0.235548 0.242928 0.231934 0.242786 0.227576 0.241227 0.225343 0.238535 0.223962 0.233007 0.185271 0.226630 0.182933 0.229464 0.181126 0.230315 0.175173 0.230173 0.171666 0.230173 0.168902 0.227622 0.166670 0.223512 0.164332 0.219969 0.161036 0.217701 0.159974 0.215434 0.160080 0.211465 0.159017 0.206505 0.160611 0.201686 0.162737 0.195876
0 0.228476 0.188904 0.231917 0.184316 0.232336 0.181855 0.238294 0.181295 0.256420 0.182638 0.263469 0.184428 0.272783 0.188792 0.282350 0.197743 0.289734 0.202890 0.296196 0.206806 0.299385 0.210722 0.300727 0.218106 0.298713 0.223924 0.295692 0.226833 0.289734 0.227505 0.284196 0.227505 0.282937 0.228847 0.281259 0.229407 0.278406 0.229295 0.273874 0.228176 0.272028 0.226050 0.267497 0.224148 0.264644 0.223812 0.263385 0.220232 0.262630 0.218218 0.262462 0.214078 0.261287 0.207924 0.256923 0.201883 0.253567 0.197407 0.249203 0.193827 0.243497 0.192484 0.228308 0.189016
0 0.252644 0.159589 0.260616 0.160596 0.271776 0.163394 0.280420 0.166191 0.284951 0.167981 0.287636 0.176261 0.288056 0.183309 0.288476 0.195841 0.283357 0.198638 0.278657 0.195057 0.273203 0.189575 0.264560 0.185100 0.258770 0.182974 0.251972 0.181967
0 0.285859 0.170015 0.289785 0.169091 0.297405 0.169604 0.309566 0.170425 0.318880 0.172991 0.320265 0.182843 0.311875 0.181509 0.304794 0.180483 0.298867 0.180175 0.295865 0.180790 0.292171 0.182946 0.290170 0.183664 0.288322 0.183561 0.287860 0.177404 0.286167 0.170528
0 0.297405 0.180688 0.292863 0.183664 0.288399 0.187872 0.288014 0.192182 0.288784 0.198545 0.290016 0.201213 0.291786 0.203574 0.294865 0.204497 0.295557 0.206345 0.296866 0.207987 0.297790 0.209423 0.299868 0.210245 0.302023 0.210655 0.305102 0.210245 0.306256 0.209013 0.335120 0.215889 0.335505 0.217531 0.339431 0.219276 0.340970 0.219994 0.344819 0.219584 0.348898 0.219994 0.353824 0.220507 0.356210 0.219994 0.359289 0.217326 0.360521 0.215376 0.360674 0.212810 0.360059 0.207884 0.356749 0.203368 0.348590 0.199161 0.343510 0.197108 0.339508 0.193311 0.333042 0.187461 0.324421 0.184177 0.317725 0.182330 0.306025 0.180380 0.297328 0.180688
0 0.359751 0.188590 0.358057 0.180072 0.351823 0.176172 0.344280 0.173299 0.335582 0.171554 0.330502 0.172067 0.324190 0.174120 0.322959 0.174941 0.322959 0.183459 0.329732 0.184485 0.334274 0.188488 0.337198 0.190848 0.341894 0.190335 0.346512 0.189514 0.352823 0.189206 0.357211 0.189206 0.359135 0.188385
0 0.347974 0.190130 0.347359 0.198750 0.351361 0.200700 0.356287 0.203266 0.359828 0.207679 0.377223 0.211066 0.382226 0.213426 0.386921 0.214965 0.390693 0.213426 0.392848 0.212605 0.397774 0.212605 0.402623 0.211476 0.404317 0.209834 0.404317 0.207371 0.403393 0.202137 0.402085 0.198545 0.397851 0.195261 0.393464 0.192490 0.385613 0.187872 0.382072 0.186332 0.377454 0.185717 0.371758 0.185717 0.368064 0.185306 0.364215 0.186538 0.361136 0.187974 0.359289 0.188590 0.354209 0.189514 0.350899 0.189822
0 0.349514 0.168680 0.348898 0.174633 0.352746 0.176378 0.358057 0.179764 0.359982 0.188077 0.363907 0.186332 0.368525 0.184690 0.372528 0.184998 0.372913 0.181714 0.369911 0.180175 0.365447 0.178020 0.362984 0.172991 0.360290 0.171246 0.349745 0.168373
0 0.360586 0.170130 0.363954 0.168281 0.371350 0.169514 0.381521 0.171892 0.385153 0.179112 0.376766 0.178319 0.372539 0.177967 0.370228 0.179288 0.368048 0.179288 0.365341 0.177791 0.363492 0.173124
0 0.372737 0.185276 0.374124 0.180521 0.380794 0.179728 0.390964 0.181049 0.398163 0.183514 0.401795 0.186244 0.405229 0.190471 0.411767 0.193641 0.417578 0.197163 0.419229 0.199804 0.419559 0.203591 0.419493 0.206056 0.417644 0.207641 0.415597 0.209050 0.413484 0.211339 0.409720 0.211427 0.407408 0.211691 0.405229 0.211868 0.403908 0.211603 0.404899 0.210547 0.404701 0.208345 0.403974 0.203943 0.402191 0.199188 0.397370 0.195490 0.390370 0.190471 0.382973 0.186772 0.378219 0.185628 0.372803 0.185628
0 0.399682 0.184043 0.406219 0.183867 0.412427 0.185188 0.417446 0.188093 0.420550 0.191087 0.424512 0.194345 0.430324 0.197603 0.432569 0.199804 0.433428 0.204031 0.433296 0.207817 0.428145 0.208962 0.426031 0.209402 0.422069 0.209402 0.420022 0.208257 0.419493 0.206232 0.419559 0.203943 0.419229 0.200245 0.417116 0.197251 0.410776 0.193288 0.405955 0.190647 0.400078 0.184219
0 0.398559 0.183514 0.400738 0.178936 0.406219 0.179024 0.416588 0.181049 0.422663 0.184043 0.426097 0.188357 0.429796 0.191615 0.433428 0.194433 0.435607 0.196018 0.436598 0.199892 0.435673 0.203414 0.434617 0.204999 0.433626 0.204999 0.432701 0.199980 0.429267 0.196546 0.424512 0.194433 0.420022 0.190383 0.415465 0.187037 0.412889 0.185540 0.407936 0.184219 0.403644 0.183867 0.398493 0.183779
0 0.420286 0.182810 0.420748 0.181225 0.427352 0.181753 0.433758 0.182810 0.436664 0.185276 0.441154 0.189854 0.445711 0.193024 0.449608 0.195137 0.450400 0.197955 0.450004 0.200861 0.448749 0.202534 0.446041 0.203326 0.444853 0.203503 0.443466 0.204383 0.442079 0.204559 0.440164 0.204295 0.438843 0.203943 0.436400 0.202534 0.436334 0.201213 0.436532 0.199188 0.435607 0.195490 0.431249 0.192408 0.425701 0.188005 0.422597 0.183867
0 0.013504 0.078292 0.020531 0.076455 0.024251 0.074618 0.036101 0.076639 0.042990 0.079027 0.045057 0.089315 0.044644 0.092438 0.035825 0.091703 0.030314 0.089131 0.022047 0.086375 0.017086 0.085089 0.013090 0.078476
0 0.012677 0.078659 0.007441 0.076271 0.000001 0.073515 0.000139 0.081966 0.002205 0.083620 0.007028 0.083803 0.011575 0.083803 0.017637 0.085457 0.012677 0.078843
0 0.000139 0.083069 0.003997 0.086927 0.006890 0.088947 0.009370 0.093173 0.012815 0.098317 0.015295 0.104196 0.017086 0.109340 0.015984 0.112830 0.014882 0.116688 0.013504 0.117791 0.008268 0.115770 0.006063 0.113565 0.002619 0.110626 0.000001 0.110626
0 0.001930 0.084171 0.007855 0.083620 0.014744 0.084906 0.026318 0.091152 0.032518 0.095929 0.038030 0.099603 0.044092 0.103461 0.043541 0.106400 0.042026 0.109524 0.040372 0.111728 0.039408 0.114300 0.037754 0.114668 0.034034 0.113014 0.029900 0.113014 0.025767 0.112463 0.022322 0.112279 0.018877 0.110993 0.016397 0.107686 0.013228 0.099419 0.010748 0.095010 0.006477 0.087294 0.002619 0.083803
0 0.027971 0.091887 0.033069 0.091336 0.038719 0.092805 0.046986 0.094459 0.054151 0.097582 0.059249 0.101991 0.055115 0.104380 0.051257 0.106217 0.045746 0.106400 0.043403 0.106400 0.044092 0.103828 0.041337 0.101808 0.031829 0.095929
0 0.064209 0.089682 0.058560 0.089131 0.057320 0.091703 0.057182 0.093357 0.058009 0.094643 0.062142 0.095929 0.066552 0.097031 0.074130 0.099787 0.084326 0.101808 0.084464 0.104380 0.085015 0.105666 0.086255 0.105666 0.088322 0.106033 0.090389 0.107135 0.092869 0.108605 0.094660 0.108605 0.095073 0.106400 0.095900 0.105114 0.095487 0.101256 0.094936 0.099052 0.092318 0.093540 0.087909 0.091519 0.080330 0.089315 0.071925 0.087110 0.068618 0.086559 0.064071 0.089866
0 0.050431 0.096296 0.053875 0.095377 0.058698 0.095194 0.066965 0.097215 0.075783 0.099787 0.082259 0.101991 0.083362 0.103277 0.083224 0.105298 0.081295 0.104931 0.074405 0.103828 0.069583 0.102726 0.062556 0.101991 0.058973 0.101256 0.054013 0.097398
0 0.043541 0.106400 0.040786 0.110993 0.040510 0.113014 0.040510 0.114116 0.045195 0.112279 0.049604 0.112279 0.060076 0.113014 0.066689 0.114484 0.074405 0.116688 0.077712 0.110626 0.088597 0.111361 0.089286 0.109524 0.084326 0.107135 0.072063 0.103645 0.062418 0.101808 0.059249 0.101808 0.054840 0.104196 0.051257 0.105849 0.044092 0.105849
0 0.096176 0.110810 0.101963 0.110258 0.109265 0.110626 0.113950 0.112463 0.119599 0.116137 0.122493 0.120730 0.128831 0.124772 0.130622 0.126793 0.130898 0.128446 0.129520 0.128079 0.127867 0.125507 0.124560 0.123302 0.119462 0.120914 0.112021 0.118709 0.098931 0.113749 0.096451 0.111361
0 0.077712 0.110810 0.075232 0.116872 0.084326 0.121833 0.089562 0.125874 0.094247 0.129181 0.095487 0.130467 0.097278 0.136346 0.098656 0.140204 0.098931 0.141857 0.100861 0.142776 0.102514 0.144430 0.103616 0.144797 0.105821 0.144797 0.106510 0.144613 0.116982 0.146818 0.118635 0.148288 0.120013 0.150492 0.121804 0.151227 0.124146 0.151411 0.125938 0.151227 0.127453 0.151594 0.128556 0.150308 0.129107 0.148288 0.127867 0.145716 0.125938 0.143144 0.125111 0.140020 0.126351 0.137448 0.128418 0.136897 0.129933 0.135795 0.131449 0.133407 0.132965 0.132488 0.132689 0.131386 0.125662 0.125139 0.120564 0.121833 0.114226 0.119444 0.101687 0.114668 0.094109 0.112463 0.085980 0.110810 0.077161 0.110626
0 0.037479 0.115219 0.029074 0.114851 0.025353 0.116137 0.022598 0.120547 0.024251 0.123302 0.025905 0.127160 0.027282 0.128997 0.028109 0.130651 0.029763 0.133958 0.032656 0.135795 0.035963 0.137081 0.038305 0.136346 0.038994 0.133958 0.055253 0.137265 0.054702 0.140388 0.059111 0.141490 0.059662 0.139469 0.063934 0.140204 0.065312 0.144430 0.066689 0.144981 0.069032 0.146083 0.070823 0.146634 0.072339 0.145899 0.073717 0.145348 0.074405 0.142776 0.084326 0.145348 0.086806 0.148288 0.088460 0.149022 0.092042 0.149022 0.093282 0.146818 0.094385 0.145532 0.099345 0.144613 0.098656 0.139837 0.095211 0.130283 0.089424 0.126425 0.080881 0.119995 0.073854 0.116688 0.064898 0.114484 0.056355 0.112279 0.044230 0.112279 0.036928 0.115219
0 0.159833 0.138551 0.151290 0.135611 0.143161 0.133223 0.133654 0.131753 0.130760 0.134141 0.128142 0.136530 0.126213 0.138734 0.125662 0.140939 0.126489 0.143878 0.128142 0.146083 0.128693 0.148839 0.128280 0.151778 0.129796 0.155820 0.130485 0.157841 0.133516 0.158576 0.136134 0.158024 0.138201 0.156371 0.145228 0.159494 0.146468 0.163168 0.150326 0.162985 0.151153 0.160964 0.153771 0.161699 0.154184 0.161515 0.153633 0.143878 0.159006 0.138734
0 0.133347 0.131221 0.131046 0.129840 0.133577 0.128306 0.140020 0.128459 0.149225 0.131221 0.156014 0.133368 0.158200 0.134902 0.155438 0.135976 0.152447 0.136130 0.150146 0.135209 0.142897 0.133215 0.133577 0.131681
0 0.116088 0.113578 0.123567 0.114192 0.133347 0.119101 0.138985 0.124317 0.147729 0.127539 0.149916 0.130147 0.147039 0.130454 0.138640 0.127539 0.133117 0.127999 0.130356 0.128306 0.129550 0.126005 0.123337 0.120942 0.120691 0.118948 0.118389 0.115726 0.115743 0.113885
0 0.131506 0.118027 0.132196 0.115419 0.137834 0.116186 0.142322 0.117414 0.148075 0.120635 0.153828 0.127692 0.157855 0.129686 0.157164 0.131834 0.155553 0.132755 0.150261 0.130607 0.148765 0.129226 0.146694 0.127385 0.137719 0.124470 0.131736 0.118181
0 0.222606 0.140989 0.217587 0.136295 0.210171 0.132200 0.200134 0.130203 0.192494 0.129404 0.189348 0.129803 0.186352 0.133399 0.194666 0.136994 0.199760 0.138492 0.207924 0.140390 0.216239 0.142487 0.220883 0.142087 0.222231 0.140190
0 0.221407 0.142587 0.223654 0.141089 0.235040 0.141788 0.242979 0.144085 0.244852 0.148080
0 0.290124 0.155623 0.291549 0.154462 0.298435 0.153934 0.304847 0.150768 0.308409 0.150663 0.316007 0.151929 0.323448 0.153618 0.327564 0.155518 0.329701 0.159845 0.330413 0.164699 0.329859 0.169238 0.327247 0.170293 0.325981 0.171770 0.323685 0.172404 0.321944 0.172615 0.320282 0.171137 0.317907 0.169765 0.313712 0.168815 0.298673 0.165333 0.298514 0.163116 0.298039 0.160689 0.296219 0.158684 0.292340 0.155834 0.290678 0.155412
0 0.289887 0.154884 0.293686 0.157206 0.296536 0.159422 0.298356 0.160900 0.299148 0.165016 0.298752 0.167443 0.297169 0.168077 0.293369 0.167760 0.290599 0.166916 0.290282 0.163538 0.288304 0.160056 0.285454 0.156678 0.282209 0.154568 0.277855 0.149818 0.273027 0.145808 0.258146 0.143486 0.253792 0.143592 0.252922 0.142431 0.253792 0.142220 0.265824 0.143908 0.279438 0.146019 0.283871 0.148974 0.289649 0.154884
0 0.249914 0.143064 0.248410 0.148763 0.255296 0.151401 0.260916 0.159528 0.261470 0.160900 0.269861 0.162589 0.279201 0.165122 0.284742 0.167443 0.285375 0.168921 0.285850 0.169976 0.290362 0.168815 0.290757 0.167021 0.289649 0.163327 0.287037 0.158367 0.281655 0.154462 0.277934 0.149396 0.272789 0.144964 0.254109 0.142853 0.249993 0.143275
0 0.321019 0.328499 0.301102 0.327125 0.294749 0.324836 0.287709 0.325751 0.283245 0.329186 0.276205 0.331704 0.267448 0.335138 0.260751 0.339717 0.257489 0.343151 0.252853 0.348416 0.248904 0.352995 0.246672 0.354369 0.244783 0.356887 0.242551 0.363297 0.241177 0.372455 0.247530 0.388023 0.251136 0.396493 0.258004 0.405193 0.259721 0.409543 0.261095 0.414350 0.264701 0.420990 0.269680 0.426026 0.278265 0.426713 0.285477 0.426026 0.289254 0.423737 0.293547 0.417555 0.298870 0.416411 0.300415 0.414579 0.391418 0.434726 0.394337 0.441136 0.398457 0.447775 0.401892 0.454186 0.412194 0.457391 0.418375 0.456704 0.423011 0.452125 0.426273 0.446860 0.427990 0.444341 0.434515 0.442739 0.436232 0.437244 0.448080 0.435184 0.454433 0.429231 0.456493 0.423737 0.459584 0.410916 0.460614 0.405422 0.461473 0.391228 0.457523 0.386878 0.457180 0.378865 0.455635 0.367647 0.452544 0.361924 0.434687 0.338572 0.431768 0.334222 0.409446 0.324836 0.379914 0.315678 0.363430 0.312015 0.353815 0.313389 0.340765 0.318425 0.321534 0.327812
0 0.426616 0.260299 0.415545 0.260180 0.407152 0.260180 0.404920 0.260537 0.402331 0.262204 0.398759 0.263037 0.396616 0.264942 0.394206 0.267204 0.393045 0.269704 0.391884 0.272799 0.390545 0.276608 0.390634 0.279942 0.391527 0.282561 0.391795 0.289227 0.392152 0.291727 0.394831 0.293394 0.397420 0.294465 0.399652 0.296489 0.401616 0.299108 0.402956 0.301132 0.405098 0.303156 0.406795 0.304227 0.410009 0.305180 0.413581 0.305775 0.416527 0.304704 0.418491 0.303275 0.420545 0.300775 0.421259 0.300180 0.423491 0.300180 0.467241 0.313037 0.469741 0.316132 0.471527 0.318513 0.474206 0.321132 0.478402 0.323870 0.483848 0.324346 0.487241 0.323632 0.489116 0.321370 0.491706 0.317204 0.494831 0.316013 0.499741 0.314942 0.502063 0.312918 0.504652 0.312084 0.506348 0.306489 0.507688 0.298870 0.506884 0.296608 0.506706 0.285775 0.509206 0.280775 0.506527 0.279942 0.498223 0.272204 0.495009 0.270537 0.496706 0.267323 0.491795 0.263989 0.481081 0.259942 0.469831 0.257204 0.458134 0.253989 0.449831 0.252442 0.439920 0.254823 0.432777 0.257442 0.426884 0.260180
0 0.440277 0.246013 0.431348 0.246013 0.422688 0.246370 0.417598 0.247799 0.413670 0.250537 0.410188 0.255894 0.409741 0.259823 0.415634 0.260180 0.425991 0.260180 0.433938 0.256608 0.443670 0.253989 0.449652 0.252084 0.458491 0.254108 0.468938 0.256608 0.482777 0.259823 0.493848 0.265061 0.496706 0.266965 0.495634 0.270656 0.499206 0.272323 0.502866 0.275656 0.506348 0.278989 0.508313 0.280299 0.510098 0.280061 0.510634 0.278037 0.509831 0.275418 0.509206 0.271370 0.509473 0.264108 0.508134 0.258394 0.505634 0.252680 0.501706 0.248751 0.496348 0.245894 0.479473 0.240656 0.469116 0.238275 0.461616 0.237799 0.454563 0.240775 0.448402 0.242323 0.440277 0.245894
0 0.440458 0.245353 0.440528 0.242950 0.441498 0.238143 0.441637 0.234816 0.442607 0.230379 0.443439 0.227237 0.448500 0.221506 0.457303 0.219658 0.470128 0.221784 0.483299 0.224464 0.489330 0.227329 0.497163 0.234631 0.502085 0.240731 0.503402 0.243781 0.508809 0.245538 0.514840 0.248218 0.519346 0.251453 0.522049 0.252839 0.523921 0.254503 0.521218 0.272804 0.516781 0.272989 0.514355 0.273728 0.512899 0.273081 0.511374 0.275115 0.510750 0.276131 0.509225 0.275577 0.509364 0.272249 0.509364 0.264393 0.508116 0.258940 0.505898 0.252839 0.500560 0.248033 0.497718 0.246554 0.483646 0.242025 0.472485 0.239160 0.465206 0.238143 0.461809 0.237589 0.454323 0.240362 0.449470 0.241933 0.444687 0.243597 0.440458 0.245538
0 0.523783 0.254411 0.527249 0.253486 0.528080 0.250251 0.528843 0.246000 0.528704 0.241101 0.528219 0.238698 0.524198 0.237034 0.519762 0.233337 0.514493 0.229640 0.510126 0.227052 0.502848 0.223262 0.495361 0.222615 0.490300 0.222246 0.484685 0.224834 0.488983 0.226867 0.494668 0.232228 0.499867 0.237404 0.503610 0.243504 0.513800 0.247016 0.518514 0.250344 0.524337 0.254226
0 0.528774 0.239715 0.529467 0.235001 0.529120 0.232967 0.526625 0.230842 0.521148 0.228808 0.516781 0.224649 0.510819 0.220767 0.503125 0.219196 0.496262 0.218918 0.490924 0.220212 0.487042 0.222153 0.485379 0.223725 0.487597 0.224002 0.489538 0.222523 0.493073 0.222431 0.503471 0.223355 0.514632 0.228346 0.519138 0.232875 0.524753 0.236757 0.528635 0.238698
0 0.542129 0.279748 0.537871 0.278372 0.536194 0.275878 0.536130 0.272265 0.537355 0.267620 0.538968 0.262889 0.541936 0.258674 0.549419 0.253255 0.557999 0.251707 0.566709 0.252567 0.578772 0.256524 0.583740 0.260911 0.590449 0.266846 0.595352 0.271921 0.599223 0.275017 0.602836 0.276652 0.608190 0.279920 0.612384 0.286286 0.612255 0.291189 0.611997 0.296780 0.610964 0.299532 0.608190 0.299962 0.601868 0.298844 0.600255 0.298844 0.598642 0.301425 0.596320 0.302285 0.593868 0.301683 0.590901 0.300134 0.589159 0.298156 0.588772 0.295747 0.554000 0.285511 0.552000 0.286286 0.549097 0.288092 0.547742 0.288092 0.545871 0.287662 0.544065 0.286458 0.542129 0.280092
0 0.547032 0.250847 0.541742 0.249556 0.540000 0.251449 0.538710 0.253771 0.538516 0.256008 0.538452 0.257814 0.537613 0.259190 0.536839 0.260308 0.536581 0.261513 0.536710 0.262889 0.537484 0.264093 0.538258 0.264007 0.539226 0.261857 0.541613 0.258502 0.545484 0.255578 0.548580 0.253599 0.553290 0.252911 0.560451 0.251879 0.566709 0.252825 0.576837 0.255750 0.581159 0.258760 0.581418 0.259018 0.584772 0.261857 0.590643 0.266760 0.594385 0.271319 0.598900 0.274845 0.605094 0.278028 0.608964 0.280436 0.611545 0.284565 0.611932 0.282415 0.610577 0.277168 0.607610 0.274243 0.598642 0.269770 0.594127 0.267448 0.588966 0.261599 0.583353 0.255664 0.580063 0.252653 0.573095 0.250503 0.565870 0.248610 0.560064 0.248352 0.556322 0.248782 0.550903 0.250072 0.547097 0.250416
0 0.539742 0.251191 0.539678 0.249470 0.543548 0.243277 0.546323 0.241729 0.559290 0.241987 0.564322 0.239836 0.568386 0.236740 0.569999 0.235105 0.586966 0.236740 0.597610 0.239578 0.602965 0.240869 0.608448 0.243621 0.609674 0.244997 0.608061 0.247492 0.607932 0.248696 0.608642 0.254889 0.611222 0.253943 0.612448 0.255319 0.611803 0.258932 0.611739 0.263233 0.610835 0.267362 0.609674 0.269942 0.608384 0.270286 0.607352 0.270114 0.607094 0.270975 0.606384 0.272093 0.605158 0.273125 0.600707 0.270803 0.596772 0.268910 0.592772 0.265728 0.585417 0.257556 0.579676 0.252481 0.570902 0.250072 0.563806 0.248438 0.557419 0.248438 0.550129 0.250158 0.546581 0.250589 0.541871 0.249470 0.540065 0.250761
0 0.568326 0.236408 0.559488 0.238900 0.553024 0.238428 0.547923 0.238428 0.542671 0.239034 0.541409 0.240785 0.540146 0.244690 0.540247 0.246778 0.540904 0.246912 0.543833 0.242468 0.545903 0.241862 0.559539 0.241997 0.564538 0.239640 0.567770 0.236408
0 0.550398 0.234119 0.548731 0.237620 0.550903 0.238361 0.558276 0.238765 0.561104 0.238563 0.567922 0.236543 0.569588 0.235398 0.576810 0.235735 0.584688 0.235937 0.589688 0.237082 0.592768 0.237755 0.589334 0.235129 0.583274 0.231762 0.576002 0.230348 0.570750 0.230415 0.566104 0.231762 0.563225 0.233243 0.559892 0.233243 0.557215 0.233109 0.554286 0.233041 0.551610 0.233378 0.550448 0.234388
0 0.552367 0.232839 0.552620 0.230079 0.556104 0.229001 0.562821 0.228934 0.567265 0.228193 0.571810 0.226712 0.574941 0.225904 0.571356 0.223749 0.572164 0.221325 0.573982 0.220989 0.578426 0.221191 0.582769 0.221999 0.587819 0.223413 0.591809 0.225365 0.592718 0.227116 0.592162 0.229809 0.592364 0.230954 0.594132 0.231897 0.594738 0.233378 0.595344 0.236745 0.596202 0.238630 0.594586 0.238765 0.592970 0.238092 0.590698 0.236206 0.587920 0.234119 0.583274 0.231762 0.576759 0.230483 0.572315 0.230213 0.568730 0.230954 0.564639 0.232503 0.559842 0.232974 0.554791 0.232570 0.552367 0.233109
0 0.552620 0.230011 0.552418 0.228665 0.552973 0.226645 0.554185 0.223143 0.555195 0.220248 0.556609 0.218767 0.560852 0.219373 0.565195 0.220315 0.570497 0.221595 0.572063 0.221864 0.571356 0.223615 0.572568 0.224490 0.575042 0.225971 0.566407 0.228395 0.563225 0.228934 0.558680 0.229136 0.554791 0.229338 0.552973 0.229944
0 0.552468 0.229675 0.550953 0.228328 0.549590 0.226173 0.550701 0.223884 0.551610 0.221460 0.552165 0.219575 0.554539 0.217689 0.555599 0.215602 0.560801 0.216612 0.565397 0.217218 0.571962 0.218632 0.573830 0.220719
0 0.551761 0.221123 0.550347 0.224490 0.550044 0.220652 0.550751 0.217756 0.551761 0.215467 0.554640 0.213784 0.556407 0.212774 0.560852 0.212908 0.566205 0.215332 0.570699 0.216006 0.575143 0.220383 0.573982 0.220719 0.572618 0.218969 0.569235 0.217958 0.563478 0.216612 0.554993 0.215938 0.554387 0.218295 0.552872 0.219103 0.552266 0.220181 0.551963 0.221056
1 -0.000410 0.714185 0.215078 0.785156 0.210785 0.810339 0.207351 0.840101 0.208210 0.869863 0.219370 0.905348 0.233107 0.928242 0.262296 0.954570 0.282042 0.961438 0.269164 1.000358 -0.000410 1.000358
1 0.297495 0.966017 0.318100 0.964872 0.345572 0.959149 0.380771 0.941978 0.409961 0.913361 0.436575 0.890467 0.446877 0.857271 0.918203 0.984332 0.923354 1.000358 0.285476 1.000358
1 0.975616 0.576351 0.999767 0.606601 0.999950 0.582938
1 0.916519 0.513900 0.973969 0.573424 0.999767 0.580255 0.999950 0.539027
1 0.889989 0.473892 0.893832 0.477796 0.897308 0.482919 0.904626 0.493164 0.909749 0.500239 0.915604 0.511949 0.999950 0.536831 0.999767 0.506094
1 0.984292 0.492019 1.000253 0.502579 1.000013 0.483058 0.998813 0.483058 0.997373 0.484338 0.996173 0.486578 0.994493 0.489299 0.989332 0.491539 0.984892 0.491379
1 0.770542 0.379452 0.792753 0.400079 0.845021 0.416434 0.846347 0.415108 0.850988 0.413634 0.861486 0.414518 0.866237 0.414666 0.862480 0.412014 0.854745 0.408920 0.852314 0.405825
1 0.794190 0.401700 0.821815 0.427779 0.836844 0.432346 0.838280 0.428810 0.839827 0.424537 0.842148 0.418791 0.843474 0.417318
1 0.849331 0.392860 0.856513 0.399195 0.862259 0.400374 0.869110 0.402584 0.876735 0.405973 0.885023 0.408920 0.889443 0.412898 0.900051 0.410393
1 0.735548 0.346520 0.743694 0.359555 0.746057 0.359337 0.743287 0.355862 0.746627 0.349453
1 0.711108 0.323276 0.721862 0.333595 0.732126 0.336093 0.728623 0.330227 0.728542 0.328707
1 0.701332 0.313500 0.710212 0.322407 0.728705 0.327946 0.729275 0.325882 0.730578 0.322841
1 0.670912 0.286286 0.676680 0.291626 0.686879 0.294260 0.687146 0.290273
1 0.677587 0.292267 0.683568 0.297963 0.693074 0.300170 0.686986 0.294616
1 0.419931 0.600092 0.387603 0.696561 0.402997 0.705285 0.416467 0.717600 0.426473 0.730428 0.434555 0.741717 0.443022 0.761217 0.450719 0.789439 0.450719 0.801241 0.452258 0.819714 0.450719 0.833569 0.450719 0.842292 0.907539 0.964419 0.794392 0.707850
1 0.062974 0.497350 0.000068 0.542444 0.000744 0.699821 0.222606 0.769266 0.229032 0.757992 0.248647 0.730034 0.270631 0.709291 0.297011 0.694861 0.325758 0.686293 0.341653 0.686744 0.361269 0.687646 0.377503 0.692606 0.411662 0.598360
1 0.184766 0.418301 0.068803 0.492705 0.414241 0.592154 0.450717 0.489802
1 0.790652 0.699781 0.736658 0.573092 0.456736 0.491045 0.422349 0.594006
1 0.478454 0.428304 0.457942 0.487024 0.734245 0.568266 0.701366 0.493056
1 0.461574 0.389131 0.468623 0.395135 0.480567 0.397746 0.484092 0.398268 0.474889 0.424636 0.457854 0.419937 0.458833 0.415237 0.460595 0.409233 0.460400 0.400618 0.461379 0.390958
1 0.525602 0.395657 0.523644 0.398268 0.519532 0.399573 0.508371 0.400357 0.498385 0.400618 0.488008 0.399312 0.479784 0.425680 0.700061 0.489903 0.677152 0.438734
1 0.502943 0.356755 0.498947 0.367962 0.506663 0.371269 0.512588 0.374208 0.518237 0.378617 0.521682 0.381741 0.524988 0.385782 0.525815 0.393131 0.676003 0.436488 0.660157 0.401949
1 0.435659 0.339817 0.441162 0.347768 0.446208 0.353679 0.452170 0.361833 0.455840 0.366522 0.464554 0.364075 0.472504 0.363668 0.482595 0.364075 0.489475 0.365095 0.494979 0.367133 0.498954 0.355718
1 0.506751 0.333702 0.499259 0.354291 0.434850 0.337422 0.430347 0.333767 0.420752 0.328546 0.392361 0.319147 0.376305 0.314448 0.362795 0.311837 0.352809 0.313665 0.346543 0.315492 0.369452 0.298262
1 0.506563 0.306162 0.505123 0.311923 0.504163 0.312883 0.513284 0.315123 0.516164 0.308082 0.511964 0.307762 0.506563 0.306322
1 0.510403 0.334484 0.503443 0.354965 0.659093 0.400248 0.647212 0.374007
1 0.516404 0.317203 0.510764 0.333524 0.646252 0.372567 0.637132 0.352405
1 0.519284 0.308402 0.522644 0.309202 0.526965 0.310163 0.532485 0.310963 0.537885 0.310803 0.540045 0.309362 0.629571 0.335284 0.637012 0.350965 0.516644 0.315923
1 0.520696 0.295571 0.522303 0.292119 0.506678 0.287833 0.507035 0.291881 0.508910 0.292238 0.514446 0.293428 0.520517 0.295333
1 0.524892 0.292833 0.523731 0.295809 0.531142 0.298190 0.534892 0.300571 0.537124 0.301881 0.540606 0.305214 0.540428 0.308666 0.628731 0.333666 0.623464 0.321523
1 0.527749 0.283904 0.525160 0.292000 0.622660 0.319857 0.617660 0.309857
1 0.089867 0.283807 0.000216 0.305762 0.000216 0.259412
1 0.013206 0.232089 0.000033 0.233065 0.000216 0.256728 0.092063 0.282587 0.155002 0.268926
1 0.020159 0.232089 0.082366 0.228186 0.204219 0.257948 0.156283 0.268194
1 0.088587 0.228186 0.132863 0.223307 0.241543 0.248678 0.204951 0.256484
1 0.000216 0.228186 0.008449 0.231113 0.000033 0.231601
1 0.120181 0.195362 0.118481 0.195929 0.119969 0.204857 0.150581 0.213077 0.153557 0.211093 0.158872 0.209959 0.158234 0.204432
1 0.120181 0.207125 0.120819 0.210243 0.118800 0.212369 0.116142 0.213644 0.116249 0.218037 0.131874 0.222006 0.156427 0.219171 0.152282 0.217754 0.148243 0.212794
1 0.273188 0.241627 0.296339 0.235724 0.264333 0.228591 0.262765 0.231542 0.259075 0.233141 0.257507 0.236585
1 0.337200 0.227730 0.321243 0.230804 0.298737 0.226254 0.301412 0.220351
1 0.300674 0.211865 0.300674 0.218875 0.340152 0.227361 0.352696 0.224163
1 0.367618 0.222055 0.375642 0.218067 0.360907 0.214760 0.359959 0.216413 0.358281 0.218164
1 0.360907 0.210091 0.361272 0.213982 0.377539 0.218261 0.388043 0.216413
1 0.111465 0.154475 0.089621 0.153330 0.147618 0.169483 0.155059 0.166812
1 0.059477 0.152822 0.065773 0.152440 0.069207 0.151931 0.081799 0.152313 0.144470 0.170119 0.120336 0.169865 0.092292 0.159817 0.078174 0.154984 0.068062 0.154348 0.059477 0.152949