1 0.315022 0.712673 0.263357 0.996487 0.839251 0.997405 0.732476 0.761353 0.545104 0.741146 0.396997 0.724613 0.315711 0.713591
1 0.366228 0.574248 0.317277 0.705950 0.728991 0.751987 0.667365 0.614458 0.366228 0.573665
1 0.394581 0.495776 0.366773 0.568143 0.664282 0.607007 0.642170 0.557869 0.628098 0.555635 0.612017 0.548934 0.598951 0.540447 0.588900 0.532406 0.583204 0.524812 0.394246 0.496223
1 0.412178 0.448377 0.395451 0.492982 0.582566 0.521333 0.584551 0.513395 0.588520 0.506968 0.598159 0.500542 0.608365 0.499030 0.613469 0.498274 0.601561 0.476350 0.412178 0.448377
1 0.424461 0.414372 0.412707 0.445127 0.601229 0.473812 0.585925 0.439508 0.425127 0.414963
1 0.572840 0.412006 0.584594 0.436551 0.424905 0.412302 0.433998 0.388940 0.572396 0.411710
1 0.566754 0.397890 0.571722 0.409689 0.434325 0.388368 0.442554 0.370152 0.540672 0.387540 0.543932 0.391266 0.549677 0.394164 0.554645 0.395406 0.561165 0.397062 0.566754 0.397890
1 0.555689 0.374222 0.558508 0.378875 0.554078 0.379054 0.548038 0.379949 0.545085 0.380486 0.542535 0.381560 0.540924 0.383708 0.540119 0.386392 0.443476 0.369211 0.447369 0.355610 0.555689 0.373864
1 0.549380 0.360263 0.555689 0.372254 0.448040 0.354357 0.450322 0.343082 0.549380 0.360800
1 0.544414 0.349167 0.548709 0.358652 0.451261 0.341650 0.453543 0.333776 0.544280 0.348988
1 0.630773 0.364214 0.647972 0.375680 0.552182 0.359627 0.548213 0.349925 0.630243 0.364214
1 0.552711 0.361215 0.558004 0.373211 0.662503 0.390110 0.648948 0.377392 0.553061 0.361105
1 0.558917 0.374674 0.561147 0.379506 0.565467 0.380620 0.572575 0.381921 0.577870 0.383408 0.582748 0.385823 0.587905 0.388611 0.590413 0.392141 0.590274 0.394185 0.636683 0.401247 0.641560 0.397716 0.643233 0.395114 0.650480 0.394000 0.656473 0.393628 0.663023 0.393256 0.663162 0.392141 0.558499 0.374303
1 0.570345 0.399017 0.575501 0.410723 0.625255 0.418528 0.626648 0.417413 0.628321 0.414811 0.629714 0.409051 0.630829 0.405520 0.635010 0.402547 0.590692 0.396044 0.589159 0.397344 0.585396 0.399017 0.581912 0.399574 0.577592 0.399760 0.570623 0.399388
1 0.576755 0.412582 0.589020 0.438411 0.621771 0.443428 0.620377 0.439526 0.620656 0.434694 0.622049 0.427261 0.624837 0.419829 0.577174 0.412767
1 0.608208 0.477791 0.618495 0.499280 0.631182 0.501566 0.642498 0.505680 0.655528 0.512538 0.669587 0.521682 0.676102 0.529912 0.678160 0.534027 0.782059 0.549114 0.799889 0.545914 0.816349 0.544085 0.829036 0.543171 0.784116 0.504309 0.609580 0.477334
1 0.679531 0.538599 0.679189 0.546828 0.674045 0.553229 0.662386 0.558258 0.649013 0.559630 0.671988 0.608550 0.725480 0.616780 0.725137 0.611751 0.725480 0.607636 0.726166 0.601692 0.730966 0.593920 0.735767 0.584319 0.741596 0.578832 0.747083 0.562373 0.750169 0.556430 0.761142 0.554144 0.773143 0.550486 0.679189 0.539513
1 0.743515 0.763261 0.854482 0.998739 0.999311 0.998045 0.999311 0.785489 0.903453 0.775765 0.742994 0.763261
1 0.827472 0.403120 0.850444 0.415115 0.771887 0.399693 0.749878 0.387269 0.827311 0.402692
1 0.773752 0.401061 0.799897 0.416791 0.885509 0.432946 0.855059 0.417216 0.774230 0.401486
1 0.802030 0.417834 0.830793 0.436806 0.908514 0.451901 0.906372 0.449249 0.906372 0.446189 0.907137 0.445169 0.890002 0.434970 0.803254 0.418650
1 0.908865 0.453637 0.832657 0.438332 0.871877 0.461077 0.976782 0.480209 0.949520 0.465966 0.940751 0.464266 0.931026 0.461715 0.922735 0.459164 0.915083 0.455337 0.910778 0.453212
1 0.982310 0.482872 0.999691 0.491656 0.999411 0.506794 0.921196 0.493525 0.874379 0.463435 0.982030 0.482685
1 0.990300 0.534828 0.923298 0.495394 0.999551 0.508476 0.999691 0.536137 0.990300 0.534641
1 0.993848 0.537503 0.999997 0.538414 0.999997 0.541829 0.993848 0.537730
1 0.988382 0.483758 0.999655 0.485808 0.999826 0.489452 0.988724 0.483986
1 0.999844 0.470676 0.999612 0.484574 0.983746 0.481485 0.957457 0.468051 0.960699 0.467588 0.961626 0.465735 0.961742 0.463573 0.999728 0.470831
1 0.895960 0.436704 0.909278 0.444271 0.914606 0.443808 0.920976 0.444425 0.927577 0.446587 0.933136 0.448440 0.942517 0.451683 0.951898 0.455543 0.956878 0.458323 0.960468 0.461102 0.961510 0.462338 0.999497 0.469441 0.979345 0.453536 0.896192 0.436704
1 0.977145 0.451837 0.929082 0.432690 0.860637 0.418329 0.890864 0.434079 0.977145 0.451837
1 0.834927 0.404740 0.857163 0.416321 0.927345 0.431763 0.897234 0.417402 0.835853 0.405203
0 0.000151 0.314348 0.014452 0.315302 0.035904 0.318162 0.057355 0.322611 0.078330 0.331510 0.085957 0.336594 0.098590 0.337866 0.104072 0.341044 0.113367 0.342315 0.123378 0.347717 0.126000 0.352167 0.126953 0.353756 0.132435 0.362018 0.132197 0.367103 0.133150 0.371552 0.132674 0.377908 0.133627 0.383311 0.128383 0.389985 0.126000 0.396341 0.124570 0.403332 0.119326 0.406510 0.112652 0.409053 0.107647 0.405875 0.104548 0.399519 0.036619 0.426214 0.036380 0.436383 0.032329 0.447189 0.029230 0.451638 0.015644 0.456087 0.005872 0.454816 -0.001040 0.447824 0.000151 0.314984
0 0.103736 0.339683 0.106989 0.335600 0.113687 0.330497 0.120002 0.326670 0.128804 0.320802 0.134928 0.316209 0.133206 0.313657 0.134545 0.311106 0.136650 0.310596 0.138181 0.312127 0.149663 0.300390 0.157700 0.295287 0.166694 0.293501 0.178749 0.292991 0.189083 0.293246 0.192719 0.294266 0.195972 0.291970 0.197311 0.294266 0.208793 0.297838 0.220083 0.302176 0.225633 0.306258 0.229651 0.307534 0.232713 0.315444 0.233479 0.322332 0.235009 0.328456 0.235009 0.334580 0.232713 0.340448 0.230417 0.341724 0.229843 0.351164 0.228503 0.355502 0.223528 0.356777 0.219509 0.356522 0.217404 0.353205 0.182194 0.369280 0.180280 0.376169 0.177601 0.380506 0.173009 0.381527 0.167842 0.382547 0.164971 0.376934 0.152724 0.377444 0.137607 0.375658 0.132632 0.375913 0.132823 0.372852 0.131866 0.369024 0.132057 0.362136 0.124403 0.349123 0.119619 0.346827 0.112539 0.342744 0.106224 0.341724 0.103736 0.341213
0 0.438226 0.309588 0.438960 0.306816 0.441161 0.307631 0.442385 0.309099 0.442996 0.311709 0.440672 0.312361 0.441284 0.315623 0.441651 0.321494 0.441651 0.324756 0.441284 0.328344 0.441161 0.334705 0.440183 0.338456 0.438715 0.339108 0.435779 0.339924 0.435779 0.338130 0.434189 0.340739 0.433945 0.343675 0.434067 0.347100 0.433455 0.350198 0.432232 0.351829 0.429541 0.351992 0.427584 0.351503 0.426850 0.347589 0.426972 0.344490 0.399328 0.340576 0.398472 0.344001 0.396882 0.345795 0.394680 0.346284 0.392478 0.345306 0.391500 0.341554 0.391255 0.337640 0.391500 0.333237 0.391867 0.331117 0.390766 0.328670 0.391989 0.324104 0.392234 0.318885 0.393212 0.315134 0.394925 0.312687 0.397983 0.308121 0.398594 0.305185 0.397371 0.304206 0.398350 0.301597 0.399328 0.300945 0.400918 0.300618 0.402631 0.298172 0.405444 0.294910 0.406667 0.293768 0.407646 0.293768 0.408013 0.294095 0.416086 0.294910 0.421957 0.295726 0.427706 0.297683 0.429786 0.297520 0.430642 0.297520 0.432110 0.299314 0.434067 0.301923 0.437003 0.306816 0.438348 0.309588
0 0.407018 0.252244 0.406706 0.253978 0.406341 0.255227 0.406758 0.256823 0.407122 0.258766 0.409880 0.259807 0.410869 0.261056 0.412534 0.261958 0.414199 0.262235 0.415969 0.262027 0.416489 0.261125 0.421069 0.262166 0.429603 0.263693 0.435016 0.264733 0.436057 0.265705 0.438242 0.266607 0.440012 0.266329 0.441625 0.265566 0.444383 0.265358 0.447662 0.264595 0.448234 0.264248 0.448130 0.261542 0.448286 0.259044 0.448286 0.256129 0.446569 0.254325 0.444591 0.251411 0.441209 0.249884 0.436057 0.248635 0.431373 0.247664 0.426117 0.247456 0.422994 0.248982 0.419195 0.250856 0.412846 0.250717 0.409204 0.251272 0.407278 0.252244
0 0.767523 0.319186 0.765338 0.321333 0.763383 0.323709 0.762693 0.326852 0.761428 0.328539 0.761371 0.331682 0.763153 0.333139 0.763556 0.335745 0.763958 0.336895 0.765683 0.337432 0.767465 0.336665 0.769133 0.336895 0.770168 0.339195 0.771835 0.339732 0.774308 0.340038 0.775457 0.338658 0.791499 0.342645 0.792017 0.344638 0.793742 0.345711 0.795697 0.345711 0.797421 0.343412 0.799319 0.343872 0.801389 0.340268 0.800814 0.336282 0.795294 0.331835 0.790694 0.326776 0.788682 0.325012 0.784715 0.321869 0.780862 0.320566 0.774423 0.319263 0.769650 0.319033 0.767753 0.319569
0 0.962809 0.366777 0.956054 0.366933 0.953058 0.368343 0.951942 0.369753 0.951472 0.371476 0.951707 0.371946 0.951002 0.374530 0.951590 0.375548 0.952765 0.377428 0.955232 0.378524 0.957170 0.377428 0.960753 0.377741 0.963044 0.378838 0.964277 0.379777 0.965511 0.380404 0.967743 0.381031 0.969564 0.379856 0.970503 0.380091 0.970973 0.381344 0.972266 0.382049 0.974145 0.381814 0.976083 0.380717 0.981781 0.381814 0.982662 0.383693 0.985658 0.384320 0.988125 0.382832 0.989123 0.382049 0.990709 0.381031 0.991649 0.378681 0.992589 0.374452 0.991003 0.373199 0.990239 0.371632 0.988536 0.369205 0.986363 0.367873 0.983602 0.366698 0.981429 0.366463 0.977023 0.365524 0.973558 0.364819 0.969446 0.364506 0.965981 0.364819 0.962456 0.367325
0 0.725043 0.332468 0.718831 0.337038 0.713904 0.339752 0.709084 0.339752 0.700944 0.339180 0.693982 0.341323 0.690768 0.342894 0.689804 0.346607 0.689269 0.350177 0.689055 0.355889 0.692911 0.359603 0.696981 0.363316 0.702443 0.365172 0.703407 0.370028 0.706406 0.371599 0.709834 0.372313 0.713368 0.372456 0.716582 0.368600 0.727935 0.370599 0.741324 0.373170 0.749035 0.373884 0.750749 0.379453 0.754177 0.381024 0.758461 0.381453 0.762531 0.377026 0.763067 0.375740 0.769065 0.375740 0.771100 0.369457 0.772171 0.366600 0.771850 0.364315 0.772814 0.355747 0.769172 0.347749 0.769814 0.345464 0.758461 0.339466 0.757176 0.337752 0.754498 0.337324 0.729863 0.332326 0.725043 0.332897
0 0.663501 0.393655 0.643843 0.394608 0.642592 0.397230 0.630797 0.405331 0.628116 0.414863 0.624720 0.418914 0.623469 0.426062 0.621682 0.434164 0.620967 0.440121 0.623648 0.445602 0.627222 0.450367 0.631512 0.455610 0.635979 0.460375 0.640983 0.464188 0.648132 0.466809 0.649919 0.473719 0.652421 0.478009 0.658319 0.478962 0.664395 0.479677 0.670114 0.477770 0.674403 0.473005 0.686019 0.473958 0.702640 0.476102 0.718724 0.478485 0.739991 0.482059 0.742493 0.485872 0.746961 0.491353 0.754467 0.491829 0.759471 0.489923 0.763224 0.483727 0.770730 0.484204 0.774483 0.482536 0.778951 0.466571 0.775377 0.459899 0.774840 0.450367 0.770015 0.446317 0.765011 0.442266 0.749642 0.431543 0.740706 0.426062 0.728911 0.414148 0.715329 0.405331 0.702282 0.399374 0.685662 0.395800 0.662429 0.393417
0 0.846302 0.542395 0.819071 0.544281 0.795023 0.547582 0.769914 0.551826 0.749756 0.557013 0.745512 0.563614 0.741268 0.578232 0.735256 0.584361 0.732427 0.591906 0.725708 0.603223 0.725708 0.619255 0.726769 0.626328 0.735964 0.640474 0.747280 0.660278 0.761780 0.677253 0.780877 0.688570 0.793608 0.692342 0.816595 0.699886 0.815181 0.711203 0.818364 0.725349 0.826851 0.733365 0.839582 0.737609 0.858679 0.730064 0.863630 0.720634 0.871057 0.709317 0.903239 0.720634 0.948860 0.728178 0.986700 0.735723 1.000492 0.738552 1.000139 0.614068 0.974322 0.602751 0.943201 0.578232 0.904300 0.553712 0.882020 0.548054 0.845241 0.543338