1 0.400448 0.844746 0.111333 0.999933 0.498238 0.999933
1 0.102112 0.614092 -0.000071 0.635587 -0.000071 0.542664 0.011834 0.539687 0.019522 0.535388 0.026715 0.531420 0.032419 0.528444 0.102112 0.520177
1 0.004641 0.476857 -0.000071 0.484793 -0.000071 0.511910 0.010098 0.511248 0.022498 0.513894 0.028699 0.517862 0.032915 0.526460 0.102112 0.518854 0.102112 0.472227
1 0.320949 0.458393 0.306851 0.460221 0.311158 0.464137 0.316445 0.471708 0.325256 0.486589 0.326823 0.484239 0.331522 0.484500 0.333676 0.487372 0.333088 0.490244 0.327802 0.493638 0.328585 0.495726 0.334851 0.495987 0.334263 0.489722 0.334067 0.482151 0.334655 0.474580 0.336221 0.469097
1 0.470854 0.452035 0.470419 0.454160 0.469840 0.456093 0.469840 0.463050 0.468245 0.467302 0.466216 0.469041 0.489117 0.480250 0.530861 0.475419
1 0.488392 0.481023 0.439691 0.486628 0.440416 0.488174 0.524194 0.532624 0.578258 0.521801
1 0.490856 0.481217 0.533615 0.476579 0.625655 0.512911 0.580142 0.521028
1 0.046146 0.396757 0.000198 0.397144 0.000198 0.410478 0.011649 0.410478 0.013243 0.407966 0.019186 0.405647 0.032666 0.404294 0.040783 0.405067
1 0.034840 0.416276 0.027158 0.416276 0.017012 0.414923 0.011069 0.412411 0.000053 0.412024 0.000053 0.435022 0.025129 0.433863
1 0.038754 0.416663 0.049334 0.415890 0.056437 0.414923 0.063974 0.413571 0.066873 0.412024 0.101514 0.412411 0.101369 0.432896 0.028607 0.434443
1 0.104525 0.412850 0.138926 0.412325 0.141289 0.413901 0.149430 0.415476 0.158621 0.415651 0.165580 0.429657 0.146541 0.430182 0.133674 0.431758 0.104525 0.432633
1 0.161641 0.415651 0.167812 0.416352 0.177004 0.414776 0.181205 0.413025 0.181599 0.411450 0.207334 0.411800 0.221646 0.427906 0.219152 0.430182 0.167550 0.430007
1 0.217051 0.410749 0.209567 0.411275 0.202214 0.403396 0.201032 0.400945 0.216657 0.399545 0.216394 0.403046 0.216788 0.407598
1 0.277581 0.427906 0.266683 0.419678 0.267602 0.414251 0.271016 0.413551 0.273380 0.411625 0.295832 0.411450 0.323800 0.427556
1 0.425054 0.410791 0.418357 0.411304 0.415817 0.409047 0.411045 0.407815 0.405734 0.407302 0.394420 0.403505 0.413508 0.401965 0.423668 0.405557 0.424515 0.409252
1 0.400808 0.406789 0.395189 0.406789 0.394420 0.404634
1 0.395728 0.413049 0.395728 0.418180 0.394189 0.419515 0.393804 0.419925 0.401886 0.423722 0.404888 0.421875 0.408043 0.418283 0.412892 0.415923 0.410737 0.414999 0.404195 0.414178 0.397960 0.413049
0 1.000180 0.999503 0.999795 0.960505 0.942452 0.915349 0.855091 0.853773 0.767344 0.794249 0.713850 0.762948 0.704228 0.758329 0.691913 0.757303 0.655352 0.749093 0.627258 0.747554 0.606476 0.736778 0.576842 0.722410 0.551057 0.716252 0.532199 0.716252 0.519884 0.716765 0.496793 0.725489 0.467544 0.743448 0.466775 0.749093 0.461387 0.758329 0.449071 0.770132 0.441759 0.786039 0.441374 0.798354 0.441374 0.816314 0.446377 0.832221 0.453305 0.841457 0.452150 0.857878 0.454844 0.875324 0.460232 0.893797 0.469853 0.910218 0.476396 0.916375 0.484478 0.919967 0.501026 0.913297 0.575688 1.001043
0 1.000180 0.732159 0.977858 0.714713 0.920900 0.685464 0.856630 0.656728 0.811987 0.639795 0.798902 0.639795 0.778505 0.639795 0.753105 0.646466 0.732323 0.650571 0.716544 0.645439 0.686140 0.639282 0.672286 0.637742 0.651119 0.639282 0.631491 0.646466 0.617637 0.657755 0.614558 0.663912 0.610709 0.670583 0.604937 0.679306 0.599164 0.684438 0.597624 0.692648 0.595700 0.699832 0.596855 0.709581 0.604167 0.723949 0.608400 0.728054 0.609170 0.738830 0.628413 0.748067 0.639958 0.748580 0.658431 0.751145 0.680368 0.755251 0.693837 0.758329 0.704613 0.759356 0.724241 0.769618 0.771962 0.798867 0.827766 0.835813 0.883954 0.874298 0.944376 0.917915 1.000180 0.960505
0 0.999905 0.723166 0.994423 0.727082 0.976605 0.714550 0.942731 0.696798 0.916690 0.683483 0.864802 0.660248 0.828383 0.645889 0.811740 0.639363 0.795684 0.639885 0.778649 0.639885 0.767488 0.642234 0.765335 0.637274 0.763181 0.634141 0.759461 0.627875 0.754370 0.622393 0.752608 0.617433 0.753195 0.609078 0.755740 0.591587 0.758482 0.589237 0.763181 0.585843 0.765726 0.579839 0.768076 0.575923 0.776495 0.572529 0.793334 0.570701 0.804495 0.570701 0.818984 0.574095 0.836802 0.578794 0.854229 0.574095 0.870089 0.571223 0.877725 0.570440 0.893389 0.573051 0.922955 0.582972 0.943710 0.591326 0.970339 0.603335 0.987570 0.611950 0.989332 0.617172 0.988549 0.621088 0.999905 0.635185
0 0.999905 0.555037 0.968577 0.545900 0.943710 0.543289 0.928438 0.546422 0.909445 0.550338 0.892802 0.547988 0.875180 0.546422 0.859711 0.547727 0.854229 0.549816 0.850900 0.552949 0.848355 0.556604 0.844830 0.563130 0.843851 0.566524 0.844243 0.569396 0.842676 0.575401 0.843264 0.576706 0.851683 0.574356 0.877138 0.570440 0.894172 0.572529 0.934312 0.587932 0.970144 0.603335 0.987570 0.611950 0.989332 0.617433 0.988941 0.620566 1.000101 0.635185
0 1.000101 0.532585 0.974060 0.527886 0.966228 0.528669 0.957025 0.529191 0.934899 0.534935 0.921976 0.532846 0.900438 0.529713 0.886536 0.528930 0.874201 0.530758 0.868718 0.533629 0.867152 0.538068 0.865194 0.547466 0.875375 0.546422 0.909837 0.550860 0.936857 0.544333 0.943123 0.543811 0.969360 0.546422 0.999905 0.555037
0 0.220418 0.500321 0.215154 0.499198 0.210942 0.500041 0.210310 0.507060 0.207784 0.501164 0.202730 0.488810 0.195149 0.471121 0.187568 0.457644 0.184199 0.455678 0.182303 0.455678 0.167352 0.455117 0.153033 0.455398 0.137661 0.457082 0.135134 0.457363 0.131764 0.461013 0.128184 0.467471 0.124605 0.474490 0.122709 0.477859 0.119551 0.488529 0.118287 0.495548 0.117866 0.507341 0.112602 0.507902 0.108601 0.510148 0.107337 0.512956 0.107548 0.516045 0.111549 0.518852 0.115971 0.520256 0.117445 0.525029 0.117445 0.529241 0.116813 0.537945 0.115550 0.544403 0.115550 0.559564 0.118498 0.584553 0.119551 0.592976 0.120182 0.599434 0.126710 0.602803 0.134502 0.604488 0.138292 0.600838 0.154507 0.600276 0.185252 0.594661 0.202730 0.591011 0.214522 0.591853 0.222314 0.582307 0.222103 0.567426 0.221682 0.555634 0.222103 0.546930 0.219576 0.531487 0.217260 0.523906 0.212416 0.517168 0.214311 0.511271 0.220208 0.507902 0.222103 0.504533
0 0.191779 0.463540 0.189042 0.454275 0.187147 0.447255 0.189253 0.445851 0.192411 0.446132 0.193675 0.443605 0.192622 0.441078 0.186304 0.439394 0.185252 0.442763 0.184409 0.441359 0.181672 0.433778 0.178302 0.431813 0.170090 0.430128 0.150295 0.429847 0.133660 0.432094 0.130711 0.434901 0.127763 0.444728 0.126710 0.445009 0.126079 0.440797 0.120604 0.442763 0.117655 0.445290 0.118077 0.447536 0.126710 0.448378 0.125658 0.452590 0.122920 0.460171 0.121235 0.470840 0.121656 0.479825 0.123973 0.475052 0.133238 0.460171 0.135344 0.457644 0.153033 0.455117 0.184409 0.455678 0.187568 0.457363
0 0.328342 0.493821 0.332709 0.490586 0.333518 0.487783 0.331577 0.484332 0.326724 0.484548 0.325430 0.486489 0.315725 0.470530 0.310549 0.464275 0.304079 0.458452 0.297771 0.454139 0.285963 0.450688 0.273023 0.450473 0.255716 0.451551 0.249084 0.453492 0.240512 0.470530 0.235983 0.491665 0.236630 0.497272 0.236144 0.509349 0.237600 0.519054 0.239379 0.523152 0.242938 0.524877 0.248114 0.521642 0.259113 0.541052 0.259598 0.551620 0.260730 0.561972 0.263965 0.564344 0.268494 0.566070 0.271729 0.564991 0.274802 0.562188 0.304726 0.561972 0.322195 0.558521 0.334165 0.556796 0.340958 0.552914 0.342737 0.547954 0.343708 0.538033 0.343708 0.529191 0.342090 0.518407 0.338855 0.512369 0.333032 0.504605 0.329636 0.497272
0 0.286448 0.450473 0.287095 0.448100 0.286125 0.445944 0.283052 0.445728 0.280787 0.448100 0.276582 0.440121 0.270759 0.431063 0.262995 0.424808 0.254907 0.422652 0.241482 0.422220 0.229836 0.423083 0.224013 0.425671 0.219161 0.429984 0.215602 0.433435 0.212852 0.436023 0.211235 0.442493 0.212044 0.450473 0.212205 0.456943 0.212691 0.464491 0.213661 0.469451 0.215440 0.473118 0.218028 0.474627 0.221263 0.473980 0.227572 0.483038 0.227895 0.490586 0.229674 0.496841 0.231292 0.499860 0.234850 0.499860 0.236630 0.498135 0.235983 0.493174 0.240026 0.470530 0.249084 0.453276 0.256363 0.451335 0.276582 0.450688
0 0.437361 0.492959 0.439787 0.489724 0.439302 0.486489 0.437846 0.485195 0.434287 0.486057 0.432832 0.486704 0.429273 0.480450 0.421509 0.470530 0.415201 0.464922 0.402908 0.458668 0.388998 0.456511 0.377837 0.456727 0.357780 0.459531 0.350663 0.462119 0.341120 0.463844 0.338047 0.465785 0.335782 0.470098 0.333679 0.477215 0.333679 0.485626 0.334812 0.494900 0.336106 0.500291 0.337885 0.502448 0.338370 0.506977 0.339179 0.513016 0.340958 0.516898 0.342414 0.520348 0.345487 0.520780 0.347913 0.519486 0.351310 0.514525 0.381557 0.542778 0.384307 0.551189 0.386895 0.555933 0.390130 0.558521 0.394174 0.559168 0.397247 0.559168 0.399188 0.558306 0.400805 0.553345 0.422803 0.555933 0.441081 0.552483 0.450948 0.549895 0.457579 0.542993 0.458226 0.537386 0.459035 0.530053 0.459035 0.522505 0.458712 0.520995 0.457903 0.514741 0.452889 0.508487 0.449007 0.504605 0.443184 0.497919
0 0.406952 0.460178 0.405658 0.456727 0.405011 0.453061 0.401776 0.447669 0.394659 0.440336 0.395306 0.437101 0.391909 0.433651 0.390777 0.433866 0.384630 0.425024 0.376543 0.419632 0.370396 0.417044 0.357133 0.415319 0.341282 0.416182 0.339017 0.420279 0.337400 0.424161 0.334973 0.425671 0.333679 0.427181 0.333679 0.428259 0.331900 0.433866 0.330768 0.440336 0.331900 0.450041 0.332224 0.452414 0.333194 0.456727 0.335135 0.460178 0.337076 0.461687 0.340958 0.460825 0.342090 0.458884 0.346781 0.462981 0.354060 0.461040 0.361500 0.459099 0.376543 0.456511 0.389483 0.456727 0.402423 0.458884
0 0.389295 0.431384 0.390427 0.428364 0.391883 0.426855 0.399323 0.427070 0.400132 0.424698 0.401588 0.423835 0.402397 0.424267 0.408705 0.419306 0.414689 0.415640 0.418571 0.414777 0.428600 0.414777 0.435555 0.415209 0.442510 0.415640 0.447848 0.416934 0.453995 0.419738 0.459979 0.424267 0.462567 0.426208 0.466449 0.433756 0.470008 0.440010 0.470493 0.443677 0.470008 0.447559 0.470655 0.452088 0.470170 0.456617 0.470331 0.460714 0.469846 0.464381 0.467582 0.466969 0.465802 0.469341 0.463538 0.471929 0.460950 0.473439 0.457068 0.473223 0.454965 0.471498 0.453833 0.469772 0.441540 0.471282 0.434423 0.470635 0.433938 0.474086 0.432158 0.476458 0.430056 0.477105 0.427306 0.477105 0.425527 0.475380 0.420998 0.470635 0.416307 0.466106 0.406440 0.460067 0.405308 0.455754 0.404499 0.453166 0.401911 0.447559 0.394147 0.440226 0.394956 0.437207 0.391236 0.433540
0 0.426174 0.414562 0.425041 0.410895 0.424071 0.407445 0.424071 0.402269 0.427306 0.398171 0.434261 0.394720 0.443319 0.388251 0.447848 0.388035 0.461597 0.388251 0.470817 0.391270 0.478904 0.395152 0.481654 0.400543 0.483109 0.405504 0.483433 0.411542 0.482948 0.415424 0.481654 0.419306 0.479713 0.422110 0.478095 0.423835 0.475184 0.424698 0.471302 0.422110 0.470655 0.421032 0.460626 0.422110 0.458685 0.423188 0.454965 0.421247 0.449304 0.417150 0.438790 0.414562 0.429247 0.414777
0 0.495079 0.422541 0.486506 0.423404 0.482301 0.424914 0.481007 0.426855 0.479875 0.429874 0.477934 0.432893 0.478419 0.439363 0.478419 0.442814 0.479066 0.444971 0.479713 0.448206 0.481330 0.450578 0.483756 0.453166 0.488447 0.454029 0.490712 0.452303 0.492329 0.448853 0.518371 0.458558 0.519018 0.464381 0.522738 0.468263 0.526944 0.469125 0.530502 0.468047 0.533575 0.463949 0.545060 0.464165 0.548295 0.466969 0.551044 0.467831 0.555412 0.467400 0.557353 0.464812 0.558647 0.462440 0.560587 0.461361 0.560587 0.456185 0.563822 0.451872 0.565602 0.449715 0.565116 0.446265 0.566410 0.444108 0.566249 0.438285 0.564955 0.429011 0.561881 0.420600 0.559455 0.418659 0.557191 0.417150 0.545868 0.414130 0.532928 0.411758 0.529046 0.411758 0.526458 0.412836 0.516915 0.411542 0.511092 0.411758 0.506887 0.414130 0.500902 0.417797
0 0.562367 0.420600 0.569807 0.422541 0.573689 0.425129 0.580321 0.432462 0.587438 0.438932 0.578865 0.439363 0.578380 0.441736 0.572557 0.443461 0.566410 0.444539 0.566734 0.439795 0.565278 0.431168 0.564308 0.427286
0 0.594680 0.438859 0.591470 0.437024 0.588412 0.439063 0.579239 0.439267 0.578474 0.441305 0.566091 0.444567 0.565020 0.445586 0.565173 0.449255 0.560587 0.456390 0.559517 0.465563 0.559364 0.468417 0.560893 0.471679 0.562727 0.474940 0.563797 0.480648 0.565938 0.485133 0.569301 0.486560 0.573888 0.486763 0.578322 0.481259 0.612721 0.494917 0.613485 0.499606 0.615473 0.503071 0.619754 0.505517 0.623423 0.505314 0.626939 0.504294 0.630609 0.500421 0.642687 0.502052 0.649108 0.502256 0.654459 0.501848 0.660116 0.500421 0.661492 0.495937 0.660727 0.480036 0.655835 0.472290 0.647120 0.464748 0.640393 0.461894 0.634584 0.454759 0.626022 0.447217 0.613791 0.441917 0.602478 0.439471
0 0.603242 0.439471 0.609205 0.434782 0.609663 0.432132 0.616849 0.430705 0.624035 0.430705 0.640699 0.431928 0.656447 0.435394 0.664855 0.441713 0.676780 0.454963 0.685189 0.459040 0.691152 0.461282 0.698032 0.465767 0.702618 0.471271 0.702465 0.475959 0.701701 0.479221 0.700937 0.482686 0.700937 0.487579 0.699408 0.490433 0.693445 0.491248 0.687483 0.492471 0.676780 0.491860 0.674640 0.497160 0.668219 0.497567 0.661339 0.496140 0.660422 0.480036 0.655682 0.472494 0.648344 0.466175 0.640088 0.462098 0.630150 0.450682 0.619601 0.444159 0.609052 0.441101
0 0.657823 0.435801 0.666690 0.433763 0.680908 0.432744 0.692375 0.435190 0.703994 0.440082 0.713779 0.449867 0.718213 0.453128 0.718671 0.457817 0.717907 0.460263 0.718366 0.464136 0.718518 0.468825 0.716837 0.472494 0.714543 0.474736 0.711027 0.476367 0.708734 0.474532 0.704912 0.475144 0.702771 0.476979 0.702313 0.475756 0.702771 0.471882 0.697879 0.465971 0.686718 0.459652 0.677545 0.455778 0.665008 0.441305
0 0.065152 0.338232 0.065562 0.330587 0.068122 0.326082 0.076518 0.326764 0.078361 0.328403 0.079692 0.331679 0.080716 0.338232 0.079180 0.339324 0.075187 0.338096 0.068736 0.338096 0.067303 0.339188
0 0.101502 0.337140 0.100887 0.328266 0.097508 0.325126 0.090546 0.324034 0.089010 0.324853 0.087679 0.326901 0.086450 0.332771 0.087269 0.335638 0.088191 0.337276
0 -0.000174 0.335502 0.002489 0.335911 0.004946 0.338369 0.006072 0.340963 0.009656 0.338778 0.012011 0.338778 0.014161 0.342737 0.015390 0.346697 0.016209 0.350246 0.016414 0.355434 0.014878 0.360076 0.013957 0.363216 0.011499 0.367584 0.006994 0.371544 0.000031 0.370998
0 0.031158 0.345741 0.031773 0.344103 0.029418 0.341509 0.026858 0.337686 0.022967 0.336321 0.014468 0.335638 0.010168 0.336048 0.006789 0.337823 0.005970 0.339870 0.010475 0.338369 0.012011 0.338369 0.014980 0.344512 0.016209 0.349154 0.016823 0.355707 0.019179 0.349564 0.020100 0.346560 0.023991 0.345877 0.028291 0.345604
0 0.016414 0.379462 0.015185 0.376458 0.014776 0.369359 0.013957 0.364035 0.016619 0.356663 0.020202 0.346424 0.026551 0.345331 0.031773 0.345741 0.041090 0.345877 0.044879 0.346970 0.047541 0.349564 0.050203 0.353386 0.052456 0.353796 0.053275 0.355707 0.053070 0.356936 0.053377 0.357891 0.054606 0.361168 0.054606 0.367175 0.054504 0.374957 0.053377 0.378643 0.052149 0.381100 0.049179 0.381100 0.046722 0.376458 0.022557 0.376868 0.021329 0.380008
0 0.049589 0.405265 0.049282 0.390657 0.049282 0.386834 0.051637 0.383012 0.057780 0.370042 0.065050 0.369496 0.082661 0.370315 0.089419 0.377824 0.091262 0.377551 0.092593 0.379189 0.092082 0.380554 0.090546 0.381510 0.093003 0.385605 0.093003 0.389974 0.093310 0.395435 0.093413 0.399531 0.092184 0.401579 0.091570 0.406220 0.091570 0.408678 0.088191 0.409087 0.086962 0.407586 0.085733 0.404719 0.056552 0.403763 0.055937 0.405947
0 0.394635 0.405475 0.393395 0.402422 0.387480 0.397335 0.388625 0.395809 0.387862 0.394410 0.384809 0.393392 0.380231 0.386270 0.375652 0.382708 0.366971 0.380673 0.359912 0.380800 0.351995 0.380673 0.350278 0.382200 0.345985 0.389195 0.348943 0.393901 0.350850 0.393392 0.352186 0.394028 0.352090 0.395427 0.351041 0.396063 0.355620 0.400896 0.357432 0.402677 0.358005 0.407637 0.358482 0.411707 0.360389 0.414505 0.362679 0.415904 0.368307 0.416667 0.374889 0.418702 0.378323 0.420483 0.386336 0.419974 0.387862 0.421882 0.389102 0.422518 0.390724 0.422391 0.392059 0.421501 0.393299 0.420101 0.394921 0.418448 0.395684 0.416286
0 0.351995 0.380673 0.346272 0.377366 0.340167 0.376603 0.328720 0.376603 0.325190 0.379656 0.332154 0.380673 0.340167 0.382963 0.343028 0.385634 0.345508 0.388559
0 0.314316 0.378893 0.319658 0.378765 0.328052 0.380037 0.335969 0.381691 0.340453 0.383471 0.346081 0.389322 0.348561 0.393901 0.351137 0.393138 0.352090 0.393774 0.351995 0.395300 0.350850 0.396063 0.357337 0.402677 0.358768 0.412470 0.358195 0.415777 0.353903 0.415395 0.341597 0.416413 0.338736 0.420865 0.332154 0.421246 0.329674 0.423281 0.326621 0.423154 0.323664 0.420356 0.322615 0.416922 0.312789 0.413742 0.312122 0.415650 0.310214 0.415268 0.307734 0.414760 0.306875 0.412470 0.305444 0.406492 0.304777 0.401914 0.304967 0.399497 0.306494 0.387796 0.307543 0.387033 0.310786 0.379656
0 0.318227 0.378638 0.309546 0.375204 0.304204 0.375967 0.294188 0.375331 0.291231 0.376349 0.288369 0.379274 0.286175 0.382708 0.281406 0.383090 0.283695 0.385634 0.285317 0.387160 0.286557 0.391993 0.286843 0.399624 0.291708 0.401914 0.293616 0.405602 0.296668 0.406747 0.297908 0.406111 0.304681 0.404966 0.304872 0.399497 0.306494 0.387796 0.307638 0.387033 0.310691 0.379529
0 0.305444 0.375204 0.303060 0.370498 0.303537 0.368463 0.302201 0.367446 0.301247 0.367700 0.297718 0.362231 0.293616 0.360578 0.285126 0.360196 0.281692 0.360323 0.279880 0.361214 0.277304 0.364648 0.276636 0.365920 0.275492 0.370880 0.277590 0.375204 0.281406 0.382708 0.286271 0.382708 0.290373 0.376603 0.293997 0.375459
0 0.366876 0.367573 0.367448 0.360705 0.366399 0.353201 0.359817 0.350784 0.351995 0.351039 0.349324 0.353709 0.346081 0.355236 0.344650 0.358288 0.344555 0.361341 0.344936 0.363630 0.346749 0.364902 0.347607 0.364266 0.357146 0.367446 0.360103 0.366428 0.363633 0.366047 0.364205 0.367191
0 0.348752 0.353709 0.347035 0.350911 0.340644 0.349767 0.335683 0.349639 0.332249 0.353201 0.331391 0.354091 0.330628 0.355999 0.330341 0.358415 0.330723 0.359815 0.332917 0.359815 0.335969 0.361341 0.339117 0.362740 0.340644 0.361341 0.344364 0.361341 0.344745 0.358415 0.346462 0.354854
0 0.334825 0.350530 0.332631 0.347986 0.325667 0.346333 0.322138 0.346714 0.316987 0.351039 0.316510 0.354218 0.316891 0.356253 0.318036 0.357525 0.319085 0.356635 0.323282 0.358034 0.324904 0.358797 0.326907 0.357780 0.331009 0.358288 0.331772 0.354091
0 0.285317 0.359815 0.282074 0.355490 0.276446 0.353837 0.270627 0.353709 0.266525 0.353709 0.263759 0.355236 0.261278 0.358670 0.259466 0.359687 0.259561 0.361086 0.261851 0.361214 0.265380 0.362613 0.267288 0.363885 0.269482 0.367955 0.272344 0.368972 0.275301 0.371134 0.276636 0.365538 0.279880 0.360959 0.282169 0.360323
0 0.269291 0.368082 0.267097 0.363503 0.264236 0.362358 0.261469 0.361214 0.256127 0.361341 0.251453 0.361468 0.245253 0.367191 0.244776 0.369862 0.244013 0.374695 0.246684 0.371516 0.247828 0.368209 0.251644 0.367319 0.262232 0.367446
0 0.243250 0.376858 0.245062 0.374695 0.246684 0.372025 0.247733 0.368209 0.251262 0.367191 0.269196 0.367955 0.273393 0.369481 0.276064 0.372279 0.281024 0.382835 0.284840 0.386905 0.285889 0.390975 0.287320 0.395300 0.286557 0.402677 0.284935 0.408909 0.281978 0.408655 0.279593 0.405348 0.269482 0.405475 0.266334 0.405093 0.264617 0.401278 0.262519 0.397716 0.263949 0.393138 0.263472 0.391739 0.260706 0.390975 0.259752 0.392756 0.256795 0.387414 0.252693 0.382072 0.249068 0.378130 0.246588 0.377239
0 0.248080 0.364152 0.247965 0.356942 0.246009 0.352646 0.241061 0.347737 0.231396 0.347430 0.229785 0.348964 0.231741 0.352493 0.232892 0.355561 0.234848 0.359857 0.237264 0.362925
0 0.234388 0.359396 0.230245 0.350038 0.229210 0.348811 0.223457 0.347584 0.217244 0.348044 0.215173 0.351879 0.220120 0.353413 0.225413 0.354027 0.227829 0.358936
0 0.238760 0.366147 0.241521 0.366760 0.242097 0.368601 0.239565 0.369215 0.240831 0.371516 0.242442 0.372897 0.242557 0.377039 0.238185 0.376579 0.230821 0.376272 0.224838 0.376732 0.223687 0.378419 0.221961 0.380414 0.220005 0.383175 0.213907 0.380260 0.214137 0.375351 0.214828 0.367987 0.217819 0.365533 0.219890 0.359243 0.228059 0.359396 0.233697 0.359396 0.237379 0.363539
0 0.227944 0.359090 0.225413 0.354027 0.218509 0.352646 0.211836 0.351726 0.208384 0.351879 0.203897 0.358169 0.201941 0.358323 0.202056 0.360624 0.203782 0.364766 0.205968 0.365840 0.207004 0.366147 0.207004 0.367527 0.205853 0.368294 0.207464 0.372743 0.208039 0.376272 0.213447 0.376118 0.215058 0.367834 0.217819 0.365533 0.219890 0.359396
0 0.266374 0.424136 0.267179 0.409869 0.266144 0.404500 0.262347 0.397903 0.263958 0.393147 0.262692 0.390999 0.260621 0.390999 0.259470 0.392687 0.255789 0.386397 0.251071 0.380260 0.248655 0.377959 0.242672 0.377192 0.234157 0.376425 0.225528 0.376885 0.220926 0.381334 0.218970 0.384709 0.217474 0.386243 0.216208 0.396062 0.216208 0.402045 0.217474 0.408948 0.217474 0.412784 0.219430 0.415085 0.221271 0.415392 0.222191 0.414011 0.226448 0.420454 0.227369 0.424290 0.234503 0.422756 0.245203 0.422602 0.258320 0.423523 0.263267 0.425057 0.265569 0.426284
0 0.197454 0.406034 0.195958 0.388238 0.194462 0.383329 0.189630 0.372897 0.184452 0.370595 0.170300 0.371056 0.165237 0.371976 0.161900 0.374584 0.163166 0.404806 0.167538 0.406187 0.174327 0.407875 0.181460 0.409716
0 0.138436 0.369697 0.135672 0.369834 0.123078 0.369561 0.117446 0.369697 0.114886 0.371882 0.111917 0.378708 0.110483 0.382940 0.109971 0.387718 0.109562 0.390722 0.109767 0.396183 0.109971 0.399869 0.111507 0.408060 0.114477 0.409698 0.117753 0.407514 0.142122 0.406695 0.149085 0.405876 0.148471 0.399732 0.148778 0.390176 0.147140 0.384305 0.143249 0.377206
0 0.111098 0.380073 0.106183 0.378435 0.105057 0.374339 0.105364 0.368742 0.104852 0.362871 0.107104 0.360141 0.109664 0.354543 0.111507 0.350038 0.114374 0.349492 0.123897 0.349219 0.130757 0.350175 0.135057 0.352496 0.137412 0.362052 0.139255 0.366011 0.139460 0.370653 0.137924 0.369561 0.117344 0.369697 0.114374 0.371609
0 0.104954 0.362462 0.103623 0.356182 0.104442 0.351130 0.104442 0.347990 0.105773 0.345260 0.107821 0.340618 0.121337 0.341437 0.122873 0.343212 0.125433 0.349082 0.113657 0.349219 0.111610 0.349902 0.107207 0.360277
0 0.104852 0.329560 0.105773 0.324645 0.114067 0.324918 0.114784 0.326283 0.115296 0.328877 0.107719 0.328195
0 0.104237 0.346898 0.104340 0.343212 0.107616 0.334611 0.111712 0.334338 0.117958 0.335021 0.119699 0.336795 0.121030 0.341437 0.107924 0.340618
0 0.119084 0.335840 0.119084 0.334611 0.117036 0.329833 0.112326 0.328331 0.106490 0.328331 0.104340 0.329969 0.103009 0.333382 0.102497 0.337205 0.102497 0.341710 0.102906 0.346898 0.103725 0.347717 0.104135 0.343075 0.107821 0.334884 0.112429 0.334748 0.115603 0.334884
0 0.166799 0.356864 0.157788 0.356182 0.152669 0.355772 0.150007 0.357410 0.146423 0.363144 0.144375 0.364783 0.143453 0.374203 0.144170 0.378025 0.148368 0.382940 0.152566 0.383759 0.156969 0.382394 0.161577 0.374885 0.165468 0.372564 0.173864 0.371063 0.173864 0.367513 0.172123 0.364919
0 0.157379 0.355772 0.157174 0.353451 0.144375 0.353451 0.141201 0.357956 0.139665 0.369288 0.140075 0.372428 0.142430 0.375295 0.143453 0.374203 0.144682 0.364236 0.146320 0.362735 0.150416 0.356591 0.152669 0.355909
0 0.207346 0.384442 0.207858 0.375841 0.206117 0.368878 0.207039 0.366557 0.206732 0.366011 0.203967 0.364919 0.201203 0.359868 0.198950 0.357956 0.196492 0.357410 0.193011 0.357820 0.184410 0.357274 0.183386 0.357956 0.182055 0.360414 0.180929 0.363827 0.179598 0.366284 0.178164 0.369970 0.178472 0.370790 0.184001 0.370380 0.189325 0.372837 0.194649 0.383213
0 0.145809 0.352086 0.145911 0.342529 0.142634 0.335976 0.137003 0.334611 0.131166 0.335157 0.129426 0.340755 0.129016 0.343075 0.128709 0.346625 0.128709 0.349219 0.130040 0.350038 0.132805 0.350721 0.134033 0.351267
0 0.131986 0.334611 0.129938 0.329150 0.127788 0.328331 0.122566 0.328058 0.120927 0.330242 0.119494 0.334338 0.120313 0.338161 0.123385 0.338980 0.129631 0.339799 0.130962 0.334884
0 0.136388 0.334475 0.137720 0.329833 0.138846 0.328331 0.144580 0.327785 0.146730 0.328604 0.147754 0.331335 0.149187 0.336113 0.148778 0.340072 0.147037 0.340891 0.144375 0.340345 0.142532 0.335703
0 0.161577 0.344304 0.161474 0.329287 0.170178 0.330242 0.171304 0.333792 0.171714 0.337751 0.171099 0.343485 0.169768 0.344577
0 0.181134 0.339389 0.179905 0.333792 0.178267 0.331608 0.171099 0.331198 0.171714 0.334202 0.171611 0.337068 0.171406 0.342529 0.173864 0.339799 0.177755 0.339389
0 0.178164 0.370380 0.173761 0.370926 0.174171 0.367240 0.170792 0.363008 0.173864 0.359868 0.178369 0.354680 0.183694 0.353997 0.191475 0.354407 0.193830 0.355089 0.195571 0.357137 0.188096 0.357410 0.183284 0.357410 0.181646 0.360823
0 0.183284 0.353997 0.179905 0.347854 0.178369 0.346898 0.172123 0.346352 0.167208 0.346625 0.164546 0.351676 0.163522 0.356045 0.166799 0.357001 0.170587 0.362735 0.178267 0.354543
0 0.170383 0.345806 0.171304 0.343349 0.173761 0.340618 0.181134 0.338707 0.184308 0.340891 0.186151 0.343758 0.184513 0.345669 0.182465 0.348809 0.182158 0.350721 0.178983 0.346489 0.174478 0.346489
0 0.188404 0.344168 0.185639 0.344714 0.183591 0.346489 0.182465 0.348946 0.182158 0.351267 0.182977 0.353315 0.184410 0.354134 0.191475 0.354680 0.195059 0.355772 0.195469 0.357137 0.199564 0.357820 0.200793 0.359458 0.202329 0.360414 0.202226 0.357274 0.204172 0.357683 0.205401 0.354543 0.204172 0.347581 0.202943 0.345396 0.199974 0.347444 0.196083 0.343758 0.188813 0.343622
0 0.190042 0.344031 0.192192 0.340891 0.194649 0.339389 0.198847 0.339799 0.202022 0.340072 0.204581 0.347035 0.205298 0.349629 0.203046 0.345260 0.201407 0.346079 0.199871 0.347171 0.198540 0.345942 0.195059 0.343349
0 0.202943 0.340345 0.201612 0.335976 0.198028 0.335021 0.193933 0.334884 0.192192 0.336932 0.190861 0.339253 0.190759 0.341983 0.191475 0.342256 0.193728 0.340209 0.195673 0.338980
0 0.193318 0.335430 0.191680 0.333382 0.187584 0.332836 0.184410 0.333246 0.182874 0.335021 0.182158 0.336522 0.182362 0.338297 0.184001 0.339799 0.185229 0.341301 0.186151 0.342393 0.189325 0.342802 0.189939 0.343075 0.191066 0.341983 0.191373 0.339662 0.191578 0.337615
0 0.200281 0.335157 0.202124 0.333519 0.206322 0.333382 0.208575 0.333792 0.210315 0.336659 0.210623 0.343485 0.204069 0.343349 0.203353 0.340618 0.202022 0.336386