0 0.008863 0.999894 0.065051 0.938318 0.140867 0.853650 0.180507 0.813113 0.176658 0.808494 0.176658 0.802337 0.183201 0.796692 0.191668 0.794640 0.200519 0.794640 0.202828 0.795153 0.204368 0.796179 0.212065 0.793100 0.225150 0.793100 0.242083 0.775654 0.265174 0.755641 0.277490 0.749997 0.300966 0.745379 0.317514 0.746405 0.343684 0.752562 0.375627 0.762825 0.382554 0.766417 0.400257 0.781811 0.406030 0.790021 0.407185 0.797718 0.407570 0.813113 0.407954 0.819270 0.408339 0.825428 0.407185 0.835177 0.405261 0.843901 0.404106 0.857242 0.400642 0.884952 0.397179 0.902398 0.393715 0.914714 0.389097 0.917792 0.382169 0.918819 0.381015 0.918819 0.354460 0.999894
0 0.999665 0.999485 0.999937 0.974442 0.953933 0.925080 0.932973 0.901489 0.909291 0.879349 0.888875 0.857572 0.873903 0.845231 0.859748 0.838698 0.839876 0.831802 0.812383 0.824906 0.785162 0.821640 0.775362 0.822728 0.770190 0.826721 0.766107 0.832528 0.754129 0.838698 0.744058 0.843417 0.733169 0.853942 0.730991 0.857572 0.726636 0.864105 0.724186 0.881526 0.721192 0.888059 0.719014 0.899674 0.715475 0.916733 0.714386 0.928710 0.712209 0.938510 0.711664 0.945769 0.711392 0.951576 0.710848 0.962827 0.712209 0.974805 0.710031 0.980612 0.707037 0.991863 0.706220 1.000574
0 0.746593 0.546968 0.747646 0.545283 0.749962 0.543879 0.755016 0.538826 0.759860 0.535737 0.766388 0.535175 0.776706 0.536299 0.785550 0.537983 0.790394 0.539106 0.799027 0.542195 0.807029 0.546687 0.817348 0.553145 0.823244 0.558199 0.824929 0.567184 0.824297 0.580380 0.824508 0.583749 0.816716 0.582345 0.808082 0.581503 0.804924 0.581503 0.799659 0.585434 0.795448 0.586557 0.794184 0.588803 0.789762 0.592453 0.788077 0.595261 0.785761 0.600876 0.785129 0.604807 0.783655 0.608176 0.774179 0.606211 0.771231 0.608176 0.767441 0.607615 0.761755 0.606492 0.759860 0.605088 0.759439 0.596103 0.743224 0.580099 0.740908 0.584030 0.737959 0.582345 0.735432 0.579538 0.735854 0.569149 0.737538 0.558480 0.740065 0.550899 0.741750 0.548653 0.745119 0.547529
0 0.824297 0.583749 0.810609 0.581784 0.805134 0.581503 0.800080 0.584872 0.795448 0.585995 0.794395 0.588803 0.790604 0.591611 0.787235 0.596665 0.785340 0.601438 0.784708 0.605930 0.783445 0.608457 0.783023 0.612950 0.783866 0.616600 0.784287 0.619407 0.784287 0.621934 0.783866 0.625865 0.783234 0.632042 0.783655 0.635692 0.785550 0.638781 0.791447 0.641588 0.793974 0.640465 0.795869 0.638219 0.825982 0.675843 0.827035 0.680054 0.827877 0.684266 0.829351 0.688197 0.831036 0.690162 0.836089 0.691847 0.837774 0.691847 0.841986 0.691004 0.843670 0.689881 0.846197 0.689600 0.852936 0.695777 0.868098 0.704481 0.881575 0.707851 0.907476 0.713747 0.917163 0.710658 0.921164 0.700551 0.921164 0.692408 0.919690 0.678650 0.913162 0.668262 0.904317 0.658996 0.894631 0.647204 0.892735 0.643554 0.893367 0.637658 0.891682 0.632604 0.889998 0.631200 0.887471 0.632604 0.880943 0.621092 0.875889 0.614073 0.872520 0.609580 0.864518 0.601719 0.850830 0.593295 0.841354 0.589084 0.831246 0.585995
0 0.973598 0.608457 0.969807 0.605369 0.966438 0.602561 0.952540 0.593857 0.938431 0.588242 0.930850 0.585995 0.917794 0.582626 0.906423 0.580380 0.901790 0.579818 0.896736 0.580099 0.886629 0.582626 0.879469 0.584872 0.877574 0.584872 0.873783 0.585434 0.869782 0.585715 0.867045 0.585715 0.864728 0.586557 0.863886 0.590768 0.862833 0.593857 0.860938 0.598911 0.863886 0.600876 0.867887 0.603965 0.871467 0.608457 0.874204 0.612950 0.879258 0.619127 0.903054 0.634569 0.902633 0.636534 0.904317 0.640465 0.906002 0.644396 0.908318 0.645519 0.913583 0.646642 0.916320 0.646081 0.920111 0.642150 0.936746 0.649450 0.950645 0.651415 0.953593 0.656750 0.957173 0.658996 0.962227 0.659558 0.966649 0.657031 0.968965 0.654785 0.974230 0.654504 0.978441 0.652538 0.982442 0.647765 0.982021 0.640184 0.983285 0.627550 0.978441 0.622496
0 1.000131 0.606492 0.972124 0.598069 0.967491 0.597226 0.960331 0.598069 0.973387 0.607896 0.978441 0.622215 0.983285 0.627550 0.982232 0.643835 0.982653 0.646923 0.980126 0.651696 0.975914 0.654504 0.975914 0.657873 0.980968 0.662366 0.984337 0.662927 0.987286 0.662646 0.990865 0.661804 0.993603 0.662085 0.999710 0.662366
0 1.000131 0.555391 0.996762 0.554549 0.991287 0.552864 0.983495 0.552022 0.978020 0.550337 0.973808 0.550337 0.968333 0.552864 0.963911 0.555672 0.962227 0.559322 0.960753 0.566903 0.960331 0.571957 0.960753 0.574764 0.961595 0.580099 0.962437 0.582065 0.964543 0.583468 0.968333 0.584591 0.972545 0.584872 0.974230 0.582907 0.997815 0.594980 0.999078 0.597788 1.000763 0.598911
0 0.998657 0.555110 0.990234 0.552303 0.983916 0.551741 0.975493 0.550337 0.969807 0.552303 0.964122 0.555391 0.960753 0.564095 0.960753 0.568307 0.947275 0.562410 0.945801 0.563534 0.943064 0.564095 0.940326 0.563534 0.936957 0.561849 0.936746 0.556514 0.935483 0.552864 0.935483 0.548933 0.937168 0.544441 0.939695 0.539949 0.943274 0.538826 0.948749 0.534895 0.960331 0.536579 0.969386 0.539949 0.980547 0.543318 0.991497 0.546687 0.995077 0.550337
0 -0.000070 0.371467 0.005718 0.373488 0.008473 0.374958 0.010953 0.377897 0.011780 0.381020 0.013434 0.384511 0.012469 0.387634 0.012193 0.390390 0.008887 0.391676 0.006131 0.393145 0.004202 0.394615 0.001859 0.395717 0.000206 0.395901
0 0.011367 0.308820 0.008198 0.308636 0.005442 0.311576 0.003513 0.315617 0.004340 0.321680 0.006406 0.324803 0.008060 0.328110 0.011229 0.329212 0.015087 0.330315 0.019772 0.331050 0.025008 0.330498 0.027212 0.328845 0.031759 0.330131 0.032586 0.331601 0.036719 0.332152 0.038924 0.331968 0.039889 0.330315 0.042782 0.331601 0.042644 0.333070 0.045538 0.334356 0.048156 0.334540 0.049671 0.333254 0.050636 0.331784 0.051187 0.329580 0.049809 0.324987 0.046089 0.322966 0.041680 0.321313 0.035479 0.315434 0.031897 0.313413 0.026937 0.311576
0 0.000206 0.423091 0.004202 0.421438 0.011918 0.415559 0.014811 0.414640 0.021150 0.411150 0.031070 0.406189 0.039889 0.404168 0.052978 0.403801 0.069099 0.404536 0.081087 0.406005 0.093212 0.410415 0.107680 0.417947 0.116085 0.420335 0.121183 0.422907 0.122836 0.423826 0.124352 0.427684 0.123938 0.430072 0.124214 0.433195 0.124903 0.436870 0.125041 0.439258 0.124490 0.443300 0.123112 0.447893 0.119943 0.450097 0.118427 0.451751 0.116498 0.453771 0.114982 0.455058 0.113191 0.458732 0.110986 0.461120 0.107680 0.461488 0.104924 0.461304 0.102857 0.460753 0.100239 0.458364 0.097346 0.455792 0.046502 0.462406 0.042920 0.466264 0.040026 0.467183 0.036031 0.470306 0.029279 0.471041 0.021839 0.469204 0.018669 0.466632 0.015638 0.463325 0.008473 0.463508 0.000482 0.463876 -0.000345 0.463508
0 0.067584 0.404352 0.067859 0.399392 0.068273 0.395166 0.070753 0.392962 0.078607 0.386164 0.078607 0.384511 0.084118 0.383592 0.093901 0.383408 0.102719 0.384511 0.115947 0.385429 0.125730 0.387266 0.136890 0.390206 0.139233 0.392043 0.144193 0.394248 0.151771 0.400310 0.157421 0.405638 0.162519 0.407291 0.166101 0.408210 0.169270 0.409496 0.172164 0.411333 0.173817 0.414273 0.174506 0.417028 0.175195 0.419968 0.175471 0.425479 0.174919 0.428602 0.173542 0.430256 0.170786 0.431726 0.170097 0.433012 0.168581 0.435400 0.166790 0.436870 0.164448 0.437972 0.159901 0.437788 0.157145 0.437053 0.154527 0.434665 0.153287 0.432461 0.145846 0.431726 0.136064 0.432277 0.124076 0.433195 0.124076 0.427500 0.121872 0.424010 0.115533 0.420152 0.105888 0.417212 0.094590 0.410598 0.080949 0.406189
0 0.385597 0.486394 0.377881 0.490804 0.371267 0.495764 0.368925 0.499438 0.363965 0.506787 0.358591 0.514135 0.354320 0.517994 0.352942 0.520566 0.351288 0.524975 0.347844 0.537100 0.347430 0.545735 0.347017 0.556941 0.347844 0.563555 0.348808 0.566678 0.352391 0.570536 0.352391 0.570536 0.357627 0.568699 0.360520 0.566678 0.361071 0.564841 0.381877 0.570720 0.393451 0.573476 0.405025 0.574394 0.405439 0.578803 0.407092 0.583947 0.412603 0.585233 0.415359 0.582478 0.417288 0.578068 0.419217 0.565943 0.420044 0.560432 0.428862 0.551981 0.430654 0.553818 0.431894 0.553818 0.434925 0.553634 0.437267 0.551981 0.438094 0.548123 0.441401 0.531588 0.441952 0.525158 0.441814 0.519280 0.439472 0.508624 0.438645 0.508073 0.432169 0.506052 0.426933 0.497785 0.424040 0.495029 0.421560 0.494845 0.411639 0.491906 0.396896 0.488415
0 0.364929 0.505501 0.353080 0.503296 0.351426 0.505317 0.348533 0.507338 0.344675 0.507522 0.342608 0.506052 0.341506 0.503480 0.341092 0.495764 0.340954 0.491171 0.342057 0.478862 0.342470 0.472800 0.343159 0.468207 0.344399 0.467839 0.349084 0.462695 0.352529 0.456633 0.356387 0.453142 0.360658 0.449651 0.364929 0.447998 0.371267 0.447079 0.377055 0.449100 0.381739 0.450203 0.388904 0.452040 0.396620 0.453326 0.399927 0.453877 0.402683 0.455530 0.405576 0.459388 0.409848 0.465267 0.411501 0.467104 0.413017 0.467655 0.414257 0.468574 0.414395 0.469309 0.416324 0.470227 0.417564 0.471330 0.418804 0.473718 0.420182 0.478862 0.420457 0.484374 0.419768 0.486946 0.418666 0.493927 0.412741 0.492090 0.397998 0.488599 0.386011 0.486394 0.378984 0.490804 0.371681 0.496499 0.366858 0.501459
0 0.354182 0.454612 0.349773 0.449100 0.339990 0.444507 0.322767 0.440466 0.309126 0.440649 0.302925 0.443405 0.294658 0.449468 0.288596 0.454061 0.284049 0.456816 0.283222 0.459388 0.282533 0.464165 0.280053 0.470044 0.280466 0.480883 0.282395 0.483271 0.285978 0.484006 0.286942 0.487864 0.289698 0.490252 0.294796 0.491171 0.297001 0.489885 0.297276 0.487680 0.306508 0.490804 0.312157 0.491906 0.321113 0.493192 0.321527 0.496866 0.323318 0.499071 0.328278 0.500173 0.330896 0.499071 0.332274 0.496499 0.335030 0.492090 0.335856 0.490069 0.340954 0.488048 0.342608 0.468207 0.344812 0.466921 0.349359 0.461225 0.351977 0.455898
0 0.552100 0.520868 0.548766 0.523380 0.544128 0.531110 0.541809 0.537295 0.539925 0.538648 0.537171 0.543479 0.536591 0.546571 0.534852 0.545798 0.532967 0.545605 0.530938 0.547731 0.531518 0.551016 0.533692 0.553335 0.536301 0.555461 0.534997 0.562225 0.533837 0.566863 0.532243 0.573821 0.531663 0.580391 0.530648 0.585223 0.529924 0.589668 0.529344 0.596625 0.528329 0.604356 0.528329 0.606868 0.529489 0.610733 0.531228 0.613052 0.533692 0.614598 0.537461 0.614792 0.539490 0.613632 0.539925 0.612666 0.552970 0.618077 0.566450 0.622329 0.578915 0.624261 0.585872 0.625421 0.591090 0.626001 0.594134 0.624841 0.595149 0.621556 0.596163 0.615565 0.598192 0.605129 0.599352 0.591407 0.598627 0.588315 0.597468 0.585609 0.595873 0.570149 0.598627 0.569955 0.602396 0.568989 0.604570 0.567830 0.605005 0.565897 0.603990 0.563578 0.603120 0.562612 0.600222 0.561452 0.598192 0.561452 0.595728 0.565317 0.594714 0.560679 0.589931 0.538841 0.586452 0.529564 0.582393 0.526472 0.573552 0.523380 0.563261 0.521254 0.556883 0.520095
0 0.217943 0.359500 0.213021 0.361995 0.210595 0.362827 0.209694 0.364676 0.209347 0.368280 0.210942 0.373087 0.211773 0.374288 0.213021 0.376599 0.215309 0.375582 0.215655 0.374565 0.220161 0.374935 0.221894 0.375952 0.222241 0.377061 0.225152 0.377893 0.226192 0.377985 0.227371 0.376322 0.235897 0.376876 0.236660 0.378447 0.239086 0.378817 0.239849 0.378447 0.240750 0.377153 0.241651 0.376599 0.242344 0.375120 0.242691 0.371608 0.241374 0.368188 0.236313 0.366247 0.232362 0.361256 0.228203 0.360332 0.223350 0.359222
0 0.219122 0.347761 0.216973 0.348870 0.216349 0.351089 0.217596 0.352937 0.218636 0.353769 0.220855 0.354416 0.222449 0.354786 0.224390 0.355525 0.226054 0.355618 0.228133 0.355987 0.230005 0.356080 0.230352 0.354601 0.230629 0.347022 0.228341 0.346282 0.223142 0.345358 0.220716 0.346560
0 0.281036 0.357642 0.283472 0.359077 0.284039 0.360664 0.283529 0.362099 0.282679 0.363383 0.281433 0.362930 0.277637 0.362174 0.276787 0.362250 0.275937 0.362779 0.275144 0.362628 0.273728 0.362250 0.272708 0.361268 0.270159 0.361041 0.269705 0.361721 0.268686 0.361268 0.268232 0.360966 0.268062 0.360588 0.267722 0.359531 0.267439 0.358775 0.267722 0.357038 0.268176 0.355301 0.269989 0.353941 0.272481 0.353941 0.274464 0.354016 0.276900 0.354696 0.278996 0.355603
0 0.288911 0.355754 0.286701 0.357264 0.285625 0.358473 0.285342 0.360966 0.285682 0.362779 0.286645 0.363232 0.288288 0.363685 0.291347 0.364063 0.293386 0.364592 0.299618 0.365423 0.300411 0.364894 0.301035 0.362930 0.300978 0.361117 0.298938 0.359833 0.297862 0.358926 0.296842 0.357038 0.294236 0.355678 0.292820 0.355527
0 0.309533 0.358549 0.307606 0.358246 0.305680 0.360286 0.305170 0.361570 0.305170 0.362854 0.305340 0.364290 0.306020 0.365800 0.310496 0.366329 0.312988 0.366480 0.316274 0.367084 0.317521 0.367160 0.318087 0.365649 0.318427 0.364063 0.317804 0.362703 0.315934 0.361495 0.314688 0.360059 0.312139 0.359002
0 0.327095 0.361117 0.323583 0.360362 0.321203 0.360513 0.319900 0.361646 0.319617 0.362477 0.319334 0.364214 0.319334 0.364743 0.319560 0.365800 0.319844 0.366707 0.320183 0.367084 0.322336 0.367311 0.325679 0.367915 0.326642 0.367915
0 0.332137 0.364290 0.335820 0.364214 0.338369 0.364290 0.340239 0.366405 0.342052 0.367689 0.342562 0.368973 0.342505 0.370937 0.341315 0.371843 0.340409 0.371843 0.337463 0.371541 0.334120 0.371390 0.332364 0.370635 0.331514 0.370106
0 0.341202 0.371994 0.339049 0.373958 0.337689 0.374865 0.335763 0.375394 0.334743 0.376904 0.334290 0.378793 0.334177 0.380455 0.334347 0.381814 0.334913 0.382796 0.335820 0.383627 0.336670 0.383627 0.337179 0.383023 0.341372 0.383476 0.341542 0.384232 0.343071 0.384836 0.344318 0.384987 0.344941 0.385062 0.345508 0.384685 0.346131 0.384685 0.348680 0.384609 0.350040 0.384836 0.350096 0.385667 0.351343 0.386120 0.351853 0.386347 0.352476 0.385742 0.352929 0.384534 0.353949 0.381437 0.353779 0.379095 0.353722 0.376602 0.351230 0.373656 0.346074 0.372145
0 0.357154 0.420162 0.355734 0.419981 0.352758 0.415742 0.348902 0.413127 0.343626 0.411323 0.338012 0.409970 0.332668 0.409790 0.328001 0.410151 0.323131 0.411323 0.321575 0.412496 0.319208 0.415111 0.316638 0.418268 0.315691 0.419981 0.315420 0.422416 0.315082 0.424581 0.314676 0.426024 0.314608 0.428188 0.314608 0.431796 0.314676 0.434050 0.314879 0.437027 0.315826 0.438921 0.317720 0.440183 0.320358 0.439732 0.321508 0.436936 0.325228 0.437928 0.331113 0.439371 0.335577 0.440364 0.336524 0.440544 0.336524 0.442077 0.339771 0.444693 0.342138 0.444783 0.343761 0.443159 0.345182 0.440454 0.345385 0.439462 0.355328 0.438109 0.355396 0.439101 0.357357 0.441085 0.358845 0.441446 0.360604 0.441536 0.361754 0.440003 0.363039 0.437928 0.363174 0.436035 0.363783 0.425663 0.362836 0.424310 0.359928 0.422146 0.358845 0.421875 0.357357 0.420342
0 0.391583 0.397885 0.387863 0.402665 0.386037 0.402304 0.385496 0.403477 0.385699 0.404830 0.383872 0.405912 0.383196 0.407355 0.382655 0.408798 0.382114 0.410962 0.382181 0.413127 0.381978 0.415923 0.382249 0.417276 0.382790 0.418628 0.383399 0.419440 0.384752 0.419440 0.385969 0.418899 0.386781 0.417636 0.391786 0.419440 0.395845 0.420342 0.397062 0.420703 0.397603 0.422236 0.399092 0.422777 0.400377 0.422867 0.401459 0.421785 0.401865 0.420252 0.403624 0.419711 0.404841 0.419711 0.404706 0.420703 0.405788 0.422146 0.407276 0.422506 0.407817 0.421514 0.409711 0.412225 0.409711 0.406994 0.408020 0.404739 0.405856 0.400861 0.403353 0.399509
0 0.385205 0.377879 0.383148 0.380485 0.380885 0.382130 0.379959 0.383228 0.379753 0.384736 0.379959 0.386519 0.380216 0.387616 0.381193 0.388645 0.382582 0.388577 0.382736 0.387959 0.387262 0.389057 0.387931 0.390154 0.388959 0.390702 0.390142 0.390428 0.390605 0.389262 0.392405 0.389399 0.392817 0.390154 0.394463 0.390840 0.394720 0.390360 0.395697 0.387685 0.396160 0.383365 0.394463 0.379730 0.390965 0.378907
0 0.426018 0.375066 0.424255 0.374411 0.422960 0.374322 0.422380 0.374738 0.422000 0.375512 0.421576 0.375869 0.421264 0.376316 0.420884 0.377030 0.421152 0.377625 0.421576 0.377893 0.422893 0.378072 0.423786 0.378548 0.424991 0.378697 0.426085 0.378726 0.426308 0.378310 0.426710 0.377357
0 0.947334 0.526334 0.948161 0.524543 0.949608 0.523716 0.950744 0.521236 0.950848 0.517102 0.948988 0.511866 0.942994 0.509386 0.937000 0.508008 0.929766 0.506355 0.926770 0.507181 0.922636 0.508422 0.918812 0.509248 0.916229 0.510213 0.915402 0.512142 0.914989 0.514484 0.914885 0.516275 0.915919 0.518204 0.917779 0.518756 0.920052 0.518067 0.926253 0.519858 0.927286 0.521373 0.932040 0.523027 0.934313 0.523578 0.937207 0.523165 0.942167 0.523716 0.942684 0.525783 0.944234 0.527023 0.946611 0.527298 0.947127 0.526472
0 0.912405 0.515862 0.914472 0.513933 0.915609 0.511591 0.916436 0.509937 0.917469 0.508559 0.915505 0.504288 0.913852 0.502221 0.905895 0.499741 0.900108 0.499052 0.896491 0.499603 0.894631 0.500981 0.892771 0.500843 0.890601 0.501532 0.889257 0.507319 0.889774 0.508697 0.891324 0.508973 0.893391 0.508697 0.897318 0.510351 0.898351 0.511591 0.900418 0.512693 0.901968 0.512969 0.903208 0.512555 0.909822 0.513657 0.910235 0.514898 0.911785 0.516000
0 0.886364 0.495056 0.883057 0.493403 0.878096 0.491887 0.874273 0.491887 0.870656 0.493541 0.867762 0.493678 0.866109 0.494505 0.865696 0.496021 0.865282 0.497812 0.866109 0.498914 0.866316 0.500154 0.867349 0.500843 0.869519 0.500154 0.874893 0.501670 0.875100 0.503323 0.876650 0.504426 0.878303 0.504977 0.879440 0.504426 0.883987 0.505115
0 0.862285 0.497261 0.864042 0.489958 0.862595 0.487891 0.860839 0.485136 0.855672 0.483482 0.852881 0.483207 0.850711 0.485136 0.849471 0.487202 0.848851 0.489820 0.848334 0.493403 0.849265 0.494781 0.850401 0.496159 0.852778 0.496159 0.854432 0.495883 0.857842 0.497123 0.859392 0.497812 0.861769 0.497950 0.862285 0.497261
0 0.948102 0.534979 0.948368 0.533916 0.945976 0.533030 0.944382 0.530904 0.940794 0.527716 0.937473 0.525590 0.931626 0.523464 0.925648 0.521161 0.920864 0.520452 0.916480 0.519921 0.912494 0.521692 0.914088 0.523287 0.916214 0.527361 0.918340 0.529133 0.920997 0.531259 0.924186 0.534270 0.924452 0.536219 0.925249 0.538522 0.926179 0.541002 0.927375 0.544014 0.928172 0.545785 0.929501 0.546494 0.931759 0.547911 0.934151 0.548088 0.935347 0.548265 0.936543 0.546140 0.937605 0.543482 0.938403 0.541711 0.939598 0.540116 0.942787 0.539053 0.946109 0.536219
0 0.924717 0.538168 0.920333 0.535333 0.906781 0.531613 0.899606 0.529133 0.894424 0.528601 0.888578 0.529310 0.890305 0.531967 0.892431 0.533739 0.893361 0.536928 0.894291 0.539585 0.895221 0.541534 0.895487 0.544191 0.895221 0.547911 0.894424 0.550923 0.893893 0.554643 0.893760 0.557300 0.897480 0.558718 0.899473 0.559781 0.901865 0.559781 0.905053 0.560135 0.911431 0.562084 0.917277 0.562438 0.917676 0.563855 0.918871 0.565981 0.921927 0.567044 0.924319 0.566690 0.925913 0.564918 0.927508 0.562615 0.929766 0.558718 0.929899 0.551631 0.930032 0.549506 0.927906 0.544191
0 0.924717 0.537813 0.924186 0.534625 0.919934 0.530727 0.915284 0.525590 0.912095 0.521870 0.908109 0.519212 0.900270 0.516555 0.894424 0.515492 0.890172 0.515315 0.887781 0.516023 0.889242 0.518326 0.889641 0.520629 0.890438 0.523110 0.892431 0.524173 0.893760 0.525413 0.894956 0.527361 0.895487 0.528424 0.898942 0.528424 0.901732 0.529841 0.910368 0.532322 0.917144 0.533739 0.921396 0.535510
0 0.895221 0.528601 0.889109 0.529310 0.885256 0.527716 0.880872 0.524881 0.875823 0.524173 0.871970 0.523464 0.868382 0.522047 0.866257 0.521338 0.864529 0.519567 0.862005 0.517441 0.861208 0.516201 0.863068 0.513543 0.865194 0.510709 0.869977 0.509114 0.874229 0.509469 0.879543 0.510709 0.883396 0.512303 0.886319 0.514252 0.887781 0.516201 0.889109 0.519389 0.890172 0.522578 0.892165 0.523995 0.893228 0.525413 0.894956 0.527716
0 0.851110 0.524881 0.852970 0.529487 0.854033 0.533739 0.854432 0.537813 0.854033 0.541002 0.852837 0.544545 0.856690 0.546317 0.858683 0.548088 0.859746 0.551277 0.861606 0.552694 0.863998 0.553934 0.866389 0.553934 0.868914 0.552694 0.869313 0.551809 0.875823 0.553049 0.881935 0.553934 0.882466 0.556769 0.882998 0.559072 0.885256 0.559781 0.887914 0.560135 0.890704 0.558363 0.893760 0.557478 0.894424 0.555352 0.895221 0.548797 0.896019 0.544014 0.895487 0.541534 0.892431 0.533562 0.890172 0.531613 0.888047 0.528601 0.881270 0.525235 0.875823 0.523464 0.865327 0.520984 0.862669 0.520984 0.857355 0.521870 0.851907 0.524704
0 0.810187 0.517972 0.813908 0.516555 0.820152 0.513898 0.823341 0.512835 0.830516 0.513898 0.835697 0.515138 0.841012 0.517618 0.846858 0.520098 0.849914 0.522578 0.852439 0.527538 0.854033 0.532676 0.854697 0.536219 0.854299 0.540648 0.853236 0.543837 0.852040 0.545431 0.850977 0.546140 0.849516 0.547734 0.848320 0.548974 0.846061 0.550037 0.844201 0.550391 0.842872 0.547380 0.842341 0.544368 0.829851 0.542065 0.825068 0.542242 0.820551 0.540116 0.819488 0.538345 0.810984 0.534093 0.811915 0.531613 0.813908 0.527007 0.813509 0.522755 0.811250 0.519212
0 0.865592 0.520807 0.861341 0.516732 0.860411 0.515138 0.857222 0.508937 0.853634 0.505217 0.848851 0.503623 0.842607 0.502737 0.839152 0.501142 0.835033 0.500788 0.833439 0.502560 0.837558 0.504331 0.839683 0.505748 0.840215 0.507874 0.841278 0.511240 0.842341 0.513720 0.842872 0.515846 0.843404 0.517264 0.843935 0.517972 0.846460 0.519212 0.848585 0.520629 0.849914 0.522932 0.851110 0.525058 0.855096 0.523464 0.857089 0.522401 0.862005 0.520984
0 0.861341 0.516201 0.865061 0.510532 0.864795 0.508583 0.863068 0.502737 0.857487 0.500434 0.851243 0.498485 0.845662 0.497068 0.841676 0.496536 0.837823 0.497599 0.835299 0.499725 0.836495 0.500434 0.839285 0.500611 0.841012 0.501497 0.842739 0.502737 0.846725 0.503268 0.853103 0.504863 0.855893 0.506989 0.857886 0.509823 0.859613 0.513012
0 0.843935 0.518504 0.841809 0.511949 0.839152 0.505394 0.834502 0.502560 0.826928 0.500080 0.819222 0.497777 0.813110 0.498485 0.810054 0.499371 0.808327 0.500257 0.805670 0.501497 0.803544 0.502737 0.805006 0.504508 0.806201 0.506457 0.807530 0.509292 0.808061 0.511772 0.810453 0.517795 0.814572 0.516555 0.820949 0.513543 0.823740 0.512835 0.831712 0.514075 0.837292 0.516023
0 0.848187 0.497245 0.844998 0.492993 0.837026 0.490159 0.829586 0.488742 0.827460 0.490159 0.828523 0.493525 0.831180 0.496891 0.834767 0.499371 0.837690 0.496714 0.841809 0.496359
0 0.835299 0.500788 0.831047 0.496891 0.826264 0.495474 0.821348 0.495119 0.817229 0.494233 0.812180 0.497245 0.813376 0.498485 0.818558 0.497777 0.821747 0.497954 0.826796 0.499902 0.833439 0.502205
0 0.830781 0.496359 0.828656 0.493879 0.827194 0.490336 0.825201 0.487324 0.822145 0.485553 0.815768 0.483959 0.812313 0.484490 0.809124 0.485553 0.807264 0.486793 0.806201 0.492108 0.808460 0.493702 0.811383 0.497245 0.816565 0.494588 0.819488 0.494588 0.824935 0.495119
0 0.786670 0.493171 0.791188 0.488919 0.795572 0.489450 0.801950 0.490868 0.807131 0.492816 0.810453 0.496536 0.812579 0.498308 0.808194 0.499371 0.803810 0.501851 0.798761 0.499194 0.794509 0.497422 0.788132 0.495119
0 0.792707 0.488672 0.790989 0.486382 0.788199 0.480945 0.783263 0.478656 0.775965 0.477654 0.773175 0.479085 0.770600 0.481661 0.769741 0.483950 0.769634 0.486382 0.770385 0.489530 0.771029 0.490103 0.773283 0.490103 0.776717 0.490818 0.779400 0.491533 0.782404 0.492392 0.786160 0.493394 0.788414 0.491104
0 0.814599 0.551200 0.815672 0.545334 0.814921 0.540469 0.813526 0.537035 0.808589 0.529737 0.806443 0.525302 0.802365 0.517575 0.797858 0.513712 0.789165 0.510707 0.780151 0.508704 0.772102 0.506701 0.770385 0.508131 0.768239 0.510707 0.765341 0.513283 0.764161 0.515286 0.763088 0.517861 0.761478 0.522011 0.760727 0.525731 0.761156 0.530167 0.761371 0.533744 0.762122 0.535318 0.765234 0.535461 0.770385 0.535890 0.777039 0.536749 0.783799 0.538036 0.789165 0.538895 0.793350 0.539897 0.796999 0.541614 0.801077 0.543760 0.806014 0.546049
0 0.810950 0.533028 0.813633 0.527162 0.813311 0.522440 0.809984 0.517861 0.807516 0.510135 0.805584 0.505270 0.802365 0.501263 0.794102 0.497400 0.786697 0.493823 0.777361 0.491104 0.771566 0.490532 0.768668 0.490818 0.765556 0.493680 0.763195 0.497972 0.761800 0.501693 0.760619 0.506701 0.760405 0.510278 0.761156 0.513569 0.761800 0.515286 0.761693 0.517432 0.762015 0.519292 0.764697 0.514141 0.766307 0.512281 0.771673 0.507130 0.774463 0.507273 0.782404 0.509276 0.790560 0.511422 0.798502 0.513569 0.803009 0.517575 0.805584 0.522869 0.806443 0.525302 0.808160 0.528450
0 0.704816 0.490675 0.705352 0.488958 0.707713 0.488815 0.708250 0.488958 0.711899 0.486669 0.714152 0.485381 0.717157 0.485810 0.723596 0.487241 0.727567 0.488386 0.731323 0.489387 0.733684 0.490103 0.735186 0.491677 0.737010 0.495826 0.738727 0.498688 0.740015 0.501693 0.741517 0.504411 0.741625 0.507559 0.741732 0.510135 0.740766 0.514427 0.739908 0.516430 0.739049 0.518147 0.738298 0.520294 0.736796 0.521725 0.734971 0.522154 0.732610 0.519865 0.732503 0.518004 0.726923 0.516287 0.721342 0.516144 0.717264 0.514713 0.716299 0.515572 0.712221 0.516430 0.711147 0.515858 0.710289 0.514284 0.709538 0.511279 0.709430 0.510135 0.705138 0.506128 0.704279 0.507416 0.702992 0.507559 0.701704 0.507130 0.700953 0.505556 0.700845 0.502694 0.700738 0.498115 0.701596 0.494252 0.702562 0.492678 0.704172 0.491104
0 0.722737 0.487098 0.724240 0.482662 0.725742 0.479657 0.727567 0.479085 0.728532 0.478656 0.730249 0.478226 0.734327 0.475651 0.737440 0.475365 0.742161 0.476080 0.749566 0.478370 0.752249 0.479800 0.754073 0.481374 0.755254 0.483521 0.756220 0.486239 0.757078 0.490103 0.756649 0.495254 0.756434 0.498831 0.755576 0.502551 0.754073 0.504411 0.752786 0.505556 0.750103 0.503839 0.749673 0.501550 0.739049 0.499832 0.737440 0.497114 0.735186 0.491247 0.732503 0.489673 0.728318 0.488243
0 0.776395 0.476939 0.777682 0.473791 0.779614 0.472074 0.782190 0.471215 0.785946 0.472360 0.790131 0.474077 0.791848 0.476223 0.792492 0.477511 0.794316 0.479657 0.795497 0.481374 0.796033 0.483521 0.796141 0.485238 0.794853 0.487813 0.793994 0.488529 0.792170 0.487527 0.790453 0.484808 0.788307 0.480802 0.782834 0.478370
0 0.436192 0.441709 0.433314 0.441593 0.432268 0.442988 0.432530 0.444383 0.434099 0.445197 0.432268 0.447173 0.429914 0.448917 0.428170 0.451940 0.427385 0.456241 0.426775 0.459729 0.426426 0.463449 0.427647 0.467634 0.430001 0.468913 0.431570 0.468564 0.432355 0.467402 0.439331 0.469146 0.443080 0.470425 0.447178 0.471238 0.450404 0.471587 0.451450 0.473564 0.453369 0.474610 0.457380 0.474610 0.458426 0.473564 0.459559 0.469029 0.463919 0.466239 0.464704 0.467402 0.466796 0.467751 0.467843 0.467518 0.469499 0.465425 0.470894 0.450080 0.469848 0.445313 0.468017 0.442058 0.466273 0.437872 0.460867 0.435780 0.454677 0.434268 0.449619 0.432990 0.446568 0.432990 0.443690 0.434152 0.442382 0.435315 0.440638 0.437059 0.437587 0.440546
0 0.550938 0.454149 0.551897 0.454497 0.553030 0.456125 0.551635 0.457404 0.552507 0.459031 0.552246 0.461938 0.551984 0.464844 0.551199 0.469494 0.550502 0.472401 0.549717 0.473447 0.549019 0.475889 0.548671 0.477400 0.547624 0.478214 0.545793 0.477981 0.544398 0.477400 0.542654 0.475307 0.538295 0.475075 0.532366 0.473912 0.528616 0.472750 0.524169 0.471471 0.522426 0.471238 0.522949 0.467751 0.523123 0.465193 0.523036 0.462170 0.523908 0.458101 0.525390 0.455195 0.526524 0.454149 0.527744 0.452753 0.527919 0.451358 0.527221 0.451358 0.526960 0.450777 0.527396 0.449498 0.528268 0.449033 0.529314 0.449033 0.531668 0.445662 0.536376 0.445662 0.543875 0.447406 0.548322 0.449033 0.550153 0.452870
0 0.512922 0.441128 0.513793 0.433338 0.513096 0.430548 0.513009 0.428572 0.511701 0.427526 0.510044 0.423457 0.505859 0.422294 0.500017 0.421131 0.498535 0.421131 0.496791 0.422061 0.495744 0.423689 0.494785 0.425665 0.494088 0.426944 0.493303 0.427293 0.492606 0.429037 0.491908 0.431827 0.491734 0.434617 0.491559 0.436361 0.491559 0.437640 0.491559 0.439035 0.492606 0.440081 0.493303 0.440198 0.494960 0.439035 0.499930 0.439733 0.503417 0.440895 0.503592 0.442058 0.506033 0.442988 0.508126 0.443220 0.509259 0.442523 0.509870 0.441360 0.511439 0.440663 0.512311 0.441360
0 0.479701 0.437989 0.481009 0.428107 0.481009 0.425782 0.479875 0.421596 0.477870 0.416481 0.473510 0.415551 0.468802 0.414388 0.465401 0.414621 0.463570 0.416132 0.462262 0.418225 0.460780 0.420783 0.458513 0.423573 0.457380 0.427061 0.457031 0.430432 0.456856 0.432990 0.457031 0.434617 0.460431 0.435082 0.464617 0.437291 0.466099 0.438105 0.471592 0.439151 0.475777 0.440081 0.476824 0.439268
0 0.448578 0.417924 0.449346 0.413739 0.449904 0.408809 0.449485 0.406112 0.446974 0.401834 0.445718 0.400811 0.443068 0.399881 0.437487 0.398858 0.435255 0.398858 0.434279 0.399788 0.432953 0.401555 0.431767 0.402764 0.430512 0.404066 0.428489 0.406112 0.428070 0.407972 0.427303 0.412157 0.427303 0.413739 0.427582 0.415785 0.429256 0.416994 0.430093 0.416901 0.431209 0.414576 0.438045 0.416994 0.438743 0.418575 0.442719 0.419412 0.443486 0.418389 0.443765 0.417273 0.445858 0.416808 0.446276 0.417552 0.447253 0.417924 0.448788 0.418017
0 0.447462 0.400811 0.450462 0.400346 0.451020 0.400346 0.451787 0.398114 0.451578 0.395509 0.450043 0.394300 0.447950 0.391789 0.445021 0.391231 0.443556 0.391138 0.442021 0.392719 0.440696 0.393928 0.440417 0.395416 0.440277 0.397556 0.440347 0.398486 0.441254 0.399137 0.442579 0.399230 0.444114 0.399602 0.445858 0.400253
0 0.454717 0.390580 0.454019 0.388534 0.453252 0.387976 0.450531 0.387511 0.449415 0.387232 0.447950 0.388162 0.446276 0.390301 0.446276 0.390952 0.447950 0.391138 0.448578 0.391789 0.449346 0.392905 0.449834 0.393928 0.450252 0.394300 0.451299 0.393649 0.452066 0.392440 0.453252 0.391138 0.454368 0.390208
0 0.451717 0.396811 0.451578 0.393835 0.452275 0.392533 0.453880 0.391045 0.456321 0.390673 0.458344 0.391045 0.459251 0.392347 0.460227 0.393835 0.460925 0.395416 0.460367 0.397276 0.460437 0.398486 0.457856 0.398858 0.455065 0.397742 0.453252 0.396997
0 0.457507 0.390487 0.458553 0.388627 0.459809 0.387232 0.462041 0.387697 0.463715 0.388348 0.464622 0.390673 0.464622 0.393091 0.464482 0.394207 0.463575 0.395230 0.460855 0.394765 0.459878 0.393184 0.458762 0.391324
0 0.471179 0.399602 0.470551 0.398207 0.469295 0.396625 0.466924 0.396067 0.464482 0.395881 0.462948 0.396997 0.461832 0.399416 0.461413 0.401555 0.461413 0.403322 0.461901 0.403973 0.463575 0.404252 0.465180 0.404345 0.466924 0.403322 0.467761 0.402206 0.468598 0.401369 0.469993 0.400718 0.471109 0.400439
0 0.465529 0.404252 0.464831 0.406670 0.464692 0.408716 0.464761 0.410390 0.465180 0.411506 0.466366 0.411878 0.472783 0.412622 0.475503 0.413088 0.476689 0.412901 0.477666 0.412157 0.477805 0.410762 0.478363 0.405368 0.476689 0.401648 0.473341 0.399974 0.470063 0.399788 0.468389 0.401462 0.466156 0.403508
0 0.761498 0.477850 0.765645 0.478956 0.767455 0.477649 0.768209 0.474934 0.768134 0.472119 0.766475 0.469304 0.765494 0.467594 0.762930 0.465986 0.759914 0.464980 0.756219 0.464880 0.758406 0.466287 0.759462 0.467695 0.760140 0.469706 0.761875 0.470611 0.761498 0.477649
0 0.756068 0.464880 0.751845 0.464075 0.747848 0.465081 0.745511 0.467695 0.746114 0.469304 0.747170 0.471817 0.747848 0.474934 0.748452 0.477951 0.750563 0.478453 0.752071 0.478353 0.752826 0.477850 0.759763 0.480464 0.761196 0.477951 0.762026 0.470711 0.759989 0.469706 0.758783 0.466790 0.757501 0.465382
0 0.732314 0.466488 0.730429 0.468298 0.728845 0.469203 0.726884 0.469706 0.726130 0.471918 0.725527 0.474130 0.724697 0.476040 0.724547 0.478353 0.724697 0.479660 0.725301 0.480163 0.726432 0.479258 0.729901 0.478152 0.731711 0.476945 0.733973 0.475638 0.735783 0.475437 0.738422 0.475336 0.742419 0.475538 0.748075 0.477549 0.747245 0.472018 0.746114 0.469706 0.741062 0.467695 0.736612 0.466891 0.733671 0.466187
0 0.731560 0.466689 0.730052 0.462064 0.722209 0.459551 0.716930 0.458847 0.714366 0.460657 0.712179 0.463975 0.711802 0.464880 0.711878 0.468499 0.711727 0.470812 0.711802 0.472722 0.712858 0.473527 0.714442 0.473527 0.714970 0.472923 0.718966 0.474130 0.718891 0.475336 0.719871 0.477448 0.721606 0.477750 0.722737 0.476543 0.724697 0.476644 0.726960 0.470108 0.729901 0.468399
0 0.748753 0.464779 0.749055 0.460858 0.746944 0.459752 0.743022 0.457640 0.738498 0.457339 0.736235 0.458445 0.734350 0.459651 0.733520 0.460154 0.733068 0.461159 0.732993 0.462869 0.732766 0.464779 0.733671 0.465684 0.736084 0.465986 0.738799 0.466488 0.741212 0.467293 0.742570 0.467795 0.745284 0.467494 0.747396 0.465785
0 0.741966 0.456836 0.740307 0.454724 0.735255 0.453618 0.732917 0.453920 0.731560 0.455026 0.730127 0.456132 0.730353 0.457640 0.729448 0.461159 0.732691 0.462064 0.733520 0.460456 0.734878 0.459551 0.736763 0.457741 0.738799 0.457238
0 0.729298 0.460053 0.730504 0.457137 0.728996 0.455026 0.727337 0.452010 0.722963 0.451406 0.722812 0.456836 0.727261 0.458445 0.729071 0.460657
0 0.728845 0.461461 0.727035 0.458445 0.722963 0.456836 0.718137 0.456333 0.715799 0.457640 0.713763 0.459148 0.711802 0.461059 0.712330 0.462768 0.712858 0.462668 0.714215 0.460556 0.717156 0.459249 0.720701 0.459249 0.723566 0.460053
0 0.722888 0.456534 0.722511 0.450803 0.719871 0.449798 0.715120 0.448692 0.711878 0.447887 0.709389 0.448792 0.706599 0.450904 0.705015 0.451909 0.705166 0.453417 0.706825 0.454222 0.708484 0.454825 0.709540 0.455730 0.710445 0.457640 0.710897 0.459651 0.711350 0.460858 0.713763 0.458847 0.715874 0.456836 0.717534 0.456434
0 0.696569 0.458847 0.697173 0.456132 0.700491 0.454121 0.703507 0.453618 0.707127 0.454523 0.709389 0.455830 0.710671 0.459048 0.711727 0.463170 0.711501 0.467494 0.711124 0.469404 0.710747 0.470007 0.710219 0.467293 0.709163 0.464377 0.708333 0.462567 0.705317 0.461360 0.701094 0.460858 0.698681 0.459852 0.696720 0.459249
0 0.702225 0.453920 0.702225 0.449295 0.698379 0.447887 0.692346 0.446982 0.689933 0.449094 0.687596 0.451607 0.687520 0.452814 0.689933 0.453819 0.692196 0.454523 0.692950 0.455931 0.693101 0.457439 0.694760 0.457037 0.696268 0.457439 0.697173 0.455730 0.698983 0.454523 0.700642 0.454121
0 0.707429 0.487704 0.709842 0.482475 0.710445 0.478956 0.711124 0.472320 0.710596 0.468097 0.708861 0.463271 0.707730 0.462265 0.702904 0.461260 0.698455 0.460053 0.695740 0.459551 0.692799 0.459651 0.689255 0.461964 0.687219 0.464880 0.686842 0.465885 0.689028 0.466589 0.692045 0.467494 0.693855 0.468298 0.694910 0.470309 0.695815 0.472923 0.696569 0.475538 0.697097 0.477146 0.697399 0.480867 0.697173 0.483079 0.696796 0.485492 0.696796 0.486497 0.698379 0.486899 0.700189 0.484587 0.701999 0.483883 0.704563 0.484788 0.704110 0.486196 0.704412 0.488005 0.706071 0.488307 0.707127 0.488206
0 0.693101 0.459249 0.692422 0.455730 0.691743 0.454825 0.688727 0.453518 0.684504 0.452512 0.682091 0.452211 0.680884 0.452613 0.680281 0.453618 0.678999 0.455529 0.681337 0.456434 0.683373 0.458344 0.683750 0.461662 0.685183 0.463572 0.686389 0.465684 0.687822 0.463472 0.689028 0.461964 0.690838 0.460757
0 0.686012 0.464980 0.683523 0.461662 0.683146 0.457841 0.679225 0.455328 0.675530 0.454322 0.672137 0.454322 0.669120 0.454825 0.667461 0.456031 0.666707 0.457640 0.666104 0.461059 0.665727 0.464679 0.666179 0.466790 0.667687 0.467393 0.670251 0.467795 0.672589 0.466790 0.676209 0.464779 0.678169 0.464276 0.682317 0.464880
0 0.694006 0.491424 0.695740 0.487603 0.696569 0.485994 0.697173 0.481068 0.696871 0.477046 0.695438 0.471616 0.694232 0.469002 0.690461 0.466790 0.685710 0.465684 0.680055 0.464679 0.677868 0.464477 0.675605 0.464880 0.673192 0.466287 0.671760 0.467293 0.670100 0.468700 0.668517 0.470510 0.667386 0.472622 0.666707 0.473929 0.666104 0.476141 0.665802 0.479358 0.666104 0.481671 0.667914 0.482375 0.669723 0.482475 0.672137 0.483380 0.673419 0.484888 0.674173 0.485793 0.675756 0.486598 0.677038 0.486497 0.677717 0.485894 0.680432 0.485994 0.683750 0.486799 0.686917 0.487100 0.689028 0.487503 0.689632 0.488508 0.690537 0.489916 0.691668 0.490821
0 0.561452 0.471695 0.558295 0.472772 0.558441 0.474045 0.559910 0.475416 0.559910 0.478157 0.559616 0.481094 0.559249 0.483835 0.558588 0.486087 0.558441 0.493234 0.557854 0.495387 0.557927 0.497737 0.559176 0.499304 0.560791 0.500087 0.563141 0.498520 0.569015 0.500870 0.571658 0.502436 0.574815 0.503024 0.579661 0.504199 0.582672 0.504688 0.585389 0.505178 0.586784 0.505178 0.588693 0.502828 0.588987 0.500772 0.590455 0.493527 0.590749 0.487066 0.590014 0.482856 0.591042 0.481975 0.592438 0.482073 0.593539 0.481681 0.593686 0.480409 0.593172 0.479332 0.591556 0.478646 0.590455 0.478451 0.589574 0.479136 0.589280 0.479821 0.588619 0.476982 0.587885 0.473164 0.586784 0.468661 0.585168 0.464451 0.584287 0.463668 0.581277 0.463570 0.576945 0.462101 0.569749 0.460926 0.568134 0.460926 0.566885 0.461807 0.565564 0.463863 0.563655 0.467388 0.562406 0.471108
0 0.557707 0.461905 0.558662 0.455150 0.559690 0.449472 0.561158 0.446437 0.563288 0.443206 0.565417 0.441150 0.569529 0.441934 0.572906 0.442129 0.576651 0.443989 0.577165 0.446535 0.578120 0.449570 0.578560 0.452996 0.579221 0.456227 0.579001 0.459360 0.578780 0.461416 0.577973 0.462297 0.575476 0.462297 0.572980 0.461612 0.569896 0.461122 0.567840 0.461220 0.566665 0.462199 0.565050 0.462591 0.563434 0.462199 0.559102 0.462003 0.557927 0.461807
0 0.566518 0.441248 0.568574 0.437430 0.571291 0.437038 0.575036 0.437626 0.577532 0.438311 0.579882 0.439486 0.580763 0.441346 0.581424 0.444577 0.583406 0.444773 0.581938 0.446633 0.581938 0.447416 0.581497 0.449472 0.581644 0.451724 0.581497 0.457010 0.580836 0.460143 0.580029 0.460241 0.579515 0.460241 0.579147 0.458185 0.578854 0.454954 0.578707 0.452017 0.577679 0.447318 0.576578 0.444087 0.573934 0.442521 0.569382 0.441640
0 0.580102 0.438997 0.578707 0.432633 0.575403 0.431850 0.571071 0.430577 0.568721 0.430773 0.566665 0.432339 0.565417 0.433906 0.564756 0.435766 0.564315 0.438213 0.564022 0.440759 0.563728 0.442227 0.565564 0.441346 0.566004 0.441052 0.566812 0.439584 0.568427 0.437038 0.571878 0.436255 0.575036 0.437528 0.577312 0.438017
0 0.585536 0.448199 0.585682 0.441346 0.587298 0.439976 0.586123 0.439192 0.586417 0.438507 0.587665 0.437822 0.588399 0.438213 0.589868 0.436549 0.591336 0.435178 0.595081 0.435766 0.598826 0.436157 0.600735 0.437430 0.601909 0.440955 0.602937 0.443989 0.603011 0.446339 0.603084 0.450353 0.602644 0.452507 0.601909 0.454661 0.600074 0.455248 0.597871 0.453682 0.591924 0.452605 0.588913 0.451919 0.586417 0.449766
0 0.622980 0.471434 0.623656 0.469179 0.623403 0.467601 0.621627 0.466925 0.620274 0.462753 0.618583 0.458920 0.616554 0.457568 0.609283 0.456102 0.602096 0.455087 0.601166 0.455087 0.599813 0.456891 0.597784 0.460499 0.595585 0.462528 0.594824 0.465346 0.594402 0.469179 0.594148 0.470983 0.593979 0.476620 0.593302 0.479213 0.593641 0.481806 0.593556 0.482707 0.594317 0.487442 0.595754 0.489922 0.598460 0.490148 0.600066 0.489697 0.605309 0.490373 0.607507 0.490599 0.608606 0.475492 0.620105 0.472449 0.622557 0.471434
0 0.617146 0.457455 0.621627 0.452607 0.623149 0.452495 0.627207 0.452720 0.630758 0.453509 0.633971 0.454637 0.635155 0.455538 0.636423 0.459371 0.638199 0.463768 0.638283 0.466474 0.637945 0.470532 0.636254 0.471659 0.632703 0.470645 0.629406 0.470870 0.624924 0.471547 0.623064 0.471885 0.623149 0.467826 0.622303 0.467150 0.621627 0.466699 0.619513 0.461626 0.618499 0.458695
0 0.616723 0.457342 0.613341 0.456553 0.613003 0.454524 0.614778 0.453171 0.614694 0.451818 0.616723 0.451029 0.618076 0.449113 0.619429 0.448323 0.622472 0.448549 0.624840 0.448662 0.627292 0.449225 0.629237 0.450014 0.631181 0.451142 0.631942 0.452156 0.632872 0.454186 0.627630 0.452833 0.623825 0.452156 0.621204 0.452945 0.619767 0.454862
0 0.621796 0.447985 0.623233 0.444039 0.625601 0.440206 0.627884 0.440319 0.631012 0.440319 0.635071 0.441221 0.636085 0.444603 0.636931 0.447534 0.637438 0.450353 0.637692 0.452495 0.637523 0.454749 0.636931 0.457117 0.636423 0.458131 0.635155 0.455313 0.632703 0.453847 0.631435 0.450804 0.627884 0.448887 0.624586 0.448549
0 0.649751 0.448527 0.647642 0.451159 0.646553 0.453699 0.645872 0.458962 0.645668 0.460777 0.646281 0.461956 0.647914 0.463317 0.648458 0.464316 0.649615 0.465223 0.652337 0.465495 0.660572 0.467764 0.662954 0.468308 0.663430 0.466403 0.664791 0.461503 0.664655 0.458690 0.663294 0.454062 0.661184 0.450796 0.657305 0.448437 0.651180 0.447892
0 0.645260 0.459597 0.643150 0.459144 0.640360 0.456603 0.640428 0.453336 0.641653 0.449525 0.643218 0.446622 0.644375 0.442539 0.648390 0.443083 0.654039 0.444172 0.655672 0.446350 0.656216 0.447801 0.651793 0.447529 0.650023 0.447983 0.649139 0.449344 0.647574 0.451431 0.646825 0.452701
0 0.642946 0.446622 0.642129 0.442085 0.640972 0.439544 0.637978 0.438455 0.634167 0.437639 0.632398 0.437639 0.631309 0.439907 0.634303 0.440996 0.635324 0.441540 0.636005 0.444535 0.636685 0.447166 0.637093 0.449979 0.637229 0.451431 0.638591 0.452248 0.640156 0.452429 0.640904 0.450977 0.641721 0.449344
0 0.662477 0.452338 0.662545 0.451159 0.661593 0.445261 0.660300 0.440996 0.658122 0.439726 0.654651 0.438728 0.651385 0.438546 0.648526 0.442720 0.651929 0.443537 0.653630 0.443809 0.655468 0.445442 0.656420 0.448164 0.657850 0.448618 0.659687 0.449707
0 0.671188 0.448074 0.671324 0.443900 0.673162 0.441178 0.676768 0.441178 0.679490 0.442266 0.681056 0.444626 0.681464 0.447892 0.681668 0.449979 0.680783 0.450977 0.676020 0.450070 0.671664 0.448890
0 0.666969 0.446077 0.667649 0.441540 0.666356 0.437276 0.660027 0.435915 0.658598 0.439998 0.659891 0.440633 0.661252 0.443265 0.661593 0.445170
0 0.617120 0.427883 0.615208 0.429950 0.614846 0.431948 0.614433 0.433808 0.614485 0.435255 0.614898 0.436288 0.615725 0.437666 0.621047 0.438837 0.622855 0.439182 0.623475 0.436633 0.623475 0.433670 0.622907 0.429744 0.621202 0.428090 0.617223 0.427815
0 0.623062 0.429330 0.624044 0.427539 0.627815 0.427263 0.629572 0.427126 0.631691 0.427539 0.632724 0.429055 0.633241 0.431121 0.633912 0.433326 0.633964 0.435737 0.633034 0.437735 0.632156 0.438217 0.631174 0.438286 0.629366 0.438011 0.626679 0.437735 0.624354 0.437391 0.623682 0.437046 0.623578 0.434359 0.623062 0.431328
0 0.505821 0.408499 0.506183 0.405674 0.507165 0.403401 0.507733 0.402436 0.508301 0.402229 0.508818 0.402092 0.512332 0.402918 0.513158 0.404296 0.513468 0.405674 0.513882 0.406570 0.513882 0.407328 0.513468 0.408981 0.513055 0.409670 0.511298 0.409877 0.510058 0.409670 0.508146 0.409257 0.506183 0.409050
0 0.499621 0.412012 0.502049 0.411806 0.502979 0.409119 0.503031 0.405950 0.502308 0.402712 0.501326 0.401609 0.497192 0.400989 0.495901 0.401334 0.493782 0.404090 0.492490 0.405743 0.492284 0.408430 0.492284 0.410083 0.492800 0.411530 0.494764 0.411392
0 0.608500 0.431103 0.608875 0.425380 0.608392 0.423735 0.605226 0.421445 0.602651 0.421374 0.601524 0.422876 0.600344 0.424808 0.599807 0.426382 0.599861 0.428313 0.600344 0.429315 0.601739 0.429744 0.603241 0.429959 0.604529 0.430102
0 0.599163 0.431604 0.600075 0.427169 0.598680 0.423448 0.595836 0.422375 0.592778 0.422232 0.592510 0.430245
0 0.588056 0.430531 0.588861 0.422876 0.588002 0.421374 0.583924 0.420515 0.582261 0.421087 0.580920 0.425809 0.580383 0.428814 0.581510 0.430030 0.583924 0.429887
0 0.577486 0.427026 0.578183 0.421946 0.577700 0.420157 0.575339 0.419370 0.572978 0.418583 0.571905 0.418941 0.571369 0.420730 0.570510 0.422089 0.570188 0.423735 0.570027 0.425165
0 0.569008 0.421445 0.569330 0.417081 0.568471 0.414076 0.564179 0.413361 0.562891 0.415292 0.562193 0.417367 0.561925 0.419943
1 0.449186 0.878906 0.417244 1.000520 0.676249 1.000006 0.668167 0.946640
1 0.065499 0.734047 -0.000376 0.718441 0.000168 0.775424
1 0.071216 0.736588 0.224199 0.791394 0.224199 0.792845 0.210316 0.792845 0.204056 0.795386 0.195345 0.793934 0.185001 0.795386 0.178740 0.799378 0.176834 0.802645 0.176290 0.807000 0.177923 0.812082 0.180101 0.812808 0.153696 0.840392 0.092721 0.907538 0.007790 1.000090 -0.000376 0.999727 0.000168 0.783046
1 0.893153 0.640506 0.892970 0.642702 0.894983 0.647337 0.898276 0.651484 0.911449 0.654411
1 0.899923 0.653192 0.906875 0.661242 0.912913 0.667829 0.919866 0.677587 0.921146 0.695639 0.921329 0.700518 0.918402 0.709544 0.952982 0.739062 1.000003 0.734915 1.000003 0.719302 0.914560 0.656363
1 0.920232 0.658071 0.997625 0.676611 1.000003 0.678074 1.000003 0.717350
1 0.682074 0.600055 0.608523 0.582002 0.621330 0.654700 0.726900 0.682754
1 0.685916 0.601275 0.731657 0.612496 0.735499 0.616155 0.741537 0.620059 0.749587 0.624694 0.754710 0.627377 0.761846 0.631036 0.769896 0.632012 0.835762 0.709100 0.730925 0.683242
1 0.660118 0.556388 0.717386 0.570049 0.743549 0.601762 0.738975 0.600787 0.733303 0.602006 0.731657 0.605422 0.730376 0.610545 0.685184 0.599811
1 0.590196 0.538687 0.597499 0.540524 0.600806 0.561100 0.598050 0.561100 0.595570 0.564591
1 0.431105 0.500193 0.483539 0.513389 0.467324 0.531920 0.458901 0.529955 0.448793 0.529674 0.441423 0.530516 0.442055 0.524339 0.441212 0.517882 0.439528 0.508335 0.432157 0.505808 0.430052 0.501316
1 0.486066 0.513670 0.470694 0.532763 0.477432 0.535009 0.484802 0.538659 0.488803 0.541186 0.490699 0.545117 0.491541 0.549047 0.530288 0.559998 0.539764 0.527147
1 0.453557 0.551540 0.458680 0.553248 0.465998 0.553980 0.472585 0.554712 0.478257 0.554712 0.486856 0.553736 0.490515 0.551296 0.529669 0.561298 0.511922 0.625457 0.415134 0.598379
1 0.324120 0.508766 0.354858 0.516573 0.353028 0.520720 0.351199 0.524623 0.349186 0.532185 0.348271 0.538528 0.347539 0.546091 0.346991 0.551945 0.317534 0.571217 0.232639 0.547554
1 0.260449 0.492178 0.320644 0.508034 0.229163 0.546335 0.152684 0.524135
1 0.225320 0.482176 0.256790 0.491202 0.149391 0.522671 0.079499 0.501204 0.184154 0.480224 0.188911 0.480956 0.196046 0.482908 0.203365 0.483639 0.212513 0.484371 0.217270 0.483151
1 0.229346 0.471686 0.231907 0.473393 0.232456 0.475833 0.232273 0.479248 0.228797 0.481688 0.259534 0.490470 0.284966 0.483883 0.280941 0.482664 0.279660 0.480956 0.279843 0.473393 0.280026 0.469002 0.282771 0.463392 0.277282 0.462172
1 0.226418 0.470710 0.220015 0.468027 0.204829 0.465099 0.191655 0.465099 0.180312 0.466319 0.176286 0.468027 0.150672 0.461440 0.230809 0.450950 0.275818 0.461196
1 0.124325 0.444607 0.123593 0.448023 0.119934 0.450462 0.117921 0.452414 0.146464 0.460220 0.228431 0.449486 0.186166 0.439240
1 0.174948 0.469175 0.174216 0.473566 0.175497 0.476249 0.180620 0.479177 0.076331 0.499668 0.005708 0.480396 0.146406 0.461612
1 0.009916 0.415750 0.000219 0.414774 0.000219 0.421604 0.003695 0.421604 0.008635 0.416238
1 0.000219 0.408919 0.001134 0.413310 0.012111 0.414774 0.015405 0.413798 0.024370 0.408675
1 0.000036 0.397941 0.000402 0.407455 0.029493 0.406967 0.039007 0.403552 0.024187 0.397941
1 0.930925 0.560773 0.929244 0.560161 0.926033 0.565461 0.947590 0.576877 0.961197 0.578508 0.959974 0.573615
1 0.949731 0.578915 0.944074 0.575246 0.926033 0.571577 0.925269 0.572596 0.922211 0.572800 0.918083 0.572800 0.965172 0.597058 0.967465 0.597262 0.974192 0.598689 0.989175 0.602969 0.999877 0.606231 0.999877 0.602358
1 0.914261 0.571984 0.907381 0.570761 0.897138 0.567907 0.891787 0.564646 0.889340 0.562607 0.870077 0.558530 0.905699 0.579935 0.911968 0.581565 0.917930 0.581973 0.929702 0.585642 0.936124 0.587885 0.943615 0.590535 0.951871 0.594000 0.959362 0.598077 0.963185 0.597262
1 0.835371 0.552823 0.839346 0.553434 0.841487 0.553842 0.843016 0.553230 0.844239 0.552007 0.863808 0.556288 0.903712 0.579935 0.898972 0.579527 0.869465 0.574634
1 0.816108 0.546911 0.815038 0.551396 0.820389 0.555269 0.823293 0.558123 0.825128 0.567092 0.824975 0.572596 0.868242 0.574838 0.832925 0.552211 0.829256 0.551396 0.823446 0.549969 0.818401 0.548746
1 0.689469 0.502772 0.684554 0.501543 0.689673 0.505639 0.693564 0.509052 0.696841 0.512055 0.701346 0.516424 0.705544 0.517653
1 0.707387 0.518881 0.700527 0.519428 0.697660 0.521339 0.694486 0.537722 0.729709 0.541817
1 0.710152 0.519974 0.745784 0.527892 0.756740 0.537312 0.753361 0.539496 0.751723 0.541408 0.749982 0.543182 0.731961 0.541408
1 0.738207 0.520383 0.739231 0.518335 0.740050 0.517243 0.758276 0.519154 0.761143 0.521202 0.759914 0.523933 0.760119 0.528301 0.760529 0.530486 0.747218 0.527892
1 0.627099 0.494918 0.629481 0.500603 0.652430 0.505451 0.653433 0.503947 0.655063 0.503445 0.657446 0.503278 0.662211 0.503111 0.655815 0.495085
1 0.631111 0.501940 0.639388 0.519664 0.645533 0.520834 0.647539 0.512139 0.663340 0.514982 0.664092 0.511303 0.656944 0.509799 0.652680 0.507291
1 0.628102 0.501104 0.591485 0.491908 0.594369 0.508127 0.637632 0.518995
1 0.471693 0.450844 0.490389 0.456440 0.479038 0.464835 0.470357 0.462800
1 0.492011 0.457331 0.481709 0.465343 0.502885 0.470685 0.503553 0.468905 0.505842 0.468396 0.514905 0.468905 0.517289 0.469795 0.522536 0.463690
1 0.551153 0.482895 0.547624 0.497904 0.505556 0.488873 0.514428 0.477681 0.518911 0.478062 0.523585 0.479461 0.528545 0.479589 0.531693 0.478317
1 0.480373 0.466743 0.464061 0.478571 0.503935 0.488237 0.512138 0.477045 0.507273 0.475773 0.503744 0.473229 0.502313 0.470685
1 0.556038 0.472259 0.557993 0.472693 0.557993 0.473997 0.559704 0.475518 0.559786 0.477907 0.559378 0.480514 0.558808 0.483773 0.553594 0.482361
1 0.408505 0.448915 0.398729 0.453298 0.401411 0.454337 0.402968 0.455144 0.404352 0.457451 0.405996 0.460335 0.409543 0.465180 0.421310 0.468064 0.426155 0.464603 0.426241 0.462988 0.427366 0.453298
1 0.429183 0.442224 0.432211 0.442686 0.432211 0.443955 0.433768 0.445224 0.429875 0.448684 0.428404 0.451107 0.427799 0.452260 0.410409 0.448684
1 0.399161 0.434957 0.384973 0.438533 0.388174 0.439917 0.389645 0.441301 0.389991 0.443262 0.405304 0.447185 0.408159 0.448107 0.428145 0.441763
1 0.389645 0.444647 0.386184 0.445454 0.380993 0.445224 0.375542 0.444185 0.368015 0.442224 0.347770 0.447531 0.351058 0.449492 0.354346 0.454106 0.359710 0.449492 0.364208 0.447646 0.370957 0.446608 0.378224 0.449146 0.384713 0.450645 0.389904 0.451914 0.396220 0.452837 0.406342 0.448338
1 0.369140 0.428266 0.364122 0.428612 0.363689 0.435303 0.367064 0.435188 0.370524 0.435303 0.373639 0.436226 0.378138 0.436687 0.382896 0.437725 0.397518 0.434380
1 0.307239 0.424658 0.314548 0.427029 0.314351 0.436642 0.301412 0.439144 0.265165 0.431111
1 0.229806 0.422683 0.275338 0.417547 0.303190 0.424132 0.263683 0.430321
1 0.236621 0.411358 0.240967 0.412938 0.245905 0.413860 0.249460 0.414386 0.255387 0.414518 0.258053 0.413991 0.271091 0.417020 0.228621 0.421761 0.195830 0.414518
1 0.233756 0.410831 0.231781 0.409646 0.231386 0.408065 0.214299 0.403851 0.162545 0.406222 0.193854 0.413991
1 0.282548 0.408329 0.260918 0.410172 0.261214 0.411358 0.260918 0.412543 0.259831 0.413070 0.273856 0.416362 0.309017 0.413991
1 0.310795 0.414782 0.317314 0.416625 0.315635 0.419786 0.314746 0.423473 0.306746 0.423736 0.278893 0.417415
1 0.255880 0.402139 0.220818 0.404115 0.230892 0.406748 0.233460 0.405563 0.240078 0.405300 0.248473 0.406222 0.254893 0.406880 0.259535 0.408987 0.280869 0.407539
1 0.229707 0.396213 0.205114 0.397267 0.204521 0.399506 0.214991 0.402929 0.253411 0.401217
1 0.055078 0.364456 0.072164 0.368681 0.007680 0.365191 0.000101 0.360414
1 0.010160 0.366109 0.040886 0.372907 0.095450 0.374560 0.076711 0.369416
1 0.097930 0.375663 0.117771 0.380623 0.118322 0.382093 0.070235 0.381174 0.043780 0.374560
1 0.066928 0.365007 0.078777 0.368865 0.129758 0.371988 0.111433 0.368130
1 0.085253 0.370702 0.100961 0.375111 0.150426 0.377683 0.129758 0.372539
1 0.154698 0.378418 0.114326 0.377683 0.118460 0.379521 0.124247 0.378235 0.135408 0.379153 0.149186 0.383011 0.177295 0.383746
1 0.102339 0.383930 0.119838 0.383195 0.125900 0.385767 0.135408 0.386685 0.141746 0.387420 0.144777 0.386502 0.152080 0.389074 0.136510 0.389257 0.129483 0.387971 0.118047 0.385583
1 0.158418 0.389992 0.173023 0.394218 0.173023 0.395320 0.174677 0.396606 0.148497 0.397157 0.144364 0.394034 0.139128 0.392013 0.138163 0.391095
1 0.149324 0.383930 0.148773 0.385767 0.156489 0.388890 0.202648 0.389257 0.177984 0.384113
1 0.227017 0.395277 0.203890 0.390522 0.165000 0.390368 0.173629 0.393436 0.176736 0.392209 0.183525 0.392209 0.188587 0.392363 0.195491 0.393743 0.200553 0.395124 0.204465 0.396812
1 0.175701 0.398039 0.179382 0.399573 0.183640 0.399726 0.189623 0.400800 0.196411 0.400800 0.201704 0.400800 0.204465 0.400493 0.211599 0.402641 0.159592 0.405556 0.156371 0.404482 0.152113 0.400033 0.149927 0.398653