0 0.224427 0.574253 0.209803 0.576819 0.190175 0.583489 0.172087 0.590673 0.156693 0.600423 0.152460 0.607094 0.143608 0.613764 0.129369 0.625053 0.121672 0.629672 0.115129 0.639421 0.114744 0.644553 0.111281 0.650197 0.111666 0.670209 0.108972 0.678420 0.110511 0.697919 0.110126 0.704076 0.113590 0.716905 0.121672 0.735378 0.130523 0.753337 0.131678 0.765653 0.135911 0.780534 0.142069 0.793362 0.148996 0.802085 0.154769 0.806190 0.161696 0.808243 0.168239 0.806704 0.175166 0.801059 0.361435 0.955513 0.366438 0.969881 0.373750 0.986301 0.378368 0.997590 0.381062 1.000669 0.489206 1.000669 0.505754 0.985788 0.520379 0.959618 0.530770 0.936014 0.546933 0.888292 0.548473 0.867254 0.550012 0.837492 0.543085 0.797980 0.538467 0.787718 0.530770 0.776429 0.498442 0.747693 0.461496 0.721523 0.436096 0.703563 0.422626 0.688682 0.424550 0.686117 0.426090 0.677393 0.419162 0.669696 0.413775 0.665078 0.408771 0.664052 0.406077 0.665078 0.405693 0.668157 0.389144 0.649171 0.367592 0.632750 0.344116 0.616843 0.299858 0.594265 0.264452 0.578871 0.247518 0.575792 0.229045 0.573740
0 1.000076 0.818418 0.972752 0.799432 0.944657 0.774288 0.910790 0.745040 0.877308 0.725027 0.835744 0.706554 0.801108 0.697318 0.778401 0.692187 0.756465 0.691673 0.731064 0.692187 0.709513 0.688595 0.692579 0.685516 0.688731 0.692187 0.684112 0.695265 0.680264 0.706554 0.672182 0.714765 0.668334 0.729646 0.664870 0.766078 0.663330 0.786604 0.664100 0.815339 0.669873 0.829194 0.689500 0.851259 0.704894 0.864087 0.707973 0.880508 0.710282 0.889231 0.714131 0.900007 0.724522 0.907191 0.740301 0.913348 0.756080 0.913861 0.768010 0.907704 0.772244 0.901033 0.906172 0.973385 0.952739 1.000582 1.000461 1.000068
0 1.000076 0.775828 0.994303 0.759407 0.981988 0.741448 0.959667 0.720922 0.932342 0.700397 0.906172 0.683976 0.885005 0.671148 0.864993 0.647031 0.846520 0.632663 0.817656 0.617269 0.778016 0.603927 0.752616 0.601875 0.725677 0.602388 0.707973 0.602901 0.689116 0.600335 0.682958 0.604440 0.678725 0.616756 0.674876 0.622913 0.669873 0.640873 0.667949 0.653188 0.670643 0.667556 0.676415 0.676279 0.689500 0.689108 0.693349 0.686029 0.729525 0.692187 0.777247 0.692187 0.835744 0.707068 0.876154 0.724001 0.909636 0.744013 0.949276 0.778394 0.972367 0.798919 1.000461 0.817905
0 1.000144 0.547741 0.992219 0.551623 0.987851 0.555289 0.985102 0.559603 0.983646 0.566504 0.979926 0.567367 0.979279 0.570602 0.979279 0.573837 0.979279 0.577072 0.981543 0.579444 0.984778 0.579660 0.984616 0.583542 0.986881 0.588071 0.990278 0.590227 0.994160 0.591953 0.999983 0.591737
0 0.992380 0.486708 0.994807 0.486708 0.996748 0.484982 0.996424 0.481963 0.988175 0.478081 0.980734 0.471827 0.969089 0.468160 0.960516 0.469454 0.956472 0.469454 0.955663 0.471180 0.954208 0.472474 0.954208 0.475062 0.958251 0.477434 0.959545 0.479591 0.963104 0.478728 0.963427 0.480669 0.966662 0.481316 0.968442 0.480453 0.981058 0.483473 0.981543 0.484767 0.982352 0.485414 0.985102 0.485414 0.986719 0.486492 0.990278 0.488002 0.991895 0.487570
0 0.999983 0.505255 0.986719 0.502020 0.975559 0.500726 0.975720 0.502235 0.969412 0.504823 0.966339 0.508058 0.964398 0.512587 0.966501 0.514528 0.973941 0.517548 0.976044 0.520783 0.975559 0.524449 0.974750 0.526821 0.974912 0.529194 0.973618 0.533723 0.976529 0.535448 0.979279 0.533723 0.980087 0.536095 0.981220 0.538036 0.983646 0.539546 0.986881 0.540408 0.990278 0.541055 0.993351 0.539761 0.995939 0.537820 1.000144 0.539330
0 0.971515 0.503529 0.965692 0.499216 0.959869 0.497491 0.948870 0.487355 0.937224 0.483473 0.929460 0.481532 0.917652 0.482179 0.908109 0.482826 0.906168 0.487139 0.904227 0.491237 0.908432 0.495550 0.912314 0.497059 0.916520 0.496628 0.922990 0.496197 0.931239 0.497275 0.939327 0.498353 0.952590 0.503529 0.960192 0.508921 0.964560 0.512156 0.966501 0.506980 0.968927 0.504823
0 0.881097 0.483473 0.882391 0.480022 0.883361 0.472689 0.878994 0.465788 0.872524 0.462122 0.859584 0.458024 0.851173 0.459102 0.844056 0.461259 0.831601 0.461475 0.828690 0.462122 0.828690 0.467298 0.830631 0.469454 0.833704 0.473768 0.838071 0.475062 0.841630 0.474846 0.867348 0.482179 0.871554 0.484982 0.873980 0.484335 0.875112 0.482610
0 0.921211 0.496628 0.905683 0.500294 0.885788 0.499216 0.884817 0.502451 0.883361 0.506117 0.884170 0.511293 0.888699 0.513234 0.894522 0.517116 0.897434 0.520783 0.903256 0.523586 0.908756 0.524665 0.910859 0.522724 0.948061 0.532860 0.949517 0.536311 0.954046 0.538683 0.958575 0.539546 0.961163 0.537605 0.962133 0.535664 0.971838 0.535232 0.974912 0.529409 0.974588 0.526821 0.975882 0.519920 0.973779 0.517332 0.966339 0.514744 0.962457 0.510431 0.951134 0.502667 0.936900 0.497491
0 0.544882 0.487166 0.527090 0.484578 0.512370 0.485440 0.501533 0.489322 0.499269 0.491479 0.495710 0.497086 0.493607 0.507007 0.492314 0.515418 0.496357 0.519731 0.500724 0.523397 0.503312 0.528573 0.505415 0.531808 0.509782 0.533965 0.516899 0.536553 0.526928 0.536769 0.526766 0.532455 0.594539 0.557041 0.596157 0.563727 0.602788 0.568472 0.613626 0.571491 0.621228 0.568903 0.627374 0.561355 0.642417 0.561786 0.649372 0.556179 0.656004 0.522535 0.645329 0.515633 0.632065 0.505281 0.623654 0.494930 0.606023 0.485225 0.588069 0.478970 0.569953 0.477676 0.562351 0.480049
0 0.529516 0.484793 0.531457 0.481127 0.538412 0.473579 0.546014 0.470775 0.566071 0.470991 0.580629 0.466246 0.606185 0.464736 0.628021 0.471422 0.650019 0.484578 0.657298 0.497518 0.659562 0.505066 0.654225 0.520594 0.638212 0.510457 0.624301 0.495792 0.604244 0.484578 0.584996 0.478539 0.568659 0.478108 0.544720 0.486950
0 0.726489 0.511146 0.712587 0.508275 0.697511 0.507491 0.689287 0.511407 0.684979 0.517151 0.682825 0.525244 0.681651 0.535426 0.681455 0.539864 0.695553 0.550568 0.698098 0.557356 0.701622 0.565188 0.706126 0.568843 0.715720 0.569887 0.723748 0.563621 0.726098 0.561533 0.796586 0.585029 0.796586 0.590773 0.799719 0.597038 0.804614 0.600171 0.813425 0.603304 0.823020 0.602521 0.828698 0.594427 0.836530 0.593905 0.848082 0.591817 0.850432 0.589467 0.846907 0.579547 0.851607 0.554484 0.846124 0.539864 0.846712 0.537253 0.845537 0.532032 0.834964 0.525766 0.812055 0.514018 0.788754 0.506186 0.770740 0.501487 0.762125 0.500965 0.750377 0.503053 0.743328 0.505142
0 0.786405 0.505403 0.777202 0.493133 0.763887 0.486345 0.738237 0.477468 0.713958 0.472769 0.708475 0.479818 0.703776 0.485300 0.701035 0.492610 0.697902 0.499137 0.699664 0.506708 0.714154 0.508014 0.727272 0.511407 0.750769 0.503053 0.765650 0.501487 0.777398 0.503575
0 0.786405 0.504097 0.788754 0.494960 0.784642 0.491305 0.769957 0.482690 0.763887 0.477991 0.750181 0.465459 0.741370 0.461282 0.720419 0.455539 0.712196 0.454494 0.702601 0.457366 0.698881 0.461021 0.691832 0.479035 0.697119 0.485300 0.702406 0.488694 0.705734 0.482429 0.713958 0.472769 0.738629 0.477468 0.764475 0.486867 0.777398 0.493655
0 0.777202 0.485039 0.776419 0.482429 0.772699 0.476946 0.761146 0.471725 0.748419 0.458671 0.745678 0.455539 0.723161 0.448751 0.716112 0.447184 0.706517 0.456061 0.712783 0.454233 0.724727 0.455539 0.748615 0.464154 0.768587 0.481384
0 0.761929 0.471986 0.763300 0.470420 0.763496 0.466242 0.759776 0.458932 0.749594 0.452928 0.741174 0.444574 0.728447 0.437786 0.713566 0.435958 0.704168 0.441702 0.699860 0.449795 0.699860 0.456322 0.701035 0.458149 0.705734 0.456061 0.715524 0.447184 0.747048 0.455016 0.759580 0.470681
0 -0.000304 0.318037 0.007332 0.318298 0.022409 0.318037 0.037486 0.320387 0.043360 0.321953 0.055695 0.327174 0.069206 0.335790 0.075080 0.337878 0.088003 0.340228 0.096030 0.343361 0.098184 0.345971 0.098184 0.353020 0.097988 0.356936 0.098184 0.359025 0.097401 0.361113 0.093093 0.362419 0.091919 0.365291 0.089961 0.367379 0.085653 0.367640 0.080171 0.367379 0.074296 0.364507 0.073905 0.362941 0.032199 0.361113 0.030633 0.363724 0.027304 0.363724 0.022605 0.364246 0.017514 0.366335 0.012031 0.364246 0.006157 0.359286 -0.000108 0.357981
0 0.186099 0.367379 0.187078 0.364246 0.189232 0.362680 0.190603 0.357981 0.189232 0.346494 0.187078 0.341272 0.186491 0.338139 0.172589 0.332657 0.172002 0.331352 0.171023 0.331352 0.162212 0.330046 0.146156 0.329524 0.140086 0.330829 0.128925 0.335268 0.121876 0.338139 0.114044 0.340750 0.109737 0.343622 0.107974 0.349365 0.107779 0.355631 0.109149 0.359547 0.114632 0.361113 0.122464 0.364246 0.134995 0.367901 0.143610 0.361636 0.157708 0.361113 0.170239 0.361636 0.178855 0.364246
0 0.095247 0.378866 0.088590 0.372601 0.073905 0.366596 0.064702 0.364246 0.058828 0.364246 0.042185 0.364246 0.031416 0.363724 0.024954 0.363724 0.020842 0.364768 0.015164 0.367901 0.005374 0.374689 0.001262 0.374689 0.000283 0.376778 0.002829 0.377822 0.022801 0.381477 0.037486 0.385132 0.051779 0.392442 0.061569 0.401057 0.071555 0.414372 0.073905 0.407323 0.072926 0.400796 0.074884 0.394791 0.078604 0.391920 0.085066 0.382521 0.090352 0.379910
0 0.096226 0.378605 0.088003 0.381477 0.083499 0.385132 0.075667 0.394530 0.074101 0.397924 0.073513 0.402885 0.073905 0.407323 0.072338 0.413327 0.074688 0.418027 0.078604 0.424292 0.083499 0.431602 0.087415 0.434474 0.097009 0.441262 0.102688 0.453010 0.133820 0.467891 0.135582 0.478073 0.138715 0.482250 0.141457 0.486427 0.149289 0.487471 0.153400 0.484338 0.156142 0.481466 0.179834 0.480422 0.204113 0.477811 0.211358 0.473895 0.216645 0.468152 0.217232 0.459798 0.218015 0.454054 0.214295 0.438912 0.205680 0.432124 0.193736 0.420637 0.191190 0.417243 0.194127 0.414372 0.193736 0.411239 0.189820 0.410978 0.188057 0.411500 0.180813 0.406017 0.172589 0.396619 0.161624 0.388265 0.140282 0.379910 0.130296 0.378866 0.115415 0.377300 0.102884 0.377822
0 0.122660 0.377822 0.123443 0.370773 0.125597 0.369729 0.134603 0.369468 0.139694 0.364246 0.145177 0.361113 0.169065 0.361375 0.183554 0.365552 0.188645 0.368162 0.198435 0.379388 0.200980 0.379127 0.202351 0.380694 0.200785 0.383304 0.210966 0.388265 0.220561 0.394269 0.221148 0.400796 0.222323 0.401840 0.220952 0.405234 0.219582 0.407062 0.218407 0.411500 0.212533 0.411761 0.210966 0.415416 0.208617 0.416460 0.205092 0.416460 0.203330 0.412805 0.194519 0.413588 0.193736 0.411761 0.187666 0.411761 0.181204 0.406540 0.170239 0.394791 0.158296 0.386176 0.139694 0.380172
0 -0.000108 0.378083 0.004983 0.378605 0.023584 0.381999 0.037094 0.385132 0.055499 0.395052 0.066073 0.407062 0.074101 0.418027 0.083108 0.431341 0.096618 0.441262 0.103667 0.454054 0.104646 0.460581 0.106408 0.466847 0.106408 0.472851 0.105429 0.481728 0.104842 0.485644 0.101317 0.489299 0.096814 0.492692 0.075667 0.493737 0.035332 0.500002 0.016339 0.500002 0.014968 0.504441 0.007332 0.505746 -0.000108 0.507312
0 0.325094 0.352213 0.325437 0.343514 0.325437 0.340995 0.319599 0.336417 0.312731 0.334127 0.302601 0.332754 0.298136 0.333898 0.291955 0.337790 0.285774 0.339393 0.284228 0.340995 0.282855 0.345574 0.282855 0.348321 0.284915 0.350153 0.286632 0.351984 0.289208 0.352213 0.290925 0.350611 0.296591 0.352442 0.297278 0.353129 0.300369 0.354274 0.302772 0.353816 0.303803 0.352442 0.317196 0.353816 0.318569 0.354961 0.321145 0.354961 0.322518 0.354961 0.323720 0.353358
0 0.278734 0.359310 0.277017 0.352442 0.271179 0.349237 0.264826 0.346719 0.259160 0.340766 0.253322 0.336417 0.241303 0.333898 0.230657 0.332525 0.222587 0.332296 0.215891 0.333669 0.210568 0.340309 0.209538 0.346948 0.208336 0.351984 0.209366 0.357021 0.213315 0.359997 0.215204 0.363660 0.219668 0.365950 0.222587 0.365492 0.223617 0.363889 0.231516 0.366178 0.232717 0.369841 0.239242 0.370986 0.242333 0.367094 0.245767 0.366178 0.253322 0.359310 0.266886 0.358624 0.273755 0.359081
0 0.310156 0.379228 0.306206 0.374878 0.295561 0.364576 0.280966 0.359310 0.273068 0.358852 0.258816 0.358852 0.252807 0.359310 0.245767 0.366178 0.243363 0.371215 0.242333 0.379686 0.243191 0.387012 0.244565 0.389759 0.245080 0.395025 0.246797 0.398688 0.249029 0.400977 0.254352 0.400519 0.257443 0.397772 0.268432 0.399832 0.270492 0.391820 0.274441 0.387928 0.278562 0.383120 0.280108 0.380373 0.287834 0.378770 0.301055 0.378541
0 0.351021 0.401893 0.348961 0.397543 0.347415 0.397772 0.340547 0.390217 0.334709 0.384493 0.320630 0.380830 0.306206 0.378999 0.285602 0.378770 0.279764 0.380602 0.277189 0.385180 0.270492 0.391591 0.267745 0.400519 0.267058 0.408532 0.267917 0.413340 0.272381 0.418605 0.273068 0.422497 0.275987 0.427992 0.279592 0.430052 0.284400 0.429823 0.289380 0.429136 0.290753 0.426160 0.326983 0.438981 0.329558 0.443788 0.334538 0.448367 0.341234 0.449054 0.343810 0.446993 0.346728 0.445162 0.355314 0.445849 0.365272 0.444246 0.371625 0.442415 0.372312 0.441041 0.375575 0.439667 0.375575 0.431426 0.374888 0.420437 0.371454 0.414713 0.363212 0.408532 0.355657 0.404640
0 0.409463 0.360024 0.405743 0.357269 0.398854 0.350287 0.393205 0.348634 0.378875 0.347348 0.377221 0.350471 0.374466 0.353411 0.371848 0.358187 0.373088 0.361862 0.374328 0.365168 0.375568 0.367189 0.378875 0.367373 0.385764 0.368659 0.390862 0.370129 0.393205 0.371231 0.402850 0.370496 0.406432 0.372150 0.408499 0.371966 0.409601 0.369210 0.410841 0.364801
0 0.407534 0.358738 0.411944 0.357085 0.415113 0.354329 0.418006 0.353043 0.421864 0.353227 0.428616 0.354697 0.433438 0.356901 0.436745 0.360024 0.437434 0.362964 0.438123 0.367924 0.434954 0.372701 0.432887 0.373803 0.430683 0.372884 0.421589 0.371415 0.420762 0.372884 0.418695 0.373068 0.416353 0.371415 0.409463 0.369210 0.411255 0.364801 0.409463 0.359841
0 0.377497 0.389603 0.371159 0.391256 0.363994 0.391807 0.361514 0.393461 0.360687 0.395481 0.360549 0.398972 0.358758 0.402463 0.357656 0.405953 0.365509 0.410914 0.372537 0.416609 0.374879 0.421385 0.375292 0.425795 0.377221 0.425795 0.379426 0.422488 0.415664 0.433511 0.417455 0.436083 0.420900 0.439389 0.425860 0.440492 0.429580 0.439757 0.430407 0.438287 0.437159 0.439022 0.446115 0.438471 0.451902 0.435899 0.452315 0.427632 0.450524 0.420651 0.446390 0.414404 0.439088 0.410730 0.431923 0.407974 0.421175 0.396767 0.416904 0.393461 0.403125 0.388317 0.389898 0.387582
0 0.406432 0.389051 0.404779 0.383724 0.400783 0.376559 0.400783 0.374905 0.392791 0.372150 0.380528 0.368475 0.372812 0.368292 0.364821 0.370680 0.358207 0.373803 0.350766 0.375824 0.348286 0.376743 0.345255 0.381703 0.344979 0.389603 0.346357 0.391072 0.347597 0.393461 0.349251 0.395665 0.351455 0.396767 0.354211 0.396767 0.355451 0.395298 0.361100 0.395665 0.361651 0.393461 0.364407 0.391623 0.371434 0.391256 0.388795 0.387582 0.401334 0.387765
0 0.477530 0.389786 0.467058 0.387214 0.456862 0.385377 0.450524 0.386663 0.443497 0.389051 0.435367 0.389051 0.433576 0.391623 0.432887 0.395665 0.431785 0.397135 0.431371 0.399707 0.431371 0.402463 0.432887 0.404116 0.435781 0.405218 0.438123 0.406688 0.438950 0.409444 0.440190 0.411097 0.442808 0.412751 0.445564 0.413486 0.447217 0.413486 0.478632 0.420651 0.482490 0.424325 0.485797 0.424876 0.488002 0.422855 0.497233 0.423590 0.502469 0.423590 0.504536 0.422488 0.505087 0.418813 0.504261 0.411832 0.502332 0.408893 0.496682 0.404300 0.488002 0.400993 0.480837 0.392358
0 0.539781 0.396785 0.533772 0.390680 0.528144 0.386737 0.519654 0.384193 0.512500 0.384321 0.505536 0.385338 0.498382 0.387119 0.496474 0.388899 0.495997 0.393224 0.494852 0.395767 0.494375 0.397421 0.495043 0.399710 0.497905 0.401618 0.499813 0.403017 0.500385 0.405179 0.501911 0.406833 0.503628 0.407850 0.506967 0.407977 0.508970 0.406324 0.533581 0.413192 0.534821 0.415227 0.538446 0.417008 0.542262 0.417135 0.546077 0.416372 0.551324 0.415227 0.552850 0.415100 0.554090 0.410012 0.554281 0.405434 0.547794 0.400473 0.541689 0.397802
0 0.529861 0.387882 0.533676 0.384066 0.541689 0.384193 0.549416 0.385338 0.558860 0.391316 0.562389 0.395513 0.569639 0.397675 0.573073 0.401618 0.573264 0.406706 0.571928 0.409631 0.564965 0.409631 0.564106 0.410267 0.561435 0.410521 0.558192 0.410521 0.555902 0.408613 0.553708 0.408105 0.554376 0.405561 0.549321 0.401618 0.542834 0.398947 0.539781 0.396912 0.533295 0.390044
1 0.046414 0.779232 -0.000198 0.808119 -0.000854 0.999821 0.296546 0.999821
1 0.584755 0.851011 0.550616 0.999821 0.858521 0.999821
1 0.616891 0.712641 0.579350 0.836198 0.546883 0.818611 0.542824 0.796515 0.530987 0.777576 0.503593 0.752323 0.483300 0.736991 0.436290 0.703622 0.423100 0.688741 0.424453 0.684683 0.425468 0.677468 0.410248 0.663488 0.407205 0.663488 0.404499 0.667547 0.385898 0.646353 0.356474 0.624708 0.331447 0.609827 0.358841 0.595848
1 0.428850 0.555714 0.362900 0.593593 0.618920 0.706779 0.638198 0.637334
1 0.639550 0.634178 0.648005 0.608474 0.638874 0.601259 0.625008 0.593593 0.617905 0.579614 0.473831 0.527305 0.430879 0.553460
1 0.851945 0.624697 0.853209 0.637051 0.834257 0.625820 0.813831 0.615993 0.776979 0.604201 0.752341 0.602235 0.713805 0.602797 0.700118 0.602235 0.696748 0.594935 0.687272 0.586231 0.676322 0.579212 0.660950 0.572754 0.665583 0.559277
1 0.679060 0.615151 0.666004 0.613186 0.653369 0.610939 0.645788 0.635367 0.669162 0.646036 0.669794 0.641263 0.675690 0.621889
1 0.673870 0.516880 0.670150 0.533055 0.658180 0.529605 0.665459 0.513645
1 0.685031 0.492941 0.684545 0.496823 0.690045 0.497902 0.698294 0.500705 0.698456 0.498980 0.698941 0.496392
1 0.679176 0.491694 0.677936 0.495185 0.670771 0.492980 0.663606 0.492429 0.657130 0.494634 0.656028 0.493164 0.650654 0.484897 0.648587 0.482876 0.648312 0.481406
1 0.679452 0.490225 0.680416 0.481590 0.593886 0.456972 0.582174 0.462484 0.590855 0.465056 0.605874 0.464505 0.629022 0.471853 0.647898 0.481406
1 0.680003 0.481223 0.681794 0.476446 0.678212 0.473507 0.675869 0.471486 0.602153 0.451093 0.594437 0.455870
1 0.675294 0.464141 0.665794 0.467708 0.604456 0.450859 0.610267 0.446678
1 0.611650 0.446309 0.620690 0.442988 0.677416 0.458484 0.675663 0.463403
1 0.621243 0.441758 0.624656 0.438807 0.678984 0.453319 0.677692 0.457746
1 0.625947 0.438561 0.629913 0.435609 0.679998 0.448891 0.678707 0.452950
1 0.680921 0.445448 0.680275 0.448522 0.652419 0.441635 0.653526 0.437823
1 0.681197 0.441512 0.680459 0.444833 0.654725 0.437823 0.657585 0.435855
1 0.320095 0.365774 0.296599 0.364469 0.305214 0.373345 0.342220 0.373084
1 0.324990 0.365513 0.344178 0.372823 0.367675 0.369951 0.368850 0.368646 0.365325 0.366557
1 0.223369 0.396841 0.221215 0.396841 0.221411 0.400235 0.222194 0.401280 0.220236 0.407284 0.219257 0.411461 0.252543 0.422948 0.272319 0.420599 0.272123 0.418510 0.268403 0.413811 0.267032 0.410939
1 0.252739 0.423732 0.228068 0.426864 0.228459 0.429997 0.227285 0.432608 0.220040 0.435480 0.299927 0.464458 0.347703 0.455321
1 0.215928 0.436524 0.212208 0.436524 0.214558 0.439396 0.218082 0.453755 0.217103 0.467852 0.216516 0.469158 0.235508 0.477773 0.297186 0.465242
1 0.375617 0.428580 0.375748 0.439259 0.372860 0.441010 0.388485 0.446612 0.419735 0.440835
1 0.349882 0.398818 0.350670 0.401619 0.357629 0.405295 0.358942 0.401094
1 0.467940 0.431773 0.452335 0.435329 0.452533 0.428086
1 0.422606 0.397402 0.428038 0.403196 0.430508 0.401879 0.430508 0.399509
1 0.432483 0.395427 0.431693 0.396875 0.431298 0.399114 0.421026 0.396480 0.417668 0.393715 0.411446 0.391344 0.414606 0.390422
1 0.431298 0.389896 0.416977 0.390291 0.432977 0.394373 0.433372 0.390554
1 0.449866 0.418999 0.450854 0.421369 0.452632 0.426769 0.468632 0.431246 0.486509 0.428349
1 0.505078 0.419816 0.504308 0.423510 0.515315 0.422895
1 0.504693 0.414171 0.505463 0.418892 0.517470 0.422587 0.528015 0.420226
1 0.502769 0.409040 0.504232 0.411400 0.504770 0.413350 0.529247 0.420021 0.541254 0.418174
1 0.496304 0.401343 0.491377 0.402472 0.487914 0.400932 0.484912 0.396622 0.494456 0.398675 0.495149 0.399906
1 0.494610 0.395493 0.493917 0.398059 0.483834 0.395904 0.480986 0.392209
1 0.480986 0.388720 0.477600 0.390259 0.479755 0.391491 0.494841 0.395083 0.495765 0.392722
1 0.492070 0.388617 0.482141 0.388515 0.495996 0.392209 0.495919 0.389849
1 0.969327 0.537754 0.985346 0.547383 0.994668 0.549834 0.999920 0.546858
1 0.983507 0.547733 0.990860 0.552635 0.987709 0.554911 0.900524 0.530927 0.885687 0.519722
1 0.901181 0.531627 0.916806 0.543532 0.984558 0.563139 0.984820 0.559813 0.987446 0.555436
1 0.917856 0.544582 0.936632 0.558938 0.978518 0.570667 0.979568 0.567341 0.983507 0.566466 0.984164 0.563665
1 0.938208 0.560163 0.963287 0.578370 0.984558 0.584148 0.984426 0.579596 0.981406 0.579946 0.979568 0.577845 0.978387 0.572943
1 0.905054 0.493427 0.900103 0.492309 0.893138 0.488057 0.903795 0.490854
1 0.908578 0.498910 0.905054 0.499693 0.899096 0.496336
1 0.883152 0.507973 0.883404 0.512336 0.873418 0.509763 0.863012 0.502490
1 0.883823 0.503273 0.883152 0.505735 0.882984 0.506966 0.863012 0.501259 0.855880 0.495777
1 0.885250 0.499581 0.883991 0.502826 0.855292 0.494434 0.847488 0.489176
1 0.897669 0.499581 0.885502 0.498686 0.846985 0.488057 0.841446 0.483581
1 0.832803 0.477428 0.840104 0.482239 0.901446 0.499357 0.894145 0.494658
1 0.890956 0.493427 0.888187 0.490742 0.878788 0.488952 0.873502 0.486378 0.827348 0.472840 0.832467 0.477092
1 0.905641 0.488281 0.903879 0.490071 0.881977 0.484029 0.882229 0.481903
1 0.829614 0.469260 0.827852 0.466910 0.816859 0.464337 0.820719 0.467805
1 0.828104 0.464896 0.827852 0.466351 0.816691 0.463889 0.815684 0.461092