0 0.429320 0.382413 0.429539 0.383581 0.416176 0.397016 0.413986 0.396432 0.411795 0.398477 0.410043 0.399645 0.409386 0.408699 0.407852 0.414833 0.404567 0.420674 0.403690 0.426223 0.403690 0.430604 0.404567 0.435862 0.404786 0.437322 0.411357 0.444332 0.420119 0.450757 0.430853 0.457767 0.443777 0.466821 0.456920 0.470034 0.457577 0.476167 0.462835 0.480548 0.468092 0.482593 0.473349 0.479964 0.478168 0.474999 0.481673 0.465945 0.522417 0.459811 0.522855 0.464192 0.526798 0.466821 0.531617 0.467405 0.536655 0.465361 0.540817 0.458643 0.542131 0.454846 0.545417 0.452510 0.548265 0.443455 0.548703 0.435278 0.548484 0.431189 0.547827 0.427392 0.546513 0.423011 0.541474 0.417169 0.530741 0.410744 0.525264 0.408115 0.518912 0.400229 0.510150 0.394096 0.498102 0.386502 0.487807 0.382705 0.476854 0.380076 0.463711 0.378032 0.451882 0.378616 0.441148 0.380660 0.429539 0.381829
0 0.533960 0.411856 0.541642 0.417167 0.546195 0.423047 0.547760 0.427979 0.548471 0.433291 0.548755 0.441637 0.548329 0.444292 0.556295 0.448845 0.567961 0.453018 0.567961 0.455674 0.569526 0.458519 0.574079 0.459847 0.577493 0.459657 0.580054 0.456622 0.582899 0.450931 0.612490 0.444292 0.612490 0.447707 0.613628 0.448845 0.616900 0.449793 0.619604 0.450362 0.622733 0.446758 0.624583 0.440309 0.627570 0.438033 0.631127 0.430066 0.631838 0.423427 0.632407 0.414512 0.631269 0.410149 0.628851 0.408631 0.623729 0.402182 0.613913 0.395353 0.607938 0.392318 0.607226 0.389852 0.604808 0.390990 0.598264 0.389093 0.589728 0.387007 0.583041 0.385869 0.576355 0.387197 0.571945 0.388904 0.566539 0.392698 0.560990 0.396871 0.558714 0.394974 0.556722 0.396491 0.557576 0.400095 0.553023 0.401803 0.546764 0.404838 0.539650 0.407873 0.534244 0.411666
0 0.600697 0.318981 0.593632 0.318273 0.592623 0.318627 0.591826 0.319690 0.591029 0.320894 0.590976 0.323798 0.591188 0.324860 0.593101 0.325568 0.593207 0.326206 0.594110 0.327198 0.595385 0.327764 0.595863 0.327056 0.597828 0.327410 0.598678 0.328402 0.600431 0.328685 0.601388 0.328260 0.610418 0.331306 0.611746 0.332510 0.613552 0.333289 0.614933 0.332722 0.616421 0.333218 0.617589 0.334493 0.619342 0.334847 0.620245 0.333643 0.623645 0.333501 0.624920 0.332651 0.625451 0.329960 0.625770 0.326418 0.622689 0.321956 0.620777 0.320469 0.616633 0.318769 0.612755 0.317211 0.609356 0.316432 0.607284 0.316432 0.604628 0.317494 0.602237 0.318627 0.600591 0.318911
0 0.799810 0.440414 0.796197 0.439898 0.794262 0.442307 0.796455 0.445059 0.794649 0.447468 0.791810 0.450564 0.790004 0.451080 0.788326 0.452113 0.786649 0.455037 0.785101 0.459682 0.783552 0.465015 0.783165 0.467596 0.783036 0.470004 0.780456 0.476369 0.780069 0.479982 0.780456 0.483939 0.783294 0.486347 0.786391 0.484627 0.789230 0.480154 0.799552 0.484283 0.808325 0.487380 0.816067 0.492885 0.820712 0.494777 0.820712 0.498046 0.821357 0.501142 0.825744 0.503551 0.827808 0.500798 0.830002 0.495293 0.831034 0.490820 0.832969 0.489100 0.833356 0.490476 0.836453 0.492024 0.838259 0.489788 0.841098 0.480842 0.844065 0.471552 0.844452 0.463983 0.847291 0.462951 0.847807 0.459854 0.844969 0.457102 0.843162 0.456757 0.842001 0.458478 0.839162 0.449532 0.836195 0.444887 0.833614 0.444027 0.829098 0.442307 0.817357 0.438178 0.810261 0.435769 0.808196 0.434393 0.805616 0.435597 0.799810 0.440586
0 0.999561 0.482145 0.985096 0.484787 0.980241 0.484522 0.973603 0.482805 0.963201 0.480692 0.952798 0.479503 0.943683 0.481352 0.941999 0.482409 0.940513 0.486900 0.939423 0.489278 0.938036 0.492977 0.938135 0.498789 0.941107 0.504073 0.947250 0.509357 0.950123 0.515302 0.953590 0.518076 0.961120 0.520982 0.968650 0.519661 0.969839 0.517679 0.983412 0.522303 0.999957 0.527983 0.999759 0.482145
1 -0.000508 0.507772 0.082126 0.497023 0.118909 0.578986 -0.000004 0.610562
1 0.091700 0.494336 0.127979 0.575627 0.434331 0.503741 0.370844 0.455370 0.093715 0.495007
1 0.642474 0.824550 0.515648 0.998161 0.836096 1.000416 0.643320 0.824550
1 0.716034 0.709561 0.647547 0.814404 0.852160 0.999288 1.000124 0.998161 0.998433 0.909101 0.718570 0.712943
1 1.000659 0.900916 0.999171 0.789805 0.760083 0.644964 0.719409 0.705811 0.999171 0.901578
1 0.999171 0.713747 0.999667 0.782530 0.761572 0.640334 0.787861 0.599990 0.997683 0.715731
1 0.999126 0.663766 0.999512 0.709514 0.788248 0.597457 0.807524 0.569186 0.998741 0.664280
1 0.821601 0.544922 0.807994 0.566249 0.999934 0.660469 1.000173 0.627364 0.820885 0.544922
1 0.833606 0.526249 0.821759 0.542599 0.999873 0.624901 0.999873 0.607720 0.993015 0.605781 0.983454 0.599684 0.977011 0.592202 0.973686 0.588877 0.833813 0.526804
1 0.999665 0.578069 0.999873 0.584443 0.989066 0.583057 0.980545 0.582226 0.977427 0.585829 0.975349 0.587491 0.835268 0.524864 0.842750 0.512117 0.999665 0.578624
1 0.995878 0.559131 0.999870 0.568388 0.999523 0.576488 0.843481 0.510299 0.850945 0.499190 0.995357 0.559131
1 0.995010 0.557279 0.852160 0.498265 0.855978 0.489933 0.987199 0.541542 0.995183 0.556585
1 0.994142 0.545939 1.000044 0.560288 0.999696 0.547328 0.993448 0.546171