1 0.327963 0.995057 0.332047 0.916105 0.450475 0.914743 0.523982 0.914743 0.595447 0.912021 0.676101 0.903854 0.746545 0.898409 0.824136 0.890241 0.844554 0.918827 0.871098 0.961026 0.893559 1.000502 0.327963 0.996418
1 0.361328 0.681771 0.330671 0.901759 0.442708 0.901759 0.517400 0.900272 0.592649 0.897299 0.649503 0.892840 0.697440 0.888381 0.745376 0.883922 0.818396 0.877233 0.776591 0.808115 0.744819 0.754605 0.718621 0.716702 0.708030 0.698122 0.629437 0.694406 0.573697 0.692176 0.502907 0.689947 0.435462 0.685487 0.361885 0.681771
1 0.362143 0.674688 0.378627 0.565306 0.442263 0.571439 0.495165 0.576550 0.545384 0.581151 0.595220 0.587284 0.601353 0.595973 0.611320 0.605174 0.621287 0.610796 0.635855 0.617441 0.648505 0.622041 0.662306 0.626130 0.673423 0.640953 0.681856 0.657309 0.691440 0.671621 0.702557 0.689511 0.595603 0.686955 0.537717 0.683888 0.478681 0.680821 0.424246 0.677755 0.378244 0.675710
1 0.389356 0.498645 0.379174 0.560953 0.402148 0.563738 0.425906 0.565478 0.488562 0.571396 0.520674 0.574877 0.552263 0.578706 0.577848 0.581143 0.592990 0.581143 0.592207 0.572788 0.594295 0.567219 0.597950 0.561649 0.602388 0.557820 0.609437 0.554340 0.617530 0.553295 0.618836 0.553295 0.599255 0.524056 0.559051 0.518834 0.517280 0.514309 0.475770 0.509436 0.441570 0.505607 0.417813 0.502474 0.389617 0.499341
1 0.395883 0.455830 0.390139 0.496208 0.437132 0.502126 0.468721 0.505955 0.511797 0.510828 0.544692 0.515005 0.567666 0.517442 0.597428 0.521271 0.571060 0.480544 0.525373 0.474278 0.484646 0.468361 0.439742 0.461747 0.417551 0.458614 0.396144 0.455830
1 0.401104 0.424849 0.396144 0.454089 0.423556 0.457918 0.444442 0.460703 0.466371 0.463836 0.487257 0.466968 0.506054 0.469057 0.529811 0.472538 0.548869 0.473930 0.569494 0.477411 0.557745 0.458266 0.550436 0.446779 0.524590 0.443646 0.495872 0.439817 0.460628 0.434596 0.425906 0.429026 0.401104 0.424849
1 0.403705 0.402733 0.403364 0.402960 0.401319 0.423415 0.449897 0.431369 0.471715 0.434551 0.497283 0.438187 0.522851 0.441823 0.549782 0.445232 0.541089 0.431823 0.533759 0.430460 0.527282 0.428642 0.522339 0.426596 0.517907 0.424551 0.513817 0.422505 0.511089 0.420233 0.490294 0.416824 0.479556 0.415006 0.468306 0.413187 0.455352 0.410915 0.440011 0.408415 0.419898 0.405006 0.404046 0.402506
1 0.523362 0.404097 0.527794 0.410915 0.522851 0.410460 0.518078 0.410687 0.514498 0.411597 0.512964 0.413642 0.510919 0.416596 0.509896 0.418642 0.486033 0.414324 0.456545 0.409551 0.432682 0.405688 0.403875 0.401142 0.406262 0.385006 0.477170 0.396824 0.505464 0.401597 0.523191 0.404097
1 0.513476 0.388870 0.522510 0.402733 0.406603 0.383415 0.408989 0.370915 0.513646 0.389097
1 0.505805 0.375461 0.512794 0.387052 0.409500 0.370006 0.410693 0.359552 0.505635 0.375915
1 0.485079 0.341660 0.488751 0.347115 0.480359 0.346136 0.457803 0.341660 0.432311 0.336764 0.414687 0.333267 0.415631 0.328511 0.434409 0.332568 0.450460 0.335225 0.465567 0.338163 0.484870 0.341660
1 0.489381 0.348654 0.493682 0.355228 0.414582 0.340681 0.414687 0.333967 0.489276 0.348654
1 0.494101 0.356487 0.495255 0.358025 0.491269 0.357606 0.487492 0.357746 0.485919 0.358305 0.483821 0.359424 0.482981 0.361522 0.476687 0.360823 0.455286 0.356906 0.413218 0.348933 0.414477 0.341520 0.493997 0.356627
1 0.413218 0.349773 0.411015 0.358445 0.505431 0.374810 0.501865 0.369355 0.498088 0.369215 0.494731 0.368236 0.489800 0.366977 0.485184 0.364879 0.482667 0.362921 0.477631 0.362222 0.455600 0.358305 0.424443 0.352430 0.413113 0.350052
1 0.547380 0.353337 0.552402 0.357056 0.549240 0.357304 0.546264 0.357924 0.529620 0.355073 0.512603 0.351849 0.491029 0.348130 0.487961 0.342426 0.547101 0.353461
1 0.491587 0.348997 0.495958 0.355941 0.542080 0.364000 0.546450 0.360404 0.546357 0.358792 0.491959 0.349245
1 0.496423 0.356932 0.497167 0.358544 0.499770 0.358792 0.502746 0.359288 0.506372 0.360528 0.509906 0.361520 0.513347 0.362884 0.517159 0.365487 0.518647 0.367099 0.518740 0.368587 0.538546 0.371439 0.539941 0.368339 0.541522 0.366231 0.541243 0.364619 0.496516 0.356932
1 0.504327 0.369951 0.506558 0.370199 0.511580 0.370819 0.515764 0.370819 0.518368 0.370323 0.518554 0.369331 0.538081 0.372678 0.537431 0.374290 0.536222 0.375778 0.536129 0.377638 0.535478 0.380118 0.507953 0.375406 0.504327 0.369951
1 0.508418 0.376398 0.535664 0.381729 0.535385 0.383465 0.534734 0.385697 0.535571 0.387805 0.536780 0.390036 0.538639 0.392268 0.516043 0.388177 0.508604 0.376646
1 0.526458 0.405038 0.530549 0.410866 0.534455 0.411734 0.537059 0.412105 0.540778 0.413221 0.546171 0.414709 0.552030 0.417189 0.555377 0.418429 0.558818 0.420784 0.561607 0.423140 0.563095 0.425744 0.563281 0.426736 0.581135 0.429091 0.582809 0.426860 0.583832 0.425372 0.584018 0.421528 0.585041 0.417437 0.585598 0.416321 0.585319 0.414585 0.526923 0.405038
1 0.580391 0.430703 0.579554 0.432315 0.578717 0.433927 0.577787 0.435663 0.577230 0.437398 0.577415 0.439010 0.576672 0.440498 0.577044 0.442730 0.576951 0.445953 0.579368 0.447565 0.581321 0.451161 0.553517 0.446449 0.544312 0.432315 0.548217 0.432563 0.552960 0.432811 0.559748 0.431943 0.563095 0.430083 0.563374 0.428223 0.580019 0.430579
1 0.576372 0.480556 0.603037 0.522403 0.775773 0.543169 0.726454 0.500693 0.576608 0.480871
1 0.605161 0.525280 0.623274 0.554103 0.634082 0.555662 0.644891 0.559167 0.653071 0.561504 0.666217 0.568905 0.677610 0.575916 0.686666 0.583316 0.690171 0.586822 0.693969 0.593054 0.846169 0.604350 0.777226 0.545924 0.605746 0.525670
1 0.846169 0.607466 0.695722 0.596949 0.696598 0.602792 0.696014 0.609803 0.694845 0.616035 0.691924 0.619151 0.685789 0.623046 0.677610 0.624994 0.669722 0.625773 0.709744 0.690041 0.751226 0.692378 0.748013 0.682641 0.748597 0.677577 0.750058 0.673293 0.748597 0.669397 0.753271 0.653817 0.757361 0.648754 0.760867 0.642911 0.764372 0.639016 0.765249 0.632394 0.770799 0.628499 0.784237 0.625383 0.803226 0.619151 0.821630 0.614477 0.844708 0.607076
1 0.838099 0.890427 0.908635 0.999298 0.999105 0.998787 0.999489 0.888382 0.956937 0.886338 0.921669 0.885827 0.885251 0.888382 0.839632 0.890427
1 -0.000140 0.465825 0.043387 0.472447 -0.000140 0.500102
1 0.097431 0.374680 0.000152 0.409346 0.000152 0.462319 0.046892 0.469720 0.181857 0.389092 0.096847 0.374680
1 0.963788 0.566226 0.999815 0.571099 0.999554 0.588852 0.963788 0.566922
1 0.892516 0.523759 0.960655 0.563789 0.999554 0.567966 1.000076 0.539075 0.997727 0.538378 0.940291 0.530372 0.893821 0.523759
1 0.933609 0.505998 0.993979 0.536347 0.889866 0.521568 0.837810 0.490955 0.933807 0.505734
1 0.938756 0.507053 0.999521 0.518929 0.999521 0.537667 0.938953 0.507317
1 0.964487 0.496761 0.999719 0.517082 0.934995 0.504942 0.907284 0.491219 0.910451 0.490427 0.912628 0.489899 0.912826 0.488052 0.911243 0.485941 0.964091 0.496761
1 0.867800 0.477101 0.872928 0.480765 0.878973 0.482963 0.885200 0.485405 0.890695 0.487114 0.899304 0.489312 0.904982 0.491266 0.928794 0.503721 0.836295 0.489068 0.795265 0.464890 0.867433 0.476613
1 0.917255 0.474415 0.960848 0.494197 0.910661 0.484428 0.906631 0.481497 0.900403 0.479543 0.892527 0.475880 0.887215 0.473682 0.880438 0.471240 0.872562 0.469042 0.866151 0.467821 0.863770 0.468798 0.847102 0.459761 0.916705 0.474171
1 0.915207 0.473096 0.878560 0.456278 0.831004 0.445596 0.831174 0.447414 0.829470 0.448551 0.825890 0.448551 0.843106 0.457869 0.914014 0.472414
1 0.760607 0.443551 0.794186 0.463323 0.864072 0.474687 0.862878 0.472414 0.863219 0.469914 0.843958 0.458778 0.761289 0.443778
1 0.876258 0.454776 0.845669 0.440856 0.783209 0.426447 0.792917 0.430354 0.793466 0.432552 0.797862 0.430843 0.803541 0.432796 0.807204 0.434506 0.811783 0.436216 0.816729 0.437437 0.820758 0.439146 0.826253 0.441588 0.831199 0.445008 0.875159 0.454532
1 0.822956 0.448915 0.838709 0.456730 0.759947 0.442565 0.731190 0.426202 0.794016 0.438414 0.797862 0.440123 0.802075 0.442077 0.806471 0.444275 0.812333 0.446229 0.816545 0.447938 0.822407 0.448915
1 0.843105 0.439114 0.814885 0.425965 0.772922 0.417293 0.772817 0.418272 0.770929 0.418692 0.768411 0.418412 0.780370 0.424846 0.810898 0.431560 0.842475 0.439114
1 0.791805 0.432120 0.791386 0.433239 0.791071 0.435197 0.792645 0.436316 0.729490 0.424706 0.707879 0.411278 0.779111 0.425546 0.791805 0.432260
1 0.712775 0.391149 0.652756 0.379423 0.668123 0.387670 0.727369 0.398495 0.712871 0.391149
1 0.728112 0.399568 0.739806 0.405883 0.739709 0.406785 0.740193 0.408846 0.686746 0.398666 0.669059 0.389130 0.727435 0.399568
1 0.687906 0.400341 0.706849 0.410264 0.775856 0.423795 0.765225 0.418382 0.762422 0.416836 0.759522 0.416707 0.754110 0.415290 0.748891 0.413872 0.744735 0.412197 0.742416 0.411166 0.740289 0.409748 0.688292 0.400341
1 0.786391 0.412841 0.765418 0.403176 0.718157 0.392609 0.731591 0.400212 0.784168 0.412068
1 0.764355 0.402145 0.747731 0.393898 0.706656 0.385522 0.715644 0.390677 0.763098 0.401759
1 0.711488 0.389903 0.702790 0.385264 0.701920 0.384749 0.644607 0.373151 0.651083 0.378177 0.710522 0.389774
1 0.786197 0.413486 0.812196 0.424568 0.772570 0.415805 0.771024 0.413228 0.767641 0.411424 0.763775 0.410006 0.758169 0.407944 0.753724 0.406656 0.786101 0.413357
1 0.879428 0.426004 0.878533 0.426959 0.840544 0.418836 0.825671 0.412266 0.867692 0.420986 0.878622 0.426362
1 0.869573 0.431021 0.843322 0.420389 0.878622 0.428035 0.878801 0.430304 0.879070 0.431738 0.879876 0.432694 0.880056 0.433769 0.869663 0.430902
1 0.894122 0.444401 0.925391 0.457063 0.974937 0.466979 0.960333 0.461006 0.957914 0.460886 0.951911 0.459692 0.948327 0.458139 0.943041 0.456227 0.939995 0.454794 0.937397 0.453002 0.923151 0.450374 0.911593 0.447984 0.894928 0.444401
1 0.941428 0.441653 0.963469 0.451210 0.939009 0.446431 0.941070 0.444042 0.941518 0.442011
1 0.935157 0.447626 0.938830 0.447387 0.964275 0.452285 0.997157 0.464231 0.962842 0.457780 0.960423 0.456347 0.956480 0.454913 0.950925 0.452763 0.946177 0.451210 0.941428 0.450135 0.936949 0.449179 0.934978 0.447865
1 0.998321 0.465426 0.999755 0.466501 0.999934 0.471876 0.976281 0.467456 0.963558 0.461364 0.963558 0.460169 0.963379 0.459094 0.997605 0.465426
1 0.927631 0.458736 0.964186 0.473668 0.999934 0.480119 0.999755 0.476655 0.975922 0.468293 0.928527 0.458497
1 0.999844 0.472952 0.983628 0.469965 0.999755 0.475699 0.999755 0.473310
1 0.965440 0.474863 0.999934 0.488840 0.999934 0.481314 0.965619 0.474863
1 0.881507 0.423878 0.871667 0.421839 0.879446 0.425916 0.880975 0.424144
0 0.079135 0.212206 0.078182 0.213838 0.077978 0.214926 0.078046 0.216014 0.078182 0.217103 0.078863 0.218282 0.079883 0.218463 0.080495 0.219914 0.081107 0.219823 0.083284 0.219914 0.083556 0.219642 0.089881 0.221184 0.089745 0.218826 0.090085 0.216649 0.090289 0.215289 0.091309 0.213747 0.092194 0.211752 0.093146 0.211117 0.098383 0.210845 0.102532 0.211571 0.108177 0.212115 0.113006 0.213112 0.108925 0.210845 0.102328 0.209394 0.096275 0.208850 0.092942 0.209666 0.090629 0.210664 0.088589 0.211571 0.087977 0.212115 0.079135 0.212115
0 0.090425 0.223541 0.089745 0.221184 0.090085 0.218463 0.090357 0.215652 0.091649 0.213657 0.092602 0.211480 0.095866 0.211027 0.098995 0.210755 0.102940 0.211934 0.107565 0.211843 0.113618 0.213203 0.116883 0.214382 0.121576 0.217103 0.125113 0.219642 0.127086 0.221637 0.129738 0.222544 0.132867 0.224630 0.135383 0.225990 0.136132 0.228167 0.135723 0.230162 0.135111 0.231069 0.133343 0.232157 0.132459 0.234424 0.131166 0.235149 0.129466 0.235059 0.127426 0.234787 0.124909 0.234605 0.123277 0.234061 0.122324 0.233971 0.121440 0.232701 0.120556 0.230706 0.107497 0.228711 0.107021 0.229527 0.105797 0.229618 0.104844 0.229618 0.104436 0.228801 0.102464 0.228167 0.101308 0.227622 0.099743 0.228983 0.097431 0.228892 0.095322 0.228257 0.094642 0.226353 0.092466 0.224992 0.090425 0.223632
0 0.130894 0.222725 0.141437 0.222363 0.143681 0.221274 0.147082 0.219823 0.151299 0.219189 0.156128 0.220005 0.160345 0.220821 0.165038 0.223451 0.166126 0.224267 0.165106 0.226443 0.164630 0.228439 0.164630 0.230978 0.165446 0.233789 0.166739 0.236238 0.168575 0.238686 0.165446 0.238505 0.163882 0.238414 0.163406 0.235966 0.162386 0.235603 0.160617 0.235331 0.159665 0.236691 0.157488 0.236600 0.156944 0.235603 0.152455 0.234424 0.147354 0.233154 0.143137 0.232247 0.142797 0.233154 0.141097 0.233426 0.139804 0.233245 0.138580 0.231794 0.136404 0.231159 0.136608 0.232520 0.135111 0.232610 0.134159 0.232792 0.133819 0.232338 0.135043 0.231431 0.136268 0.229073 0.136200 0.227441 0.135247 0.225990 0.133003 0.224358 0.131030 0.223179
0 0.000121 0.170216 0.019998 0.175601 0.022655 0.179428 0.025312 0.184955 0.026375 0.189632 0.027545 0.195442 0.028076 0.199411 0.028182 0.202812 0.025206 0.206497 0.022655 0.207772 0.021592 0.209757 0.018297 0.208764 0.016065 0.206355 0.010857 0.205363 0.008731 0.206072 0.004798 0.206355 0.002034 0.203237 -0.000091 0.203521
0 0.569810 0.305564 0.566748 0.307791 0.565635 0.309795 0.565579 0.311354 0.564911 0.312542 0.564465 0.314323 0.565134 0.316773 0.566637 0.316773 0.568196 0.318035 0.569421 0.319000 0.570256 0.320411 0.571202 0.320930 0.573095 0.321895 0.574209 0.322267 0.575824 0.321450 0.588518 0.323380 0.590355 0.325310 0.591246 0.326275 0.594587 0.326275 0.595923 0.325013 0.598540 0.325162 0.598985 0.322192 0.598261 0.319668 0.596368 0.317664 0.592193 0.315808 0.589409 0.312690 0.586792 0.310240 0.584398 0.308533 0.581614 0.307494 0.578496 0.306603 0.574209 0.306232 0.572817 0.306454 0.569977 0.305638
0 0.883016 0.422350 0.881750 0.424150 0.880907 0.425050 0.880147 0.426062 0.879641 0.427525 0.879219 0.430900 0.880232 0.432475 0.880991 0.435962 0.883438 0.437312 0.885294 0.437087 0.885885 0.436187 0.890526 0.437425 0.895082 0.439450 0.897782 0.441588 0.901663 0.444063 0.904532 0.443613 0.906220 0.443050 0.910185 0.443500 0.920311 0.445750 0.926386 0.447775 0.928242 0.449238 0.931111 0.450475 0.933642 0.449913 0.934908 0.447663 0.938030 0.446763 0.940477 0.443725 0.940223 0.440688 0.941573 0.437987 0.940730 0.436412 0.940645 0.432025 0.937945 0.427187 0.932461 0.423587 0.925542 0.421675 0.920311 0.419425 0.915164 0.417962 0.911535 0.417062 0.907992 0.416725 0.902423 0.418412 0.897107 0.421112 0.890526 0.422012 0.882510 0.422800
0 0.593041 0.329496 0.584856 0.332751 0.580692 0.334474 0.573656 0.334474 0.569923 0.335240 0.568057 0.337154 0.567195 0.338686 0.566190 0.343089 0.565472 0.348067 0.567339 0.348259 0.567769 0.352662 0.569492 0.354768 0.572077 0.355917 0.573944 0.355342 0.577103 0.352853 0.585431 0.356682 0.593472 0.358980 0.596631 0.360320 0.597492 0.365298 0.601369 0.366446 0.603810 0.366638 0.606682 0.364149 0.606825 0.363575 0.611851 0.364532 0.612282 0.365106 0.614723 0.367787 0.617451 0.368552 0.620035 0.367978 0.621328 0.366063 0.621902 0.364915 0.626497 0.365681 0.628651 0.362426 0.627789 0.358023 0.629369 0.354768 0.628794 0.351322 0.628220 0.350365 0.623769 0.340983 0.617307 0.336389 0.609266 0.333134 0.599072 0.330262 0.593184 0.329113
0 0.561518 0.356648 0.547853 0.357537 0.546742 0.358277 0.546853 0.359907 0.541187 0.364795 0.540742 0.367610 0.538965 0.370573 0.538187 0.372350 0.536520 0.374869 0.536187 0.376498 0.535965 0.379313 0.535632 0.380794 0.535076 0.383757 0.534743 0.385683 0.537854 0.390571 0.539742 0.392201 0.542298 0.394275 0.545186 0.396348 0.550297 0.399459 0.551741 0.403459 0.553630 0.405829 0.556074 0.406718 0.558963 0.407755 0.562518 0.407311 0.565185 0.405533 0.566074 0.403755 0.570962 0.404052 0.584850 0.406125 0.593849 0.407311 0.599960 0.408199 0.612181 0.405681 0.622402 0.404940 0.630068 0.404496 0.631624 0.400644 0.631513 0.399459 0.630513 0.397385 0.630846 0.394719 0.629402 0.391756 0.627069 0.389090 0.622402 0.386275 0.617514 0.383609 0.610626 0.378572 0.599738 0.368795 0.591516 0.363166 0.586516 0.360648 0.577517 0.358722 0.571073 0.357537 0.564518 0.357537 0.562074 0.355759 0.560630 0.355907
0 0.647936 0.406088 0.625820 0.405159 0.615720 0.406320 0.608755 0.407017 0.597262 0.409571 0.591515 0.410732 0.586813 0.411428 0.585943 0.412357 0.585769 0.412821 0.585594 0.414911 0.585420 0.416304 0.584027 0.420251 0.583679 0.424431 0.581763 0.428378 0.579674 0.431628 0.577758 0.434647 0.577410 0.438130 0.576713 0.440916 0.576713 0.443470 0.576713 0.445560 0.579325 0.447185 0.584027 0.454847 0.593605 0.462741 0.600919 0.467385 0.608755 0.469010 0.612412 0.476672 0.616765 0.480620 0.623557 0.481780 0.628258 0.479459 0.632960 0.475279 0.634876 0.471332 0.655947 0.475279 0.678759 0.479691 0.692167 0.482941 0.702616 0.484102 0.704531 0.489675 0.707840 0.492693 0.712542 0.493622 0.719681 0.493390 0.722990 0.488514 0.728911 0.487121 0.731349 0.484334 0.731000 0.481780 0.734657 0.471796 0.734135 0.469475 0.732916 0.466921 0.732219 0.459955 0.728737 0.456008 0.717940 0.447881 0.707143 0.442077 0.698088 0.439987 0.690600 0.432325 0.677888 0.419555 0.665872 0.412589 0.656991 0.408410 0.646891 0.405624
0 0.999431 0.665040 0.949518 0.626935 0.922550 0.612981 0.905644 0.605467 0.886726 0.604931 0.858147 0.605467 0.842449 0.609224 0.826751 0.612981 0.797367 0.620495 0.779656 0.625862 0.767581 0.628545 0.764360 0.632838 0.763958 0.636595 0.759933 0.643572 0.755102 0.651086 0.751480 0.657526 0.748662 0.668797 0.749065 0.672554 0.747857 0.681677 0.751077 0.693484 0.753895 0.697241 0.762348 0.709585 0.768386 0.717099 0.782071 0.736420 0.795757 0.754667 0.809442 0.767548 0.821920 0.773451 0.850499 0.783112 0.855329 0.790625 0.860160 0.800286 0.874248 0.806189 0.884311 0.802969 0.893971 0.798139 0.902021 0.789552 0.904839 0.787405 0.941871 0.785258 0.970449 0.784722 0.999833 0.785258 0.999431 0.665040
0 0.168007 0.294401 0.156233 0.293635 0.149197 0.296315 0.142305 0.298613 0.140869 0.299762 0.134982 0.301102 0.131823 0.305697 0.126223 0.313929 0.122920 0.318332 0.120623 0.320055 0.120336 0.324076 0.120479 0.325607 0.120479 0.329819 0.119618 0.335180 0.118613 0.339583 0.118756 0.344178 0.120049 0.347433 0.120766 0.352219 0.124931 0.355091 0.126079 0.360260 0.128089 0.363323 0.130674 0.364855 0.136274 0.364855 0.139433 0.364280 0.141300 0.360834 0.148479 0.359877 0.156520 0.361026 0.165997 0.361792 0.170017 0.363898 0.175761 0.364663 0.177915 0.370407 0.180212 0.374044 0.183514 0.374236 0.188684 0.372896 0.191699 0.368684 0.193422 0.362940 0.194284 0.360069 0.201607 0.355091 0.209073 0.351645 0.210796 0.355091 0.213955 0.356622 0.218406 0.357197 0.220129 0.356048 0.222140 0.349922 0.223145 0.345327 0.223863 0.342838 0.224581 0.340158 0.224581 0.335563 0.224294 0.329436 0.221853 0.322353 0.220847 0.319290 0.217688 0.316609 0.213668 0.315652 0.211514 0.311823 0.209504 0.311823 0.205053 0.306271 0.200314 0.301867 0.189689 0.298804 0.177771 0.296890 0.168294 0.294592
0 0.223408 0.288147 0.217743 0.292088 0.213926 0.296357 0.211094 0.299805 0.208754 0.298491 0.207523 0.298819 0.206415 0.301446 0.208262 0.303417 0.205676 0.306536 0.209370 0.311462 0.211217 0.311626 0.213680 0.315238 0.217497 0.316551 0.219590 0.317865 0.220576 0.319342 0.223038 0.324268 0.224147 0.327552 0.225132 0.331985 0.225009 0.336089 0.224516 0.340194 0.229072 0.341015 0.234736 0.341343 0.236460 0.345119 0.238923 0.345119 0.241263 0.345448 0.243233 0.344134 0.244095 0.342492 0.244711 0.338059 0.251976 0.334119 0.256778 0.331328 0.258379 0.334119 0.261211 0.335104 0.263428 0.334119 0.265028 0.330671 0.265644 0.326238 0.265767 0.323119 0.267245 0.318193 0.267122 0.314745 0.266629 0.309163 0.266137 0.303581 0.263551 0.300133 0.262443 0.300133 0.255547 0.292909 0.250006 0.290939 0.245942 0.290118 0.243726 0.288312 0.242125 0.289297 0.233998 0.288147 0.223161 0.288147
0 0.483160 0.307811 0.476518 0.305078 0.469055 0.303438 0.463150 0.302235 0.457573 0.301579 0.453555 0.302344 0.448224 0.304422 0.440844 0.307046 0.435431 0.307265 0.428788 0.309561 0.428050 0.310982 0.426820 0.313497 0.426656 0.316231 0.426164 0.318527 0.428132 0.320714 0.431166 0.322682 0.434775 0.323557 0.435923 0.325197 0.437727 0.327384 0.440187 0.327931 0.442402 0.327494 0.444616 0.325963 0.453637 0.327494 0.462494 0.329134 0.470613 0.330446 0.472335 0.332961 0.474467 0.333617 0.477010 0.333726 0.479224 0.332524 0.479880 0.330774 0.484719 0.331102 0.487343 0.330227 0.487999 0.326728 0.487753 0.324760 0.487425 0.321589 0.487507 0.317981 0.486687 0.316012 0.484391 0.310436 0.483324 0.307921