1 0.078768 0.937146 0.037314 0.956279 0.012335 0.969034 0.000111 0.969742 -0.000420 1.000213 0.081425 1.000213 0.081957 0.935020
1 0.643181 0.808886 0.824941 1.000213 0.409869 1.000213
1 0.507658 0.663620 0.635209 0.799674 0.383296 1.000213 0.100026 1.000213 0.098963 0.927225 0.124474 0.912344 0.149984 0.887543 0.182403 0.855655 0.202599 0.818807 0.207913 0.780542
1 0.081367 0.643465 0.082260 0.718465 0.065742 0.724417 0.048331 0.732155 0.029135 0.741084 0.006813 0.754179 -0.000330 0.760131 -0.000330 0.661322
1 -0.000330 0.558346 0.009938 0.567870 0.025117 0.572036 0.042974 0.575012 0.071545 0.575608 0.080027 0.573227 0.081367 0.636917 0.001010 0.655370
1 0.078242 0.479774 0.077349 0.502989 0.057706 0.507750 0.037617 0.512512 0.017527 0.520846 0.005474 0.531560 -0.000330 0.533941 -0.000330 0.482750
1 0.091635 0.641679 0.094313 0.716084 0.111724 0.714298 0.134938 0.714893 0.156813 0.719655 0.178242 0.727393 0.193867 0.742274 0.201456 0.756560 0.206813 0.771441 0.502795 0.658941 0.421099 0.573227
1 0.152137 0.535168 0.150784 0.541932 0.144697 0.547794 0.137594 0.553656 0.127110 0.559067 0.114258 0.564478 0.105127 0.567184 0.089569 0.572595 0.091260 0.635727 0.418303 0.569439 0.362838 0.511268
1 0.086526 0.479251 0.086864 0.503151 0.101068 0.504053 0.115611 0.504504 0.130154 0.508562 0.139962 0.513522 0.147064 0.518934 0.150108 0.527952 0.150784 0.530658 0.152137 0.532011 0.360809 0.509013 0.321577 0.466625
1 0.291028 0.432820 0.320790 0.464896 0.085919 0.475478 0.086167 0.450015 0.097823 0.450015 0.112208 0.445055 0.121385 0.442079 0.126593 0.437780 0.127833 0.435465
1 0.022427 0.437780 0.025403 0.441087 0.032843 0.447039 0.041276 0.448693 0.054669 0.452000 0.062605 0.452661 0.077486 0.451669 0.076742 0.476801 -0.000391 0.479777 -0.000391 0.438111
1 0.000353 0.402727 0.079718 0.403058 0.079718 0.414301 0.068805 0.414301 0.054421 0.416285 0.045740 0.416947 0.037059 0.418931 0.029371 0.422568 0.025403 0.426537 0.022923 0.429513 0.021186 0.435796 0.000353 0.435796
1 0.000105 0.377264 0.080214 0.379579 0.080214 0.401404 0.000353 0.401074
1 0.085175 0.403719 0.085423 0.414301 0.096583 0.415955 0.107496 0.417277 0.117417 0.419261 0.124113 0.424553 0.127337 0.428521 0.128329 0.433150 0.289540 0.431497 0.266970 0.406695
1 0.084596 0.379550 0.085361 0.401769 0.266378 0.405439 0.248185 0.385665
1 0.084749 0.361000 0.084902 0.377715 0.247420 0.384646 0.233355 0.368950
1 0.084902 0.358757 0.232743 0.367727 0.220971 0.354680 0.084138 0.346526
1 0.084471 0.344618 0.220167 0.353753 0.209891 0.342998 0.083587 0.332684
1 0.084250 0.330621 0.208785 0.342114 0.200166 0.332684 0.083145 0.321781
1 0.082592 0.312794 0.083808 0.320161 0.199282 0.331800 0.192763 0.324139
1 0.083918 0.304838 0.083697 0.311468 0.191768 0.323107 0.186133 0.316772
1 0.085023 0.299092 0.084802 0.303217 0.184475 0.315740 0.179834 0.309700
1 0.174419 0.303806 0.178618 0.309110 0.085355 0.298502 0.084250 0.293198
1 0.979227 0.736809 0.999857 0.749435 0.999857 0.660600
1 0.914629 0.560583 0.999832 0.596152 1.000104 0.635351 0.996021 0.646602 0.883325 0.591797
1 0.825071 0.645151 0.970705 0.731533 0.995204 0.649506 0.881691 0.593249
1 0.715642 0.579457 0.820988 0.641521 0.876519 0.591071 0.823438 0.564213 0.814183 0.565302 0.804111 0.564213 0.794311 0.561672 0.784511 0.558405 0.778523 0.554050
1 0.837716 0.526979 0.808867 0.541299 0.814763 0.544387 0.820870 0.549441 0.824239 0.555057 0.824871 0.560391 0.824871 0.563199 0.878147 0.589592 0.911419 0.558988
1 0.630556 0.529102 0.712801 0.577637 0.774786 0.551080 0.770150 0.548333 0.762080 0.543754 0.757959 0.540320 0.756586 0.535512 0.757273 0.530704 0.716751 0.510787
1 0.834882 0.525439 0.774100 0.497966 0.720185 0.509871 0.757788 0.529331 0.764999 0.527041 0.774786 0.528186 0.782341 0.529789 0.792472 0.533681 0.801572 0.538030 0.804834 0.539862
1 0.656998 0.479422 0.715549 0.508268 0.770837 0.497050 0.717437 0.472554
1 0.563769 0.489750 0.628270 0.527436 0.713207 0.508883 0.654649 0.479701
1 0.632473 0.453031 0.632328 0.456510 0.631168 0.459795 0.630009 0.462887 0.628559 0.465593 0.653925 0.478348 0.715816 0.471584 0.668854 0.451678
1 0.667115 0.450325 0.632473 0.438150 0.632183 0.441435 0.632763 0.445494 0.632473 0.452451
1 0.677632 0.417417 0.658877 0.418645 0.587771 0.391337 0.609977 0.391798
1 0.531277 0.369706 0.552678 0.371087 0.607216 0.391031 0.586045 0.390570
1 0.524555 0.414957 0.539568 0.422727 0.541642 0.422200 0.546580 0.422727 0.548161 0.422990 0.552704 0.419961 0.557741 0.416406
1 0.529987 0.433657 0.528506 0.437739 0.526728 0.440110 0.525642 0.442743 0.525345 0.447484 0.525049 0.450908 0.524950 0.456703 0.510036 0.457493 0.469542 0.433394
1 0.521493 0.414957 0.537889 0.423385 0.537099 0.424570 0.536802 0.426414 0.537494 0.429048 0.535914 0.429838 0.533839 0.431023 0.531173 0.431945 0.468258 0.432208 0.434629 0.412155
1 0.506908 0.400250 0.506483 0.401668 0.505739 0.402943 0.504888 0.403935 0.503294 0.404502 0.521576 0.413997 0.558987 0.415515 0.562612 0.413480 0.567859 0.410427 0.569290 0.409919 0.556412 0.402796
1 0.506141 0.389060 0.505950 0.390840 0.506809 0.392112 0.506713 0.395038 0.507286 0.396310 0.507286 0.399235 0.555076 0.401779 0.527890 0.390840
1 0.402165 0.380384 0.402425 0.383268 0.402944 0.386613 0.402165 0.389382 0.401906 0.391343 0.379758 0.379230
1 0.357869 0.366426 0.378892 0.378192 0.402165 0.379230 0.402339 0.378538 0.404328 0.377154 0.405194 0.373924 0.407270 0.371617 0.407962 0.370925
1 0.339873 0.355236 0.357436 0.365388 0.409173 0.370002 0.413326 0.369540 0.420767 0.368502 0.420767 0.367464 0.422237 0.365618 0.416008 0.362388
1 0.443867 0.358697 0.440147 0.360312 0.437378 0.362504 0.435042 0.363773 0.416873 0.361927 0.404848 0.355813 0.407443 0.355582 0.409346 0.355006
1 0.420594 0.363427 0.424227 0.365849 0.426477 0.365388 0.429851 0.365849 0.431495 0.366080 0.433225 0.364465
1 0.438589 0.352006 0.448712 0.357197 0.445338 0.358005 0.409692 0.353737 0.410471 0.352237 0.410471 0.348892
1 0.409779 0.343585 0.410298 0.346008 0.410644 0.347853 0.437551 0.351083 0.422930 0.345085
1 0.421113 0.344162 0.409606 0.342547 0.409087 0.339548
1 0.295893 0.329187 0.308989 0.335983 0.327505 0.338047 0.329053 0.333058
1 0.309441 0.336929 0.322602 0.344670 0.327053 0.344670 0.327053 0.342176 0.327376 0.338735
1 0.265113 0.310402 0.274771 0.311799 0.274361 0.310281 0.273039 0.310463 0.272037 0.309430 0.269896 0.308458 0.268894 0.307608 0.257597 0.306029
1 0.247575 0.301109 0.256412 0.305300 0.268894 0.307001 0.268575 0.305664 0.268347 0.303782
1 0.219687 0.286001 0.228742 0.289651 0.237544 0.290101 0.236660 0.288304
0 0.772180 0.434223 0.765219 0.434518 0.760798 0.436433 0.760025 0.438938 0.758588 0.441443 0.758588 0.444242 0.758478 0.446010 0.757483 0.447336 0.757262 0.448515 0.758588 0.450136 0.760025 0.452051 0.761461 0.452640 0.762345 0.455882 0.763671 0.458092 0.766545 0.459565 0.770412 0.460596 0.773396 0.459860 0.774611 0.458386 0.775053 0.457797 0.815276 0.473709 0.816049 0.476656 0.817597 0.479897 0.822238 0.481666 0.826105 0.482697 0.828426 0.481960 0.831630 0.479308 0.841686 0.480634 0.847322 0.482402 0.852736 0.480634 0.853952 0.478277 0.853620 0.475772 0.855167 0.473267 0.854173 0.469437 0.854615 0.463985 0.856162 0.461186 0.854725 0.458976 0.852184 0.457797 0.842791 0.448810 0.837708 0.445126 0.833509 0.441885 0.830194 0.440853 0.825332 0.438791 0.816713 0.435844 0.809972 0.433487 0.801242 0.434076 0.793507 0.435549 0.789308 0.436875 0.776711 0.434665 0.772180 0.434518
0 0.689304 0.391643 0.689193 0.393411 0.686541 0.395032 0.683447 0.397095 0.680905 0.398715 0.680353 0.400336 0.679358 0.402399 0.678916 0.404461 0.678032 0.405787 0.677259 0.406966 0.677148 0.408439 0.676706 0.412860 0.677259 0.414922 0.679469 0.417427 0.681016 0.418900 0.681789 0.418900 0.682010 0.421847 0.683005 0.424352 0.683999 0.426414 0.686762 0.427888 0.689525 0.427888 0.691403 0.427593 0.694497 0.425236 0.723228 0.437465 0.723670 0.440853 0.724996 0.442179 0.728311 0.444242 0.732289 0.445421 0.734720 0.444537 0.737924 0.442032 0.744002 0.444095 0.747980 0.441148 0.754942 0.438938 0.755936 0.435991 0.756157 0.431571 0.756157 0.428330 0.751958 0.421700 0.745770 0.418164 0.742566 0.415954 0.740466 0.413449 0.735162 0.407555 0.730521 0.401662 0.724112 0.399010 0.716266 0.395916 0.706210 0.394001 0.697923 0.391938 0.694497 0.391201 0.691403 0.390906 0.689193 0.391643
0 0.547068 0.423710 0.539925 0.426686 0.535818 0.428829 0.529925 0.433234 0.529390 0.435258 0.528229 0.437758 0.527157 0.439544 0.525282 0.442758 0.525461 0.445377 0.525193 0.448948 0.524747 0.455615 0.524925 0.458353 0.527068 0.459424 0.530193 0.461924 0.541532 0.467996 0.548675 0.472163 0.555282 0.474544 0.564925 0.477163 0.567872 0.480377 0.569925 0.482163 0.574479 0.483353 0.577872 0.481924 0.579122 0.478948 0.581354 0.475139 0.614122 0.471210 0.615015 0.473710 0.616711 0.475972 0.620372 0.476448 0.623586 0.474424 0.625640 0.471805 0.626711 0.468948 0.627068 0.466567 0.628050 0.465258 0.630104 0.462163 0.632604 0.456448 0.632782 0.451210 0.632961 0.445496 0.632425 0.440734 0.632157 0.437996 0.630282 0.434901 0.627782 0.427758 0.625997 0.424305 0.625461 0.422520 0.617515 0.418115 0.608675 0.414663 0.608140 0.412282 0.604925 0.413472 0.595282 0.410972 0.585193 0.409067 0.573943 0.408710 0.569568 0.410020 0.562425 0.413234 0.557961 0.416567 0.553140 0.419544 0.546711 0.423710
0 0.430287 0.367181 0.422939 0.368198 0.415383 0.369307 0.409144 0.370509 0.406926 0.372357 0.404916 0.374576 0.404431 0.376886 0.403391 0.377811 0.402351 0.378643 0.402282 0.380214 0.401935 0.382802 0.402212 0.384650 0.402351 0.386684 0.402143 0.388348 0.402004 0.389919 0.402143 0.391398 0.403322 0.393801 0.405748 0.394540 0.409144 0.397036 0.412125 0.397498 0.414136 0.398792 0.419404 0.400086 0.425435 0.403044 0.426613 0.406094 0.429386 0.408589 0.435487 0.409329 0.438259 0.409144 0.440616 0.406926 0.441864 0.404800 0.484289 0.406371 0.484843 0.409051 0.486646 0.411177 0.490944 0.411639 0.493994 0.412286 0.495657 0.411085 0.497668 0.408220 0.498430 0.405817 0.502451 0.404800 0.505016 0.403413 0.506402 0.401750 0.506749 0.398977 0.507789 0.396389 0.506749 0.394540 0.507095 0.391952 0.505709 0.390473 0.506402 0.387516 0.506333 0.384373 0.506263 0.379937 0.505362 0.377996 0.501758 0.376424 0.496351 0.371710 0.491013 0.367828 0.482209 0.363392 0.481724 0.361266 0.478466 0.362006 0.471118 0.359787 0.465087 0.357569 0.458432 0.356830 0.450183 0.357384 0.444152 0.358955 0.439091 0.361359 0.432852 0.364963 0.430287 0.366812
0 0.497982 0.329685 0.495974 0.332283 0.493730 0.335432 0.493081 0.337795 0.492018 0.342519 0.491427 0.345432 0.491545 0.348424 0.493553 0.350471 0.493848 0.351731 0.494380 0.353935 0.494970 0.355274 0.496269 0.356297 0.498454 0.357163 0.499517 0.356455 0.500285 0.355825 0.501348 0.354723 0.501525 0.354093 0.516524 0.359998 0.516819 0.362596 0.517764 0.363935 0.519890 0.364958 0.522606 0.365194 0.524614 0.364092 0.524968 0.363305 0.528866 0.363620 0.532173 0.364565 0.533531 0.366297 0.535421 0.366297 0.536661 0.366218 0.537546 0.365273 0.538727 0.364407 0.540440 0.362360 0.541267 0.359132 0.540971 0.355904 0.540263 0.352439 0.540145 0.350707 0.538491 0.349447 0.536661 0.348030 0.532114 0.345274 0.530637 0.344645 0.530047 0.342597 0.528866 0.341023 0.528039 0.339369 0.525500 0.336141 0.521780 0.333779 0.518059 0.332834 0.513985 0.331260 0.510442 0.330551 0.508316 0.330472 0.506722 0.328819 0.505600 0.329764 0.502588 0.329291 0.497746 0.329685
0 0.494558 0.333957 0.494168 0.332722 0.493048 0.329473 0.489490 0.326939 0.485201 0.325249 0.480717 0.323885 0.476769 0.322975 0.472188 0.322390 0.467753 0.323625 0.463464 0.325834 0.460638 0.326159 0.458932 0.327199 0.457665 0.329083 0.456446 0.332917 0.456349 0.336166 0.456885 0.337401 0.457908 0.339675 0.459517 0.340845 0.461027 0.340780 0.462002 0.339935 0.462343 0.339415 0.474381 0.343509 0.475064 0.345394 0.475551 0.346369 0.476818 0.347343 0.479499 0.347733 0.480863 0.347278 0.481594 0.345654 0.484811 0.345914 0.487540 0.346823 0.488174 0.347993 0.489197 0.349553 0.491244 0.349553 0.491634 0.348708 0.491439 0.346499 0.491293 0.344744 0.493535 0.335257 0.494461 0.333437
0 0.470472 0.306518 0.470426 0.305283 0.468064 0.304109 0.467138 0.303368 0.465980 0.300713 0.463341 0.299417 0.459404 0.298305 0.456394 0.298243 0.454495 0.298676 0.452921 0.299787 0.452273 0.301640 0.452365 0.302936 0.453430 0.304603 0.453291 0.306147 0.454079 0.306950 0.455190 0.307135 0.455931 0.306209 0.457876 0.307073 0.459173 0.307320 0.459451 0.308061 0.460886 0.308246 0.460886 0.308185 0.461673 0.309173 0.463572 0.309728 0.464776 0.309543 0.467462 0.308802 0.468713 0.308246 0.470287 0.306332
0 0.431618 0.311396 0.429303 0.314112 0.427450 0.314915 0.427960 0.316767 0.427404 0.319176 0.427589 0.320843 0.427219 0.323374 0.427358 0.324856 0.427358 0.327079 0.428099 0.328808 0.428423 0.329240 0.429859 0.329920 0.431433 0.330105 0.432220 0.329487 0.433100 0.328314 0.441436 0.331154 0.442131 0.333316 0.442733 0.334304 0.444492 0.335230 0.447549 0.335538 0.448197 0.334736 0.449170 0.333624 0.452921 0.334859 0.455746 0.335415 0.456070 0.335045 0.456672 0.331834 0.457135 0.329920 0.457922 0.327820 0.459265 0.326832 0.460747 0.326091 0.460006 0.324856 0.458247 0.323374 0.455514 0.321892 0.455422 0.320719 0.454495 0.319917 0.453338 0.318373 0.451809 0.315656 0.449448 0.314112 0.446901 0.313001 0.443566 0.312136 0.439769 0.311457 0.436712 0.310778 0.433980 0.310716 0.431294 0.311210
0 0.408977 0.302238 0.406387 0.302992 0.404456 0.305064 0.403797 0.305943 0.401819 0.306822 0.400124 0.308140 0.398994 0.309584 0.398617 0.311091 0.399182 0.312724 0.399747 0.313729 0.401066 0.315424 0.401443 0.316491 0.401819 0.318689 0.403185 0.318061 0.406105 0.318249 0.408648 0.319003 0.409260 0.319819 0.410484 0.321200 0.412933 0.323147 0.413875 0.323084 0.415382 0.321766 0.421692 0.320886 0.423058 0.321891 0.423246 0.323021 0.423858 0.324214 0.425648 0.324591 0.427202 0.323712 0.427296 0.321828 0.427578 0.318877 0.427673 0.316931 0.427249 0.315110 0.426966 0.312347 0.426213 0.311531 0.424564 0.307512 0.424612 0.306319 0.422257 0.304875 0.419573 0.304247 0.415853 0.303557 0.413263 0.302678 0.411190 0.302301 0.408695 0.302050
0 0.403279 0.305817 0.403138 0.304310 0.401066 0.300417 0.399794 0.299162 0.396686 0.298408 0.393013 0.297278 0.389575 0.296336 0.387174 0.296901 0.385243 0.297780 0.384066 0.299413 0.383077 0.299475 0.382936 0.299978 0.382135 0.300731 0.380345 0.300355 0.379922 0.301045 0.379074 0.302678 0.378697 0.304247 0.381146 0.304750 0.383783 0.305315 0.386185 0.305817 0.389575 0.307073 0.392401 0.308015 0.394661 0.309082 0.396451 0.310087 0.397864 0.310589 0.398193 0.310589 0.398947 0.309961 0.399370 0.308705 0.401678 0.307261 0.403326 0.305880
0 0.360891 0.276578 0.360097 0.284166 0.360980 0.284519 0.362259 0.285225 0.364244 0.285225 0.366273 0.285519 0.368788 0.285872 0.370155 0.285931 0.370949 0.284989 0.370905 0.283460 0.370949 0.282401 0.368567 0.281049 0.366935 0.279343 0.364597 0.277637 0.361950 0.276814 0.360891 0.276520
0 0.380037 0.300517 0.379992 0.295871 0.378890 0.294283 0.377743 0.292224 0.377390 0.290871 0.375405 0.289342 0.371920 0.287813 0.366185 0.286989 0.362656 0.286989 0.359524 0.288813 0.356877 0.290283 0.355245 0.291695 0.353966 0.293694 0.353216 0.296635 0.354186 0.298047 0.354363 0.298870 0.355818 0.299341 0.358200 0.299635 0.360494 0.300164 0.362127 0.300341 0.363494 0.300988 0.364994 0.301341 0.366979 0.302105 0.369185 0.302870 0.370023 0.304282 0.376552 0.303694 0.378316 0.303988 0.379772 0.300400
0 0.340864 0.282401 0.338526 0.285284 0.337996 0.287224 0.337776 0.290754 0.337776 0.292753 0.338041 0.294400 0.339187 0.295635 0.340334 0.295518 0.340952 0.294753 0.346643 0.296400 0.346643 0.297871 0.348451 0.299223 0.349422 0.298929 0.350392 0.298165 0.351054 0.297047 0.353304 0.296753 0.354495 0.292636 0.356039 0.291106 0.358686 0.288930 0.356524 0.286695 0.353789 0.283637 0.350481 0.282401 0.345981 0.281931 0.342628 0.281696 0.340643 0.282637
0 0.302348 0.269206 0.305176 0.269138 0.307550 0.267455 0.311842 0.267522 0.314519 0.268465 0.316185 0.269677 0.317801 0.270754 0.319468 0.271495 0.319215 0.274256 0.318660 0.276478 0.317751 0.276478 0.316488 0.277218 0.315377 0.275333 0.314115 0.275131 0.312347 0.275198 0.312095 0.275737 0.310832 0.275131 0.310125 0.275064 0.309418 0.275400 0.308509 0.275064 0.306994 0.274525 0.306136 0.274121 0.304924 0.274256 0.304318 0.274390 0.303106 0.274525 0.302146 0.274121 0.302247 0.269206
0 0.048781 0.309013 0.035939 0.301063 0.025848 0.299228 0.005514 0.294336 0.000163 0.293928 0.000010 0.364052 0.032117 0.367110 0.036550 0.371595 0.042513 0.373226 0.047100 0.373022 0.050922 0.371187 0.053521 0.368537
0 0.000163 0.263555 0.010254 0.263759 0.019121 0.266205 0.032575 0.273747 0.039302 0.276805 0.047100 0.279863 0.049240 0.308606 0.036245 0.301063 0.021873 0.298413 0.003833 0.294132 0.000010 0.293928
0 0.094981 0.267170 0.091071 0.273470 0.090989 0.278683 0.091233 0.282702 0.091478 0.285635 0.093922 0.288242 0.095551 0.289002 0.097832 0.290414 0.098402 0.293347 0.101742 0.295628 0.103698 0.296389 0.108748 0.295194 0.110622 0.291935 0.147037 0.295845 0.148829 0.299430 0.152251 0.300190 0.155021 0.300733 0.157465 0.299864 0.158442 0.296714 0.166752 0.297040 0.167485 0.294868 0.167240 0.292913 0.167240 0.289980 0.166589 0.287047 0.163004 0.283463 0.154532 0.279335 0.148748 0.276946 0.142312 0.273035 0.136691 0.269777 0.129766 0.266518 0.122923 0.264454 0.112496 0.263585 0.105001 0.263477 0.100113 0.264997 0.095225 0.267713
0 0.163656 0.284549 0.163982 0.282268 0.159501 0.279552 0.154206 0.276837 0.148015 0.274665 0.144349 0.272927 0.140357 0.269885 0.133921 0.265758 0.126834 0.263368 0.117465 0.262065 0.113799 0.262282 0.106875 0.262390 0.105490 0.263368 0.112659 0.264020 0.120154 0.264454 0.125856 0.265432 0.130500 0.267170 0.138891 0.270428 0.146385 0.275425 0.149562 0.277054 0.163330 0.283897
0 0.118687 0.250442 0.109563 0.258263 0.104268 0.258697 0.096203 0.260653 0.093596 0.262173 0.092455 0.266409 0.093596 0.269016 0.095551 0.267713 0.101661 0.265323 0.106630 0.263042 0.108911 0.261847 0.119502 0.262065 0.126834 0.263368 0.134247 0.266409 0.140927 0.270428 0.145815 0.273796 0.154532 0.276511 0.157139 0.278249 0.159501 0.278140 0.160723 0.275968 0.163004 0.276294 0.162678 0.271297 0.162760 0.266084 0.161130 0.263911 0.157872 0.263368 0.156405 0.255439 0.152251 0.254461 0.147363 0.253049 0.138483 0.251311 0.130418 0.250659 0.122597 0.249465 0.118035 0.250334
0 0.143453 0.252180 0.140764 0.248270 0.133432 0.246423 0.124797 0.244903 0.119339 0.244468 0.115021 0.244359 0.109563 0.246097 0.105897 0.247835 0.102476 0.248813 0.096936 0.249139 0.091967 0.250442 0.092537 0.254244 0.092944 0.256634 0.097506 0.256851 0.096855 0.259349 0.100602 0.259566 0.105408 0.258589 0.109807 0.257720 0.113718 0.253918 0.119746 0.250008 0.124390 0.249465 0.137424 0.250659 0.143615 0.252072
0 0.407964 0.337193 0.402717 0.335528 0.399135 0.334084 0.394388 0.329642 0.386892 0.325866 0.379229 0.323756 0.371567 0.322090 0.364903 0.321202 0.361405 0.321424 0.356991 0.323645 0.351161 0.327088 0.348662 0.328420 0.343165 0.328865 0.336085 0.329642 0.331088 0.331308 0.329755 0.332640 0.329006 0.334861 0.327757 0.337860 0.327340 0.339970 0.327007 0.344412 0.329006 0.346300 0.333420 0.348410 0.336502 0.350631 0.340333 0.352074 0.344664 0.352408 0.345164 0.352741 0.346913 0.354517 0.349578 0.356294 0.351994 0.356627 0.355075 0.356850 0.357741 0.355961 0.359323 0.353185 0.390890 0.355739 0.391722 0.357849 0.392972 0.359182 0.395304 0.360292 0.398552 0.360625 0.400051 0.360625 0.401301 0.358737 0.401717 0.357294 0.402217 0.355961 0.406298 0.354962 0.410046 0.353962 0.410046 0.351186 0.410379 0.347632 0.409963 0.345300 0.408047 0.337304
0 0.358407 0.309986 0.351827 0.310097 0.349578 0.310985 0.348912 0.311651 0.348579 0.313206 0.348079 0.314650 0.348079 0.316094 0.348246 0.318204 0.348329 0.319869 0.348829 0.321202 0.349162 0.322312 0.349328 0.323534 0.350411 0.324756 0.352410 0.325866 0.355658 0.324645 0.359490 0.322312 0.361489 0.321535 0.365986 0.321424 0.372733 0.322090 0.376897 0.323201 0.383394 0.324756 0.389390 0.327310 0.393388 0.328753 0.396303 0.330974 0.398386 0.333418 0.398719 0.332418 0.400968 0.331974 0.402383 0.329531 0.402550 0.327976 0.402050 0.325977 0.401800 0.322201 0.401717 0.318981 0.401301 0.316316 0.400051 0.314761 0.398302 0.311318 0.394887 0.309653 0.390806 0.307765 0.385726 0.306432 0.378063 0.304433 0.373649 0.304322 0.369151 0.304877 0.366069 0.306099 0.362405 0.307543 0.358990 0.309430 0.358157 0.309764
0 0.369734 0.304433 0.368068 0.302878 0.362988 0.301324 0.358074 0.299991 0.352410 0.299436 0.349745 0.299103 0.344997 0.302767 0.342582 0.303212 0.338418 0.303545 0.334420 0.303545 0.330755 0.303878 0.333087 0.304877 0.335419 0.306543 0.337751 0.308209 0.339667 0.310208 0.341416 0.311318 0.347746 0.313539 0.349162 0.311318 0.351994 0.310097 0.358573 0.310208 0.363404 0.307098 0.369401 0.304433
0 0.280827 0.308325 0.278633 0.310666 0.277504 0.314679 0.277065 0.317270 0.277692 0.319444 0.281204 0.321367 0.284088 0.322370 0.285655 0.323624 0.290609 0.324042 0.291110 0.325547 0.292866 0.327219 0.294998 0.327971 0.299261 0.327386 0.301456 0.325045 0.330361 0.329058 0.331615 0.330563 0.335252 0.329811 0.339327 0.329058 0.344531 0.328389 0.347792 0.328139 0.349108 0.323373 0.348858 0.320949 0.348043 0.319360 0.348105 0.315598 0.348043 0.314512 0.347039 0.313592 0.343277 0.312672 0.340518 0.311251 0.339390 0.310081 0.335064 0.306653 0.329671 0.303811 0.323338 0.302055 0.318448 0.301052 0.313683 0.300299 0.307162 0.300550 0.302585 0.302640 0.298384 0.304647 0.296126 0.305315 0.289543 0.305650 0.284339 0.306486 0.280639 0.308576
0 0.331239 0.303309 0.329358 0.300885 0.327226 0.296955 0.323589 0.294949 0.315187 0.292107 0.304152 0.289682 0.297882 0.289682 0.295562 0.289599 0.292364 0.291020 0.287035 0.294029 0.281831 0.294364 0.274683 0.295283 0.271548 0.295618 0.269541 0.299213 0.268538 0.303058 0.268287 0.305650 0.268789 0.307740 0.270294 0.309245 0.272802 0.310248 0.278319 0.310917 0.280075 0.308242 0.282771 0.307322 0.286471 0.305984 0.293995 0.305315 0.297067 0.305315 0.301017 0.303309 0.307475 0.300383 0.313808 0.300467 0.321144 0.301470 0.327978 0.303393 0.329609 0.303811 0.331239 0.302807
0 0.345033 0.302557 0.340518 0.300885 0.338700 0.298627 0.335252 0.294698 0.330236 0.292190 0.324467 0.290267 0.316191 0.288930 0.309732 0.288679 0.310046 0.290518 0.313369 0.291438 0.318699 0.293193 0.325972 0.295952 0.327163 0.296788 0.329985 0.301219 0.331490 0.303643 0.337133 0.303560 0.342086 0.303309 0.344719 0.302724
0 0.337697 0.297039 0.337321 0.294029 0.333684 0.292608 0.331301 0.290435 0.325909 0.286923 0.321457 0.285251 0.315187 0.284248 0.310548 0.283830 0.306660 0.285418 0.303776 0.287341 0.298446 0.287592 0.296691 0.287592 0.296879 0.289348 0.300077 0.289264 0.304654 0.289431 0.309983 0.290602 0.309419 0.288595 0.315940 0.288846 0.322837 0.290100 0.326787 0.291103 0.333308 0.293361 0.337321 0.296705
0 0.307119 0.284927 0.304470 0.282147 0.300693 0.278539 0.297255 0.275833 0.290885 0.274706 0.284234 0.273579 0.281021 0.273804 0.279443 0.276810 0.284008 0.278990 0.288856 0.280944 0.292238 0.282147 0.296860 0.287107 0.304019 0.287257 0.306893 0.284852
0 0.297029 0.289362 0.296747 0.287558 0.292012 0.282447 0.285981 0.280042 0.278823 0.278614 0.271777 0.277787 0.267493 0.277787 0.262758 0.280643 0.257403 0.282823 0.253739 0.283124 0.248328 0.283650 0.242973 0.284927 0.241733 0.288535 0.242015 0.293270 0.243875 0.294472 0.247201 0.295675 0.248948 0.297854 0.251710 0.299883 0.254641 0.300936 0.258023 0.301387 0.260052 0.300259 0.260898 0.298155 0.269522 0.299583 0.271326 0.295524 0.286488 0.294021 0.290941 0.291691 0.295902 0.289587 0.297029 0.289211
0 0.283614 0.279291 0.275497 0.276435 0.267042 0.274781 0.262645 0.274330 0.256332 0.277111 0.254359 0.278539 0.250413 0.279441 0.245171 0.279516 0.239309 0.280493 0.237562 0.281846 0.236716 0.284251 0.236829 0.288084 0.237280 0.289963 0.239647 0.291090 0.241677 0.291691 0.242015 0.288986 0.243029 0.285153 0.248441 0.283575 0.257290 0.282898 0.263096 0.280568 0.267155 0.278013 0.272228 0.277863 0.283388 0.279291
0 0.255205 0.277487 0.252104 0.276585 0.247539 0.272527 0.244720 0.270873 0.240831 0.268994 0.236998 0.268318 0.232770 0.268393 0.227359 0.269821 0.224935 0.271174 0.221046 0.270648 0.220088 0.273278 0.219750 0.275232 0.219637 0.279291 0.220595 0.281320 0.225105 0.283124 0.226908 0.284101 0.227697 0.285754 0.230178 0.286957 0.232770 0.287558 0.234574 0.286957 0.234800 0.285453 0.236885 0.285829 0.237054 0.283048 0.237956 0.281245 0.239535 0.280568 0.244946 0.279516 0.250357 0.279817 0.254246 0.278464 0.255092 0.277337
0 0.304188 0.281545 0.303737 0.279215 0.302215 0.275307 0.295056 0.272902 0.286883 0.271474 0.281754 0.271023 0.274031 0.275533 0.277075 0.276435 0.279330 0.276961 0.280908 0.273729 0.284741 0.273729 0.296916 0.275758 0.303342 0.281545
0 0.279217 0.272076 0.272397 0.271023 0.268225 0.273278 0.267493 0.274631 0.273580 0.275608 0.278766 0.272076
0 0.260221 0.275082 0.256388 0.272827 0.251428 0.270272 0.246524 0.269220 0.241564 0.269145 0.246130 0.271775 0.249681 0.274556 0.252048 0.276360 0.255261 0.277562 0.260278 0.275232
0 0.269804 0.271925 0.267211 0.269220 0.263265 0.266815 0.259038 0.265913 0.253288 0.266063 0.250357 0.268017 0.247990 0.269520 0.251597 0.270197 0.256163 0.272527 0.260278 0.274932 0.262420 0.274180 0.267267 0.274781 0.268395 0.273128 0.269747 0.271625
0 0.255994 0.265762 0.253232 0.263733 0.247651 0.262907 0.241226 0.263132 0.240944 0.263808 0.243368 0.265387 0.245509 0.265988 0.246468 0.267792 0.246637 0.268844 0.248102 0.269295 0.249906 0.268017 0.253288 0.266138 0.256107 0.265687
0 0.238431 0.268620 0.236616 0.266200 0.233984 0.263538 0.227814 0.260816 0.221826 0.259607 0.215383 0.258881 0.209894 0.258457 0.207444 0.261603 0.206582 0.263055 0.206536 0.266503 0.206083 0.270314 0.206310 0.272370 0.207671 0.274245 0.211164 0.275516 0.212344 0.276544 0.213296 0.277875 0.215519 0.279024 0.218786 0.279266 0.219739 0.278722 0.219875 0.275032 0.220737 0.271947 0.220964 0.270435 0.225001 0.271281 0.227905 0.269406 0.233213 0.268378 0.238385 0.268680
0 0.223368 0.259727 0.227905 0.259304 0.234257 0.260635 0.237932 0.262329 0.241606 0.264446 0.243784 0.265656 0.245372 0.266019 0.246325 0.267652 0.246461 0.268801 0.243376 0.269104 0.241516 0.269104 0.239792 0.268801 0.238340 0.268438 0.235346 0.264567 0.233712 0.263417 0.230173 0.262208 0.227179 0.260877 0.223640 0.259909
0 0.206310 0.262873 0.203224 0.263538 0.202589 0.264990 0.202181 0.267652 0.202181 0.269588 0.203860 0.271281 0.206083 0.271947
0 0.226952 0.257671 0.222733 0.255312 0.220737 0.255070 0.217833 0.254586 0.213387 0.253860 0.209440 0.253618 0.205175 0.255312 0.202907 0.256521 0.197826 0.256703 0.194831 0.257247 0.192154 0.258094 0.192245 0.261300 0.192064 0.263357 0.191701 0.264204 0.194196 0.265656 0.195829 0.266321 0.196555 0.267349 0.198506 0.269104 0.201137 0.269951 0.201954 0.269346 0.202589 0.264748 0.203587 0.263176 0.206672 0.262692 0.208805 0.258941 0.209894 0.258276 0.217924 0.259183 0.225319 0.259667 0.227451 0.259244 0.226816 0.257247