0 0.231844 0.518763 0.208508 0.519214 0.198024 0.515607 0.188554 0.516508 0.180099 0.519214 0.176041 0.521920 0.167924 0.528233 0.163189 0.533644 0.153043 0.538604 0.137485 0.548074 0.122266 0.559799 0.109753 0.571974 0.097916 0.586855 0.093519 0.589560 0.091152 0.594070 0.090813 0.599932 0.085740 0.602187 0.082358 0.614813 0.080667 0.627890 0.081005 0.637360 0.083035 0.646830 0.090137 0.659907 0.092843 0.662612 0.094872 0.672082 0.100283 0.677944 0.102989 0.679748 0.106709 0.689218 0.112797 0.700942 0.122605 0.710412 0.131736 0.717627 0.143235 0.718980 0.151690 0.716274 0.156087 0.712216 0.159807 0.707255 0.162513 0.703648 0.167586 0.703648 0.171306 0.701393 0.317072 0.732508 0.325188 0.737468 0.330261 0.748291 0.337364 0.758211 0.345819 0.766328 0.358671 0.771739 0.373551 0.773092 0.384374 0.764975 0.389109 0.758211 0.391138 0.752349 0.398917 0.746487 0.407372 0.736566 0.422253 0.730704 0.432061 0.720332 0.443560 0.701393 0.449309 0.675239 0.456073 0.650437 0.459793 0.645026 0.459117 0.627439 0.459793 0.606696 0.457764 0.596775 0.451676 0.589560 0.447956 0.575130 0.446942 0.569268 0.443898 0.557093 0.440516 0.549878 0.430708 0.548525 0.420900 0.543114 0.410754 0.533644 0.403313 0.526429 0.401622 0.521018 0.361376 0.507039 0.316057 0.496216 0.278516 0.492609 0.259915 0.501177 0.238947 0.513803
0 0.999955 0.332106 0.995027 0.332879 0.993432 0.334425 0.990823 0.336937 0.988649 0.341382 0.987779 0.344281 0.988939 0.346020 0.991258 0.346214 0.994592 0.346987 0.999810 0.347566
0 1.000100 0.381193 0.988504 0.376169 0.978358 0.372883 0.962414 0.369405 0.945311 0.367086 0.932266 0.366892 0.922410 0.369598 0.912843 0.372497 0.906901 0.375009 0.896030 0.375009 0.886174 0.375396 0.878057 0.377135 0.873853 0.379454 0.871679 0.382933 0.869070 0.384865 0.867911 0.388731 0.866751 0.392982 0.865446 0.396268 0.864287 0.399553 0.869360 0.403225 0.873418 0.406510 0.879216 0.409989 0.889652 0.414241 0.896320 0.416753 0.897044 0.420232 0.899074 0.421971 0.903857 0.424483 0.910524 0.424870 0.915597 0.421971 0.918786 0.419845 0.982127 0.429315 0.982272 0.432021 0.984011 0.435306 0.987635 0.436659 0.992273 0.438012 0.998940 0.438785 1.000100 0.438205
0 0.952123 0.354910 0.953573 0.358002 0.957051 0.362447 0.957196 0.368052 0.964443 0.369405 0.973865 0.371917 0.979518 0.373270 0.989954 0.376362 1.000100 0.381387 0.999955 0.348533 0.989664 0.347180 0.978503 0.346214 0.973720 0.347760 0.965603 0.352398 0.959950 0.354717
0 0.831095 0.362834 0.832254 0.356263 0.833994 0.350465 0.836313 0.347180 0.840661 0.343508 0.849792 0.341575 0.865157 0.340996 0.874143 0.337710 0.884434 0.333652 0.893856 0.333265 0.904726 0.334038 0.915887 0.336744 0.932846 0.341575 0.950384 0.349306 0.951688 0.352784 0.952848 0.356843 0.956906 0.362254 0.957196 0.368245 0.941687 0.366892 0.932121 0.367086 0.918641 0.370757 0.906756 0.375202 0.887768 0.375589 0.879216 0.377135 0.875158 0.378488 0.872259 0.381966 0.868490 0.383126 0.861823 0.382740 0.856605 0.382160 0.854286 0.380420 0.851967 0.376748 0.850517 0.374429 0.845879 0.373656 0.841676 0.371530 0.838777 0.369405 0.836313 0.367472 0.831095 0.363220
0 0.952848 0.355103 0.960095 0.354524 0.962124 0.353364 0.961690 0.350079 0.958356 0.348533 0.949369 0.344474 0.942557 0.341769 0.939513 0.337710 0.933135 0.332106 0.927483 0.328240 0.917626 0.324762 0.907335 0.323022 0.895740 0.322056 0.885594 0.322056 0.884579 0.323795 0.878057 0.327661 0.876317 0.330366 0.875158 0.332879 0.873998 0.335005 0.872259 0.338097 0.877042 0.336164 0.883999 0.333652 0.896030 0.334038 0.903567 0.333845 0.917047 0.337517 0.933135 0.341382 0.950819 0.349499
0 0.933280 0.313553 0.931251 0.314519 0.928932 0.319930 0.928497 0.324762 0.928642 0.328434 0.930382 0.329787 0.933280 0.329593 0.934875 0.327854 0.948500 0.332106 0.949369 0.334618 0.950529 0.336551 0.952848 0.337324 0.954587 0.337324 0.958211 0.336551 0.958646 0.334618 0.971401 0.338097 0.973140 0.340802 0.976184 0.340802 0.979373 0.339643 0.981257 0.336744 0.984156 0.334618 0.986330 0.329980 0.987635 0.320510 0.984156 0.314712 0.974734 0.309881 0.967487 0.308141 0.956906 0.306982 0.952268 0.306789 0.945021 0.309108 0.940962 0.311040 0.939368 0.311427 0.936469 0.312007
0 0.941602 0.298994 0.942194 0.300047 0.944762 0.300442 0.946737 0.299784 0.947725 0.300837 0.949108 0.301364 0.950886 0.301232 0.951775 0.300047 0.954935 0.299520 0.956022 0.297809 0.956022 0.295570 0.954441 0.293990 0.950984 0.291882 0.948417 0.290039 0.943379 0.286220 0.937552 0.284771 0.926391 0.284113 0.925305 0.285825 0.922737 0.287405 0.920465 0.289775 0.920367 0.292146 0.920465 0.294253 0.922243 0.295965 0.924120 0.297545 0.926391 0.298467 0.930342 0.298204 0.931527 0.297545
0 0.906638 0.297413 0.902095 0.297677 0.899527 0.299520 0.896070 0.301628 0.895280 0.301759 0.894588 0.303208 0.894391 0.305578 0.893304 0.307554 0.892514 0.310056 0.892712 0.311504 0.898045 0.312426 0.901700 0.313743 0.905848 0.316377 0.910490 0.319011 0.914539 0.322698 0.917897 0.323883 0.922539 0.324805 0.928367 0.325200 0.928861 0.319932 0.931429 0.314270 0.936367 0.311768 0.933404 0.309002 0.930540 0.305315 0.926391 0.301101 0.919774 0.298862 0.911478 0.297809
0 0.868612 0.278977 0.866341 0.281084 0.864761 0.282532 0.863378 0.283849 0.861798 0.289249 0.860810 0.293068 0.861007 0.294648 0.862588 0.295306 0.864168 0.293594 0.864168 0.295043 0.864267 0.296755 0.866538 0.297413 0.867131 0.297150 0.868415 0.295570 0.874341 0.296887 0.874637 0.298072 0.875822 0.298072 0.876810 0.298994 0.878390 0.300047 0.880168 0.300047 0.881156 0.298467 0.881749 0.295833 0.882736 0.291619 0.882341 0.287800 0.880267 0.282137 0.877699 0.280030
0 0.916021 0.324146 0.911774 0.320064 0.902885 0.314797 0.892810 0.311636 0.884909 0.310714 0.875822 0.310056 0.869304 0.311899 0.862785 0.314928 0.861600 0.315323 0.863970 0.319142 0.865551 0.321644 0.866045 0.325858 0.865156 0.328756 0.864267 0.332838 0.863575 0.337974 0.863477 0.340608 0.865353 0.340608 0.869205 0.339423 0.872761 0.337974 0.878292 0.327307 0.884316 0.323883 0.885403 0.322171 0.905156 0.322830 0.912959 0.324146
0 0.871265 0.310826 0.863645 0.307747 0.860951 0.304771 0.854639 0.298203 0.851484 0.295637 0.842863 0.292661 0.836166 0.292045 0.826699 0.291122 0.823389 0.292045 0.819695 0.294098 0.814538 0.297177 0.817617 0.297587 0.824313 0.299127 0.831548 0.301590 0.838399 0.304258 0.842170 0.305695 0.843325 0.306721 0.847635 0.306926 0.849020 0.308260 0.856179 0.310621 0.860566 0.312673 0.861567 0.314829 0.867186 0.312673
0 0.850021 0.294816 0.849328 0.291019 0.836243 0.287632 0.828392 0.285580 0.820080 0.285169 0.816385 0.286811 0.810073 0.289480 0.805917 0.291019 0.798220 0.291943 0.794371 0.292764 0.792524 0.293380 0.795834 0.295329 0.797912 0.296253 0.799759 0.298100 0.803993 0.297382 0.806995 0.296766 0.814538 0.297485 0.820849 0.293277 0.827084 0.291327 0.842940 0.292661
0 0.817386 0.285990 0.810073 0.284656 0.804993 0.284861 0.800991 0.286401 0.795911 0.289172 0.790677 0.289582 0.788060 0.289993 0.792062 0.293072 0.797065 0.291943 0.805994 0.291019 0.812306 0.288761
0 0.860489 0.312776 0.861798 0.315752 0.865338 0.321602 0.866031 0.325912 0.864645 0.330325 0.863337 0.341306 0.855948 0.341717 0.848944 0.342127 0.841169 0.343462 0.838399 0.345206 0.836474 0.346746 0.834627 0.345206 0.832164 0.343667 0.829855 0.341101 0.803762 0.337715 0.802145 0.341512 0.798220 0.341820 0.792293 0.340178 0.787752 0.336894 0.785289 0.335149 0.783519 0.333302 0.780517 0.330736 0.776514 0.329094 0.775668 0.327452 0.775745 0.324886 0.776053 0.319549 0.777592 0.317805 0.779054 0.315342 0.788984 0.313289 0.798836 0.311545 0.810535 0.306824 0.817155 0.305182 0.824467 0.304566 0.833626 0.305182 0.844556 0.306824 0.846942 0.306926 0.849020 0.308671 0.857872 0.311647
0 0.842786 0.306003 0.834242 0.302821 0.820234 0.298306 0.813306 0.297690 0.806533 0.296766 0.798682 0.298819 0.790369 0.303027 0.788676 0.303642 0.778054 0.304361 0.772897 0.305079 0.767586 0.308158 0.766662 0.311442 0.765046 0.319139 0.769048 0.322218 0.773205 0.324783 0.775437 0.325194 0.775745 0.319549 0.778823 0.315137 0.798528 0.311545 0.812075 0.306618 0.820695 0.305079 0.825929 0.304463 0.836089 0.305079
0 0.702183 0.276266 0.699473 0.279792 0.697731 0.279706 0.695602 0.280223 0.694441 0.282287 0.693925 0.284179 0.692635 0.291319 0.692764 0.294329 0.693409 0.295620 0.695731 0.295706 0.696764 0.297082 0.697344 0.299490 0.698247 0.300178 0.700957 0.300695 0.703150 0.298372 0.718504 0.300265 0.719279 0.303189 0.720311 0.304307 0.722762 0.304393 0.723923 0.304307 0.725085 0.302329 0.725665 0.299146 0.726439 0.293813 0.725988 0.289254 0.725149 0.287534 0.723085 0.285814 0.721278 0.279964 0.720246 0.278674 0.716375 0.277384 0.711924 0.276266 0.705989 0.275492 0.703731 0.275836
0 0.726246 0.269900 0.731988 0.267062 0.737536 0.266632 0.744245 0.266976 0.754115 0.269298 0.754438 0.271277 0.754244 0.271707 0.745277 0.269642 0.741600 0.269470 0.739084 0.270503 0.734697 0.270245
0 0.739407 0.271019 0.741858 0.269642 0.746632 0.270159 0.753277 0.271535 0.757664 0.273513 0.763792 0.277384 0.766631 0.278416 0.766953 0.281599 0.766695 0.283663 0.765534 0.284179 0.762696 0.283405 0.759212 0.282201 0.756309 0.277814 0.751148 0.273771 0.744116 0.271707
0 0.799661 0.298114 0.794178 0.300953 0.790372 0.299318 0.784888 0.297512 0.781662 0.294845 0.777856 0.291061 0.774953 0.288394 0.765405 0.285126 0.768953 0.284265 0.775727 0.284953 0.783469 0.287362 0.787662 0.289942 0.793275 0.294329 0.797662 0.295792
0 0.766760 0.280309 0.767018 0.284179 0.770050 0.284179 0.775792 0.285126 0.782372 0.286674 0.787856 0.289942 0.795339 0.288996 0.800694 0.286072 0.796500 0.284523 0.792759 0.279964 0.786049 0.277900 0.780888 0.277384 0.774631 0.277986 0.769405 0.279878
0 0.757341 0.273083 0.760567 0.272395 0.764567 0.272051 0.771469 0.272911 0.778372 0.276868 0.774179 0.277642 0.768695 0.279620 0.767212 0.279964 0.766631 0.277986 0.760373 0.275320
0 0.793726 0.301039 0.788694 0.303533 0.779082 0.304307 0.772631 0.305081 0.767276 0.308006 0.766695 0.311189 0.757277 0.308952 0.754051 0.310759 0.751083 0.310931 0.748632 0.309640 0.745600 0.307920 0.744310 0.305598 0.739600 0.303103 0.736052 0.301727 0.736762 0.298028 0.738826 0.293555 0.740374 0.288222 0.746567 0.287448 0.755341 0.284351 0.762631 0.284953 0.767792 0.286072 0.774566 0.288308 0.785017 0.297512
0 0.764631 0.285039 0.764567 0.284265 0.759212 0.282373 0.756244 0.277986 0.751212 0.273943 0.741600 0.271191 0.737278 0.270847 0.731471 0.270331 0.725214 0.270331 0.722827 0.271793 0.720182 0.274717 0.718891 0.276266 0.718698 0.278158 0.720891 0.278932 0.721536 0.280911 0.723278 0.286244 0.725407 0.287534 0.726181 0.289770 0.726762 0.293813 0.726956 0.294931 0.728762 0.295878 0.732439 0.296308 0.734826 0.293641 0.736310 0.294071 0.737084 0.292093 0.740374 0.288996 0.740632 0.288050 0.745535 0.287620 0.755535 0.284093
0 0.740761 0.266546 0.740697 0.265428 0.736826 0.264223 0.736245 0.263105 0.733794 0.263019 0.725407 0.261643 0.720182 0.261729 0.718117 0.262245 0.710956 0.266202 0.707473 0.266116 0.701796 0.267062 0.699667 0.267922 0.699344 0.270159 0.699215 0.273083 0.699860 0.275578 0.701602 0.276438 0.704699 0.275836 0.708118 0.275492 0.710569 0.275922 0.711924 0.273943 0.715859 0.271965 0.720827 0.271363 0.723214 0.271019 0.726633 0.269298 0.731988 0.266890
0 0.443611 0.338043 0.436446 0.338410 0.430659 0.339329 0.422943 0.341533 0.420325 0.342452 0.413023 0.344289 0.406547 0.347412 0.403102 0.349984 0.401586 0.353291 0.400484 0.357700 0.398968 0.364130 0.398279 0.368907 0.399933 0.379011 0.398279 0.379562 0.399382 0.383053 0.402551 0.386727 0.407098 0.387830 0.407649 0.390953 0.410405 0.389667 0.412058 0.393525 0.416467 0.398118 0.422117 0.399220 0.426388 0.398301 0.430797 0.396097 0.434104 0.393157 0.436171 0.392055 0.495419 0.401057 0.498864 0.403078 0.503135 0.404364 0.505891 0.409876 0.509611 0.413182 0.516638 0.413366 0.522701 0.409876 0.526421 0.405283 0.528626 0.402527 0.536066 0.401057 0.542680 0.396832 0.546538 0.392239 0.548880 0.379930 0.548742 0.372581 0.547089 0.371663 0.546951 0.358435 0.547227 0.356047 0.548742 0.350535 0.545711 0.349066 0.539097 0.345208 0.529177 0.333817 0.524492 0.332348 0.510438 0.327938 0.491837 0.325183 0.474475 0.324632 0.463590 0.327571 0.454359 0.332531
0 0.438100 0.318569 0.433553 0.324632 0.431899 0.328673 0.431899 0.332531 0.433139 0.338594 0.443749 0.337859 0.458906 0.329408 0.468413 0.325918 0.477645 0.324632 0.491837 0.324999 0.511264 0.327571 0.529452 0.334001 0.539786 0.345208 0.548742 0.350352 0.551360 0.346677 0.553152 0.340798 0.553565 0.337492 0.553014 0.333450 0.552325 0.325183 0.550258 0.314343 0.544333 0.303688 0.537857 0.300749 0.519807 0.298177 0.501482 0.296339 0.493903 0.297074 0.491010 0.298360 0.482880 0.299830 0.480676 0.302586 0.474338 0.307179 0.466346 0.311220 0.457528 0.312139 0.448158 0.313792 0.441131 0.316181
0 0.470496 0.309059 0.470872 0.305214 0.471499 0.297523 0.472000 0.288326 0.473881 0.284314 0.478772 0.280468 0.478396 0.277960 0.481280 0.276288 0.490058 0.276288 0.499965 0.273947 0.517897 0.275786 0.528055 0.277960 0.536080 0.282809 0.547116 0.294847 0.559656 0.298024 0.566177 0.301034 0.571067 0.306384 0.568685 0.325612 0.560157 0.327284 0.557649 0.329625 0.554514 0.332301 0.552759 0.331799 0.550251 0.315079 0.543730 0.303709 0.538087 0.300365 0.523289 0.298860 0.513007 0.297690 0.499965 0.296519 0.493068 0.297021 0.483161 0.298693 0.479399 0.303207 0.475762 0.306217
0 0.520656 0.276288 0.530187 0.270937 0.537836 0.268764 0.547743 0.269600 0.556646 0.272777 0.569688 0.280301 0.575206 0.281806 0.576961 0.290166 0.572823 0.300365 0.568685 0.301368 0.564546 0.300365 0.558151 0.297355 0.547617 0.294847 0.536080 0.282976 0.528180 0.277626
0 0.573826 0.281638 0.573199 0.273613 0.567556 0.271272 0.558527 0.265587 0.548621 0.263413 0.540971 0.263413 0.533196 0.265085 0.528180 0.267928 0.523039 0.270603 0.517897 0.271941 0.510499 0.273613 0.509997 0.274950 0.520280 0.275954 0.527553 0.272442 0.532569 0.270269 0.538087 0.268931 0.547492 0.269600 0.555894 0.272442 0.569312 0.280301
0 0.585719 0.326896 0.585632 0.320782 0.587276 0.316399 0.589526 0.310400 0.594111 0.302671 0.601379 0.296673 0.608213 0.295289 0.617990 0.294712 0.632352 0.295519 0.639879 0.298980 0.650607 0.307170 0.658826 0.313746 0.664536 0.315476 0.672236 0.318937 0.677946 0.324128 0.680801 0.331626 0.681147 0.336355 0.680715 0.340508 0.678638 0.343969 0.674313 0.344776 0.669814 0.344661 0.667564 0.344315 0.664969 0.347314 0.661248 0.348814 0.656057 0.348237 0.653202 0.346507 0.650520 0.342354 0.608646 0.336125 0.606137 0.339124 0.604061 0.340278 0.598697 0.339816 0.595236 0.338893 0.594371 0.336125 0.593506 0.330357 0.591083 0.331164 0.586930 0.329319
0 0.586411 0.318245 0.584854 0.313976 0.584854 0.307632 0.587709 0.304402 0.587190 0.298980 0.589093 0.294366 0.592554 0.294366 0.597831 0.294481 0.604580 0.291136 0.612280 0.289405 0.620153 0.288829 0.631660 0.289982 0.641782 0.293674 0.646367 0.298057 0.654241 0.306017 0.660729 0.307862 0.671284 0.311900 0.674832 0.314322 0.677687 0.320206 0.678638 0.324704 0.675005 0.321128 0.670938 0.318360 0.659518 0.313746 0.647925 0.305440 0.637283 0.297826 0.631227 0.295981 0.620239 0.295058 0.607781 0.295289 0.601465 0.296327 0.593852 0.302902 0.589958 0.310054
0 0.664848 0.258690 0.663107 0.259957 0.661682 0.263756 0.659862 0.264389 0.660099 0.265867 0.659862 0.267450 0.659149 0.270405 0.659862 0.271355 0.661920 0.271355 0.663819 0.273466 0.666511 0.273782 0.668806 0.274310 0.669993 0.275998 0.669043 0.278742 0.668648 0.280431 0.669043 0.282014 0.672843 0.281592 0.674980 0.281909 0.674901 0.283597 0.675692 0.284230 0.677434 0.284230 0.678067 0.282225 0.679017 0.274310 0.678542 0.269666 0.680362 0.268189 0.679017 0.266711 0.678067 0.266711 0.676246 0.260484 0.670468 0.258585
0 0.632158 0.268927 0.626854 0.270088 0.624401 0.270088 0.622422 0.272199 0.617039 0.276843 0.612527 0.280114 0.609836 0.280537 0.603108 0.280537 0.596459 0.282120 0.594085 0.284864 0.591077 0.289613 0.590127 0.294151 0.597409 0.294362 0.604691 0.290985 0.612053 0.289085 0.620443 0.289191 0.631445 0.289824 0.641814 0.294046 0.654400 0.305971 0.666748 0.310193 0.668331 0.309349 0.669914 0.305127 0.671656 0.305127 0.673397 0.301328 0.674663 0.293412 0.674584 0.288980 0.673872 0.286763 0.672130 0.285180 0.669360 0.285814 0.668648 0.280642 0.669835 0.276421 0.668648 0.274415 0.663898 0.273571 0.661445 0.271355 0.652500 0.270510 0.640231 0.268822 0.632237 0.268716
0 0.590364 0.292040 0.589731 0.290246 0.589810 0.284864 0.591552 0.279059 0.595826 0.276737 0.604770 0.276315 0.611103 0.276104 0.619018 0.272410 0.622897 0.270933 0.619256 0.274732 0.612765 0.279692 0.609678 0.280642 0.602079 0.280537 0.596380 0.282225 0.592581 0.287502 0.590760 0.291090
0 0.597884 0.276104 0.598201 0.274310 0.599388 0.271355 0.602396 0.269244 0.608095 0.267766 0.612765 0.267661 0.618227 0.264811 0.623292 0.262384 0.629941 0.261962 0.637303 0.263228 0.644585 0.266289 0.648938 0.269772 0.641181 0.268822 0.632237 0.268505 0.625034 0.270088 0.618543 0.272516 0.611024 0.276315
0 0.602158 0.268822 0.601683 0.266500 0.607541 0.263545 0.614031 0.262067 0.622105 0.258796 0.626696 0.257213 0.626775 0.256579 0.622501 0.255102 0.622976 0.252463 0.628517 0.251513 0.634928 0.252463 0.643952 0.253519 0.646564 0.254891 0.646010 0.257424 0.642843 0.258690 0.642369 0.259429 0.649017 0.261645 0.651630 0.270299 0.648701 0.269455 0.644585 0.266394 0.635482 0.261962 0.629704 0.261856 0.623055 0.262067 0.612844 0.267661 0.607224 0.267766
0 0.622501 0.252885 0.622422 0.254891 0.626379 0.256579 0.626459 0.257424 0.614190 0.261962 0.608491 0.263123 0.606828 0.263756 0.601525 0.266289 0.601525 0.262173 0.602475 0.260379 0.603029 0.256157 0.605404 0.251936 0.609282 0.250775 0.617039 0.251936
0 0.601367 0.263967 0.598834 0.262384 0.599625 0.258479 0.601683 0.251619 0.605720 0.248664 0.610153 0.247714 0.619256 0.248875 0.624005 0.251513 0.622263 0.252569 0.612923 0.251091 0.609203 0.250775 0.605404 0.252252 0.603029 0.256157 0.602475 0.260906 0.601525 0.263334
0 0.627013 0.251302 0.623926 0.251513 0.619097 0.248242 0.610786 0.247609 0.605879 0.248453 0.601604 0.251513 0.598992 0.261540 0.597409 0.259957 0.597409 0.257424 0.599467 0.253941 0.598834 0.251302 0.602712 0.246237 0.603108 0.244970 0.608807 0.244759 0.619889 0.246448 0.624084 0.249403 0.626300 0.251408
0 0.632553 0.251619 0.633503 0.248875 0.637619 0.248558 0.642685 0.247714 0.648147 0.244126 0.653450 0.244337 0.659070 0.244759 0.666827 0.246659 0.668014 0.250353 0.669360 0.252463 0.669123 0.259429 0.664927 0.258373 0.663265 0.259957 0.661761 0.263017 0.661049 0.263334 0.659862 0.261645 0.659228 0.262067 0.657724 0.263439 0.655429 0.263756 0.653925 0.263228 0.652500 0.261012 0.642606 0.259534 0.644901 0.258162 0.646405 0.257318 0.646643 0.254785 0.643952 0.253624 0.632553 0.251936
0 0.000025 0.222054 0.002643 0.224442 0.004572 0.226463 0.004710 0.228851 0.006501 0.233995 0.007328 0.237119 0.005536 0.238405 -0.000251 0.236935
0 -0.000113 0.237486 0.008154 0.239507 0.017937 0.242630 0.027996 0.248693 0.038743 0.255674 0.047424 0.259164 0.053486 0.264125 0.056380 0.269636 0.057344 0.272759 0.040259 0.270922 0.038192 0.272943 0.032680 0.273494 0.025240 0.274045 0.017248 0.273678 0.010221 0.274045 0.006088 0.274596 0.000714 0.276250 -0.000113 0.276985
0 -0.000113 0.307482 0.009257 0.311707 0.011186 0.314830 0.012564 0.315565 0.013115 0.319056 0.015044 0.323281 0.017524 0.326772 0.020555 0.335406 0.021795 0.339632 0.017111 0.343490 0.013666 0.345694 0.012012 0.349369 0.008017 0.352676 0.002367 0.353962 0.000025 0.353778
0 0.000025 0.276985 0.001954 0.275331 0.009532 0.273678 0.024275 0.274045 0.038605 0.272943 0.040396 0.270555 0.058584 0.272576 0.068505 0.274229 0.074568 0.276617 0.080630 0.278638 0.084488 0.282864 0.090413 0.292049 0.092618 0.293703 0.094684 0.293519 0.096062 0.295356 0.096338 0.298296 0.097440 0.298663 0.097302 0.300868 0.097991 0.303072 0.099507 0.308400 0.100471 0.315749 0.101987 0.322179 0.100609 0.328058 0.099369 0.328793 0.098680 0.332467 0.096338 0.335957 0.091377 0.337243 0.086693 0.336141 0.082421 0.333018 0.071261 0.335223 0.057069 0.337611 0.055966 0.344041 0.053348 0.346429 0.048664 0.347164 0.043979 0.346429 0.036676 0.340550 0.033094 0.335774 0.020555 0.335774 0.013528 0.320158 0.012564 0.315932 0.010359 0.313912 0.008430 0.311523 -0.000113 0.307849
0 0.036189 0.212591 0.028994 0.207672 0.025674 0.206073 0.019033 0.204843 0.011285 0.203613 0.003444 0.203982 0.001969 0.206934 0.000308 0.210008 0.000954 0.214436 0.002799 0.218863 0.003813 0.220831 0.005750 0.222799 0.008794 0.222676 0.010086 0.220708 0.012760 0.221446 0.014236 0.220462 0.021523 0.219232 0.025950 0.214928 0.030101 0.213821 0.036004 0.212714
0 0.027149 0.206073 0.030839 0.205704 0.034990 0.202629 0.041907 0.203859 0.045505 0.204474 0.043014 0.206073 0.041169 0.208410 0.040801 0.210254 0.041077 0.212837 0.036650 0.212591 0.032868 0.210254 0.028902 0.207426
0 0.013591 0.221569 0.013498 0.223045 0.012945 0.225012 0.013498 0.229194 0.014513 0.233867 0.016265 0.234236 0.017926 0.237311 0.020232 0.238295 0.024106 0.238664 0.026227 0.237680 0.026227 0.235958 0.031023 0.236942 0.042738 0.237926 0.044121 0.239893 0.046427 0.241369 0.050024 0.241861 0.051777 0.240631 0.053529 0.238786 0.063306 0.238418 0.064690 0.240016 0.065612 0.240631 0.067273 0.240631 0.068379 0.239647 0.070316 0.237557 0.072715 0.236204 0.071792 0.231162 0.070132 0.226980 0.068011 0.222430 0.064782 0.217879 0.059064 0.216158 0.050854 0.214190 0.042092 0.212960 0.036004 0.212837 0.026504 0.214559 0.021431 0.219109 0.014421 0.220954 0.013775 0.221815
0 0.074836 0.214313 0.069948 0.214436 0.065243 0.217264 0.056296 0.215789 0.049286 0.214682 0.041169 0.213821 0.041077 0.210008 0.043291 0.206319 0.045597 0.204474 0.055190 0.205335 0.061001 0.206196 0.064413 0.209394 0.073729 0.214067
0 0.060724 0.203982 0.065520 0.200539 0.071792 0.196849 0.079817 0.198202 0.085812 0.199924 0.090055 0.202384 0.090885 0.206565 0.090701 0.208902 0.088487 0.211238 0.088026 0.210746 0.084613 0.207426 0.079540 0.206565 0.072991 0.206073 0.067365 0.205458 0.064044 0.206442 0.061185 0.205458 0.060724 0.204105
0 0.063675 0.208533 0.065797 0.205335 0.072807 0.206442 0.082031 0.207426 0.085074 0.208410 0.090793 0.213452 0.088395 0.215789 0.084798 0.214928 0.074744 0.213698 0.066627 0.210131
0 0.065008 0.217694 0.070222 0.214653 0.074621 0.214218 0.079509 0.214544 0.088552 0.216282 0.093928 0.219106 0.098816 0.220953 0.099794 0.223342 0.097513 0.225189 0.097187 0.227470 0.089774 0.228013 0.082686 0.230511 0.079835 0.233227 0.077391 0.233227 0.072096 0.232684 0.071037 0.229859 0.068511 0.224103 0.065334 0.217585
0 0.067534 0.240830 0.067208 0.243437 0.067697 0.246696 0.069244 0.249954 0.070548 0.250171 0.071688 0.252887 0.073155 0.254190 0.076250 0.254082 0.078694 0.254408 0.079346 0.253213 0.079183 0.251040 0.098816 0.253647 0.100120 0.254625 0.101423 0.256471 0.103378 0.257558 0.106311 0.257666 0.108185 0.257014 0.108592 0.255494 0.108755 0.253321 0.119182 0.253213 0.121301 0.256037 0.125455 0.256363 0.126840 0.253647 0.126922 0.252235 0.130832 0.250606 0.131565 0.249411 0.130343 0.243654 0.128551 0.239852 0.127736 0.237246 0.122848 0.234421 0.114132 0.229534 0.107940 0.228013 0.098490 0.227578 0.090099 0.228121 0.083501 0.230185 0.078939 0.233770 0.074377 0.236159 0.069815 0.237571 0.067534 0.240504
0 0.092788 0.211177 0.091403 0.205420 0.094254 0.204551 0.097839 0.202270 0.101667 0.200641 0.106963 0.200315 0.110873 0.200641 0.115272 0.201510 0.118368 0.203356 0.120812 0.206397 0.121626 0.210199 0.116413 0.209765 0.111851 0.210525 0.107777 0.213132 0.105659 0.212589 0.095965 0.211937 0.093032 0.211068
0 0.088389 0.215847 0.090344 0.214001 0.094906 0.212915 0.100445 0.213241 0.106392 0.213892 0.110221 0.214544 0.112502 0.216282 0.108348 0.218997 0.104030 0.221930 0.100283 0.223234 0.098816 0.220627 0.093032 0.218563
0 0.107614 0.213675 0.111525 0.210960 0.115842 0.209982 0.120893 0.210199 0.127492 0.211285 0.133683 0.212263 0.133683 0.215413 0.127818 0.215304 0.122360 0.215304 0.119590 0.216065 0.113073 0.215956 0.109407 0.214110
0 0.097513 0.227253 0.097920 0.225515 0.100527 0.223559 0.104193 0.222039 0.112339 0.216282 0.122278 0.215956 0.128714 0.216173 0.139223 0.217477 0.144518 0.218780 0.145496 0.220735 0.140852 0.221170 0.132706 0.220301 0.128144 0.220409 0.122034 0.220192 0.116820 0.220518 0.114539 0.229751 0.106311 0.227687
0 0.164966 0.230185 0.162440 0.227578 0.158449 0.224103 0.152909 0.221930 0.144925 0.221061 0.133357 0.220409 0.125944 0.220627 0.117635 0.220518 0.115761 0.224972 0.114783 0.229751 0.122441 0.234313 0.127166 0.238006 0.129121 0.241047 0.130832 0.245066 0.131321 0.247456 0.138571 0.247130 0.139793 0.248651 0.143133 0.249846 0.144762 0.249411 0.144600 0.247999 0.151524 0.248868 0.153153 0.251475 0.155434 0.253104 0.157145 0.252778 0.155842 0.250606 0.154946 0.246261 0.155516 0.245066 0.157227 0.242242 0.157634 0.239527 0.158123 0.237028 0.159752 0.235508 0.161056 0.233009 0.164640 0.230294
0 0.159752 0.236268 0.163255 0.258101 0.161707 0.258644 0.159834 0.258209 0.158530 0.255602 0.157227 0.252344 0.155923 0.250606 0.154864 0.246370 0.157145 0.242785 0.158286 0.237028
0 0.129121 0.204985 0.124966 0.205963 0.123989 0.208135 0.123907 0.209873 0.124233 0.210525 0.127003 0.211068 0.133683 0.212372 0.135313 0.214001 0.135801 0.214978 0.138571 0.214761 0.141504 0.214327 0.142889 0.215956 0.144844 0.216065 0.146147 0.214435 0.148673 0.214870 0.151443 0.215630 0.153561 0.214544 0.154212 0.211068 0.154131 0.207810 0.152909 0.205420 0.150058 0.203030 0.146392 0.201401 0.140771 0.201075 0.134987 0.201184 0.133113 0.201944 0.129040 0.204768
0 0.144596 0.218539 0.147155 0.216453 0.153624 0.215600 0.157961 0.216074 0.163079 0.217022 0.166349 0.220055 0.167984 0.222520 0.171041 0.223752 0.174524 0.225837 0.171254 0.226690 0.165638 0.230007 0.162297 0.227448 0.157676 0.223846 0.153838 0.222140 0.149928 0.221666 0.145449 0.221003
0 0.162297 0.216453 0.165496 0.215411 0.173955 0.215885 0.176799 0.217306 0.181988 0.221287 0.186467 0.222520 0.190092 0.223183 0.191087 0.224700 0.188670 0.225837 0.183339 0.226027 0.175448 0.225932 0.172036 0.224226 0.167629 0.222614 0.166207 0.219676
0 0.175022 0.216264 0.177154 0.214937 0.182699 0.214653 0.188315 0.214558 0.193220 0.215506 0.198054 0.219107 0.204949 0.221856 0.208362 0.223467 0.201822 0.223752 0.194144 0.223846 0.191159 0.224984 0.189808 0.222709 0.182273 0.221477 0.175377 0.216927
0 0.218101 0.228586 0.217248 0.226500 0.209641 0.224700 0.201822 0.224415 0.194642 0.223941 0.191585 0.224605 0.190092 0.225742
0 0.207690 0.224169 0.211342 0.223177 0.216957 0.223177 0.222706 0.223538 0.228591 0.224079 0.228658 0.228949 0.218445 0.228769 0.217092 0.226604 0.210260 0.224981
0 0.222165 0.223267 0.225615 0.218217 0.231499 0.217315 0.239008 0.217405 0.245975 0.218036 0.251183 0.218668 0.257541 0.223357 0.255174 0.225702 0.253483 0.228227 0.252874 0.230031 0.231161 0.229310 0.228794 0.228859 0.228658 0.223898
0 0.274414 0.222543 0.273774 0.221310 0.267945 0.220552 0.261334 0.220647 0.254723 0.220931 0.257709 0.222827 0.261476 0.222353 0.266737 0.222069 0.271855 0.222732 0.274272 0.222732
0 0.270149 0.220363 0.272921 0.219604 0.276831 0.219699 0.284437 0.220742 0.284935 0.222637 0.284722 0.224723 0.283798 0.226144 0.282376 0.225197 0.278395 0.223680 0.274343 0.223206 0.273632 0.221595
0 0.252946 0.230030 0.253586 0.228324 0.255292 0.225576 0.257922 0.223111 0.264817 0.221974 0.271286 0.222637 0.275054 0.223206 0.281452 0.224628 0.284651 0.226903 0.289627 0.230504 0.291120 0.231452 0.294745 0.232874 0.298584 0.235054 0.299650 0.238940 0.300219 0.241120 0.299508 0.242352 0.295101 0.241404 0.287352 0.240551 0.278964 0.240457 0.273063 0.240362 0.273206 0.238466 0.269865 0.235433 0.264320 0.231642 0.260197 0.230315 0.254510 0.230504
0 0.284153 0.226239 0.285148 0.223964 0.284935 0.221784 0.288845 0.221121 0.297446 0.221026 0.306119 0.222069 0.310811 0.224533 0.315289 0.228230 0.318773 0.229462 0.322398 0.230978 0.324104 0.234106 0.324957 0.236381 0.325099 0.239319 0.324460 0.241215 0.322611 0.242068 0.320194 0.242447 0.315432 0.242921 0.312872 0.243584 0.310527 0.244438 0.309176 0.243679 0.306617 0.242447 0.299508 0.241973 0.300006 0.240551 0.298371 0.234580 0.293679 0.232211 0.290764 0.231263 0.286854 0.228040
0 0.287494 0.221310 0.287494 0.220363 0.296451 0.220173 0.305835 0.220268 0.309602 0.220552 0.315360 0.221121 0.319910 0.222732 0.324602 0.226997 0.328938 0.229177 0.333630 0.231168 0.334199 0.235338 0.334483 0.238182 0.333274 0.239793 0.331284 0.240457 0.330289 0.241784 0.328654 0.242447 0.326521 0.241689 0.326308 0.240551 0.324673 0.240551 0.325455 0.237992 0.324815 0.235717 0.322327 0.230694 0.315574 0.228419 0.312588 0.225765 0.306119 0.222069 0.300645 0.221216 0.293608 0.221026
0 0.334128 0.224912 0.328938 0.226618 0.326450 0.227850 0.328583 0.229177 0.333488 0.231073 0.334625 0.237518 0.337255 0.237803 0.338535 0.237329 0.338961 0.236571 0.351970 0.237897 0.352823 0.239604 0.354530 0.240078 0.356804 0.240267 0.357800 0.239224 0.358653 0.237992 0.359435 0.239224 0.361852 0.239035 0.363416 0.238656 0.363913 0.237897 0.364624 0.237044 0.366828 0.236286 0.367254 0.234864 0.367467 0.232021 0.366543 0.227661 0.363842 0.221216 0.358084 0.220647 0.351615 0.219699 0.343724 0.219983 0.338108 0.222448
0 0.456456 0.235467 0.457527 0.233681 0.461902 0.233086 0.467706 0.233443 0.473242 0.234634 0.478956 0.238919 0.482349 0.239753 0.488063 0.242848 0.489492 0.245110 0.490027 0.251300 0.488599 0.252491 0.484849 0.253324 0.482438 0.255348 0.480206 0.255586 0.477081 0.255110 0.476634 0.253800 0.475920 0.252253 0.474492 0.250824 0.474134 0.249395 0.473063 0.247372 0.470563 0.245586 0.467438 0.243443 0.463956 0.240705 0.459581 0.237372 0.456277 0.235586
0 0.436813 0.234038 0.434670 0.240110 0.438777 0.239395 0.445563 0.239157 0.451992 0.241062 0.456456 0.244157 0.460206 0.247372 0.466634 0.248919 0.471634 0.252491 0.472884 0.257253 0.474581 0.256062 0.475563 0.254276 0.475742 0.252253 0.474224 0.249872 0.468688 0.244038 0.462617 0.239872 0.456724 0.235586 0.449492 0.234276 0.442617 0.234157 0.436992 0.234157
0 0.443152 0.233681 0.441545 0.227967 0.431634 0.226776 0.423599 0.226776 0.418420 0.226538 0.412706 0.229872 0.418420 0.230348 0.421992 0.232729 0.425295 0.238681 0.433063 0.240824 0.434134 0.240467 0.436902 0.233800
0 0.431724 0.241419 0.433688 0.241300 0.436277 0.242253 0.441634 0.247134 0.444670 0.249395 0.449759 0.251300 0.452884 0.252729 0.455206 0.254753 0.456099 0.256895 0.456456 0.260348 0.455563 0.263205 0.454492 0.263681 0.454224 0.259991 0.453867 0.257610 0.452706 0.254276 0.447884 0.252014 0.442349 0.250229 0.438063 0.246300 0.433331 0.242610
0 0.434134 0.240824 0.435831 0.240229 0.442884 0.239276 0.447706 0.239514 0.453867 0.242253 0.459492 0.247372 0.466277 0.248681 0.471277 0.252253 0.472527 0.257014 0.472527 0.260467 0.471545 0.261538 0.468867 0.262134 0.466099 0.262491 0.465295 0.263443 0.463420 0.264157 0.461367 0.264157 0.459134 0.264038 0.457349 0.262967 0.456456 0.261181 0.456277 0.258681 0.455920 0.256538 0.454849 0.254395 0.452706 0.252372 0.444849 0.249395 0.439670 0.245348 0.435652 0.241895
0 0.406634 0.241181 0.409938 0.240467 0.414492 0.239634 0.422527 0.239872 0.427974 0.240348 0.431634 0.241776 0.442706 0.250348 0.452349 0.254157 0.454313 0.258443 0.454134 0.263800 0.453777 0.266062 0.450474 0.266895 0.448420 0.267729 0.446277 0.269395 0.444492 0.268919 0.442617 0.268324 0.442170 0.270348 0.440206 0.270467 0.437349 0.270348 0.436992 0.269038 0.437527 0.265110 0.436902 0.260705 0.435563 0.257491 0.429402 0.255467 0.423688 0.251300 0.415742 0.247253 0.410295 0.246538 0.403777 0.246895
0 0.425295 0.239514 0.423152 0.235229 0.419581 0.231300 0.417349 0.230348 0.408777 0.229395 0.402438 0.229395 0.397706 0.230110 0.393331 0.233562 0.397795 0.235586 0.399492 0.239038 0.400384 0.240110 0.405563 0.241538 0.407170 0.240586 0.414759 0.239872
0 0.405920 0.241776 0.403599 0.246895 0.399492 0.246895 0.396009 0.248205 0.391456 0.250824 0.390920 0.248919 0.389849 0.244276 0.387706 0.243205 0.382795 0.240467 0.378420 0.238919 0.373956 0.238919 0.368688 0.237967 0.371724 0.233086 0.376724 0.232253 0.386634 0.232610 0.393063 0.233919 0.397349 0.235586 0.400295 0.240229 0.405831 0.242014
0 0.368867 0.262848 0.371277 0.256895 0.377884 0.255110 0.386456 0.253681 0.391992 0.250705 0.399313 0.246895 0.407349 0.246895 0.414402 0.247372 0.417349 0.248443 0.425474 0.252610 0.429224 0.255467 0.435563 0.257372 0.437349 0.262014 0.437349 0.267134 0.436634 0.270229 0.436277 0.272014 0.434402 0.273205 0.432795 0.273205 0.429492 0.273562 0.427706 0.273919 0.425920 0.276181 0.423599 0.276300 0.421724 0.274634 0.420920 0.273681 0.420206 0.276538 0.418688 0.277134 0.415920 0.277491 0.411634 0.276300 0.410027 0.273443 0.382349 0.270943 0.378242 0.269395 0.372527 0.267848 0.369581 0.267014
0 0.350652 0.245110 0.354045 0.247967 0.355384 0.249276 0.361545 0.250824 0.362795 0.255110 0.362706 0.257372 0.363331 0.259872 0.369224 0.261062 0.371277 0.257014 0.377170 0.255467 0.386456 0.253681 0.391188 0.250586 0.389492 0.243800 0.381902 0.240110 0.377527 0.238919 0.370206 0.238443 0.365563 0.238443 0.359402 0.239991 0.354492 0.242729
0 0.336608 0.242407 0.345669 0.241965 0.348763 0.243733 0.352189 0.246090 0.355836 0.249774 0.361361 0.250805 0.362797 0.255372 0.362797 0.258467 0.363460 0.260971 0.363018 0.262297 0.360035 0.260087 0.356388 0.256846 0.349979 0.254636 0.347769 0.254046 0.346995 0.250805 0.344675 0.245059 0.339260 0.242996
0 0.367880 0.267012 0.372853 0.268191 0.379594 0.270253 0.384456 0.273495 0.386334 0.277768 0.386776 0.284692 0.386997 0.285871 0.384014 0.286755 0.381251 0.288376 0.377826 0.289260 0.372300 0.289407 0.370532 0.289407 0.369980 0.290586 0.367438 0.291764 0.365007 0.292059 0.362355 0.291322 0.360145 0.289996 0.356720 0.287050 0.326995 0.283514 0.326442 0.285576 0.324785 0.287344 0.322574 0.287639 0.319701 0.287344 0.317270 0.286018 0.316386 0.284103 0.315502 0.281893 0.312740 0.281156 0.309977 0.279683 0.308872 0.278799 0.308209 0.276589 0.308430 0.272905 0.308872 0.270548 0.309535 0.265097 0.311524 0.262739 0.316386 0.256404 0.316718 0.255078 0.322685 0.254046 0.331083 0.253457 0.343349 0.253899 0.351637 0.255225 0.356278 0.256551 0.362355 0.262150
0 0.347769 0.254046 0.347106 0.251100 0.344454 0.244617 0.338376 0.243438 0.329647 0.242407 0.324674 0.242260 0.320143 0.242996 0.314618 0.243438 0.310198 0.244617 0.305447 0.247122 0.305778 0.249332 0.306220 0.252868 0.306662 0.258319 0.307215 0.262887 0.307988 0.270401 0.308651 0.269959 0.309535 0.264949 0.316497 0.255962 0.316828 0.254783 0.325227 0.253752 0.334177 0.253162 0.343791 0.254046
0 0.272738 0.240639 0.284120 0.240050 0.289424 0.240786 0.299811 0.242260 0.303347 0.243291 0.305336 0.246680 0.306220 0.251836 0.306773 0.258761 0.308209 0.271285 0.307546 0.274674 0.306220 0.275705 0.305668 0.276589 0.304121 0.279830 0.302242 0.280862 0.298706 0.279978 0.295722 0.278062 0.292186 0.278210 0.287545 0.274674 0.282462 0.271137 0.274175 0.267601
0 0.229719 0.279330 0.234880 0.272450 0.235840 0.269729 0.243520 0.266529 0.250001 0.265569 0.261642 0.265889 0.274122 0.267809 0.281323 0.270049 0.292844 0.279330 0.296204 0.281730 0.305804 0.285250 0.311565 0.288291 0.313485 0.292611 0.315165 0.301411 0.315405 0.306532 0.313125 0.308612 0.307244 0.310532 0.300764 0.311652 0.292604 0.312452 0.291163 0.315012 0.289003 0.316452 0.284803 0.316452 0.280723 0.315492 0.277843 0.312932 0.276282 0.310052 0.260321 0.309092 0.259001 0.302051 0.257681 0.298211 0.257561 0.294691 0.254441 0.293731 0.245320 0.283490 0.238000 0.281090 0.229719 0.279650
0 0.172596 0.293251 0.165755 0.294851 0.159635 0.296131 0.153155 0.298051 0.148474 0.299811 0.147394 0.302211 0.147634 0.305572 0.145954 0.307652 0.145714 0.312132 0.146434 0.318213 0.147394 0.323493 0.148114 0.325733 0.150274 0.326693 0.152195 0.327493 0.154595 0.332453 0.157235 0.336614 0.159875 0.337734 0.165635 0.337734 0.169836 0.335974 0.171636 0.333573 0.171636 0.329733 0.177996 0.329093 0.212678 0.333093 0.213758 0.334214 0.216399 0.338054 0.219999 0.342054 0.223119 0.343654 0.227559 0.343494 0.231400 0.340774 0.233320 0.333253 0.242920 0.330533 0.245801 0.333894 0.250001 0.334214 0.253961 0.332453 0.255761 0.329733 0.256841 0.327493 0.257801 0.325253 0.261161 0.324133 0.261402 0.321413 0.262722 0.319653 0.261642 0.314212 0.260561 0.312772 0.260681 0.310212 0.258641 0.301091 0.257801 0.297891 0.257321 0.294851 0.254801 0.293891 0.244840 0.283490 0.229839 0.279650 0.216639 0.278530 0.208958 0.278370 0.205958 0.279330 0.196957 0.280770 0.190117 0.282210 0.184357 0.284450 0.176796 0.290051
1 0.000021 0.736086 0.428146 0.877753 0.394217 0.999777 0.000021 0.999777
1 0.439220 0.880892 0.410521 0.999231 0.861732 1.000648
1 0.498743 0.648466 0.442940 0.865302 0.911690 1.000648 0.999381 0.999939 0.999913 0.887269 0.907970 0.738460
1 0.955186 0.462577 1.000024 0.498604 0.999829 0.469626
1 0.907606 0.428899 0.952836 0.459966 1.000024 0.467537 0.999829 0.443519
1 0.844399 0.382958 0.864879 0.397226 0.868101 0.386794
1 0.803668 0.353350 0.821617 0.365316 0.835999 0.367771 0.830822 0.363782 0.831627 0.357645
1 0.787099 0.341844 0.802747 0.352123 0.831742 0.356878 0.833928 0.349515
1 0.751978 0.316525 0.762259 0.323469 0.772203 0.324732 0.764356 0.318870
1 0.743117 0.310392 0.751775 0.315893 0.764965 0.317968 0.765777 0.313729
1 0.726545 0.296233 0.728642 0.299479 0.735271 0.300562 0.735271 0.297315
1 0.577881 0.544301 0.572753 0.552345 0.561291 0.559986 0.548622 0.563606 0.531127 0.566019 0.518458 0.565215 0.500359 0.641228 0.903653 0.729307 0.826433 0.592564
1 0.543192 0.468690 0.536858 0.495234 0.550130 0.499658 0.562497 0.506898 0.570038 0.515343 0.575468 0.522181 0.578183 0.529822 0.578484 0.540279 0.824322 0.588542 0.780584 0.511322
1 0.338476 0.500785 0.364518 0.507730 0.402216 0.520957 0.403456 0.526248 0.422305 0.544105 0.430986 0.548735 0.440907 0.549727 0.444875 0.558986 0.447851 0.571222 0.452067 0.589079 0.458516 0.597015 0.459756 0.610904 0.460004 0.633060 0.492742 0.640005 0.511839 0.564939 0.490510 0.559978 0.475629 0.549066 0.467940 0.537492 0.464964 0.528894 0.464468 0.522941
1 0.465956 0.518973 0.468436 0.512359 0.474389 0.504754 0.482821 0.499132 0.495966 0.494502 0.511591 0.492518 0.523000 0.492849 0.530936 0.494502 0.537633 0.467386 0.330292 0.434317 0.268536 0.484582
1 0.332028 0.432402 0.374986 0.398147 0.549978 0.423698 0.539028 0.464691
1 0.549135 0.375686 0.555874 0.377370 0.562613 0.378213 0.558822 0.391128 0.547240 0.390005 0.549135 0.380740
1 0.553558 0.335816 0.553558 0.339185 0.552505 0.343958 0.550820 0.349012 0.570193 0.351258 0.573563 0.338062
1 0.554498 0.424624 0.544069 0.465363 0.778627 0.508299 0.749170 0.457313
1 0.562549 0.392910 0.555047 0.422428 0.747890 0.454874 0.728313 0.420233
1 0.566391 0.378029 0.572063 0.378517 0.579930 0.378273 0.587249 0.377054 0.591457 0.375834 0.593286 0.374126 0.712029 0.392666 0.727581 0.418525 0.562549 0.391447
1 0.571276 0.358572 0.578992 0.360960 0.586708 0.364083 0.590291 0.366655 0.592495 0.369595 0.593047 0.373453 0.710992 0.391273 0.699693 0.371983 0.572654 0.352877
1 0.576099 0.338730 0.572930 0.351591 0.699142 0.370513 0.689911 0.355632
1 0.569347 0.324952 0.576926 0.326238 0.577890 0.320726 0.569761 0.319440
1 0.571276 0.308050 0.571001 0.310255 0.580232 0.310989 0.580784 0.308969
1 -0.000040 0.437211 0.004859 0.437574 -0.000040 0.440114
1 -0.000040 0.433581 0.008126 0.435759 0.107756 0.398738 -0.000040 0.382405
1 -0.000040 0.366072 -0.000040 0.379502 0.110750 0.397286 0.178259 0.370791 0.053041 0.353369
1 0.058213 0.351917 0.118100 0.335948 0.230524 0.349740 0.179892 0.369339
1 0.255700 0.330596 0.258116 0.325687 0.261453 0.324613 0.261683 0.321392 0.262834 0.319857 0.262374 0.315562 0.307937 0.320471 0.275260 0.332591
1 0.315301 0.307124 0.315301 0.305897 0.315301 0.300681 0.314495 0.296846 0.359138 0.301755 0.336241 0.309119
1 0.314380 0.287641 0.311849 0.288101 0.313460 0.291937 0.314380 0.296232 0.359944 0.300988 0.377663 0.294391
1 0.386874 0.281199 0.387239 0.285576 0.385124 0.286937 0.394753 0.288202 0.409633 0.283728
1 0.385415 0.274877 0.386510 0.278184 0.386801 0.280421 0.410509 0.282852 0.421378 0.278767
1 0.162994 0.292983 0.126642 0.301061 0.147263 0.303187 0.147050 0.301912 0.148007 0.299928 0.158636 0.296243 0.169053 0.293834
1 0.125579 0.302479 0.099218 0.306872 0.100069 0.309281 0.100813 0.313391 0.146306 0.318352 0.145031 0.311974 0.145881 0.307156 0.147369 0.305313 0.147050 0.304179
1 0.100707 0.314667 0.102195 0.322037 0.100707 0.328272 0.099218 0.329264 0.099325 0.332099 0.118032 0.334933 0.147794 0.326855 0.146093 0.319485
1 0.064415 0.265076 0.061832 0.263600 0.062109 0.262001 0.049104 0.260402 0.053716 0.264338 0.055191 0.266183
1 0.057128 0.270733 0.057497 0.272455 0.069488 0.273930 0.080649 0.278112 0.085814 0.284015 0.108136 0.277374
1 0.055468 0.266920 0.057036 0.269503 0.108873 0.276513 0.140972 0.272086 0.090610 0.266305 0.082494 0.266797 0.074008 0.266797 0.065983 0.265568
1 0.060449 0.254622 0.042739 0.257205 0.047905 0.258681 0.048919 0.259664 0.062663 0.261017 0.065061 0.259787 0.072901 0.258804 0.079358 0.258927 0.085353 0.258927 0.090703 0.259541 0.094853 0.259664 0.099004 0.262001 0.108781 0.260156
1 0.112563 0.261140 0.099465 0.263108 0.098358 0.265076 0.094023 0.266060 0.142079 0.271594 0.164031 0.267412
1 0.143647 0.257574 0.118651 0.260648 0.164308 0.266551 0.163017 0.260402
1 0.131287 0.250564 0.127413 0.252285 0.126952 0.254007 0.143831 0.256836 0.157390 0.255237 0.157021 0.253023