0 0.000156 0.525419 0.016051 0.523165 0.043446 0.522714 0.062723 0.523165 0.082339 0.513695 0.109057 0.501520 0.127997 0.498363 0.134084 0.494756 0.158773 0.496108 0.200034 0.504225 0.229458 0.510538 0.274777 0.522714 0.284247 0.525419 0.297775 0.533085 0.318405 0.567357 0.322125 0.595315 0.325169 0.601628 0.326860 0.606588 0.326522 0.620116 0.318067 0.653035 0.299466 0.690914 0.287629 0.707598 0.278159 0.713911 0.256514 0.716166 0.234531 0.721126 0.230472 0.725185 0.218635 0.739615 0.204092 0.743222 0.186168 0.739164 0.174669 0.728341 0.166214 0.718421 0.158097 0.709853 0.079295 0.696325 0.000156 0.682346
0 0.784781 0.547645 0.780565 0.551613 0.773372 0.558227 0.765932 0.563518 0.764940 0.563187 0.759236 0.567486 0.758491 0.571123 0.752043 0.581375 0.746835 0.590965 0.745347 0.596586 0.745099 0.600555 0.743611 0.606507 0.741874 0.616758 0.742122 0.627010 0.744107 0.633293 0.749067 0.636269 0.754027 0.636269 0.758988 0.634285 0.807599 0.710012 0.806111 0.721586 0.807847 0.735475 0.811815 0.742089 0.816527 0.747380 0.824216 0.750687 0.831656 0.749364 0.833144 0.748372 0.842569 0.757631 0.857450 0.769867 0.870595 0.778134 0.885724 0.786401 0.894900 0.788385 0.919702 0.794338 0.925902 0.791692 0.933839 0.790370 0.937807 0.786732 0.940287 0.779126 0.941527 0.772512 0.943759 0.767221 0.947976 0.763253 0.951200 0.757631 0.951200 0.752671 0.951200 0.742750 0.950208 0.731507 0.944255 0.716626 0.933839 0.696785 0.926398 0.682565 0.917718 0.664047 0.920694 0.659086 0.918958 0.655118 0.915982 0.651811 0.911517 0.651811 0.899861 0.628332 0.889444 0.611137 0.870843 0.589973 0.844305 0.568809 0.822728 0.556904 0.807599 0.550290 0.797678 0.548637 0.789741 0.547645
0 1.000059 0.576745 0.987162 0.580052 0.981210 0.579391 0.977241 0.579391 0.974513 0.580052 0.972281 0.583028 0.961616 0.584351 0.938303 0.584682 0.931111 0.584682 0.924166 0.587989 0.916726 0.595594 0.913253 0.600224 0.909781 0.614113 0.909781 0.618743 0.913501 0.622380 0.913253 0.624695 0.918462 0.628332 0.923174 0.632301 0.933591 0.641560 0.949216 0.652803 0.962113 0.664047 0.971785 0.669007 0.974513 0.669999 0.975009 0.673967 0.976001 0.677605 0.979474 0.680912 0.982946 0.682565 0.984186 0.679258 0.986418 0.677274 0.988898 0.667684 0.996091 0.659417 0.999811 0.655449 1.000059 0.654788
0 0.778485 0.357939 0.776655 0.353547 0.773911 0.351840 0.767873 0.349888 0.761835 0.348425 0.759822 0.348912 0.758908 0.354279
0 0.821298 0.362330 0.823493 0.359890 0.828433 0.358670 0.833373 0.361110 0.838862 0.365989
0 0.848010 0.367941 0.849657 0.364281 0.858622 0.366477 0.861001 0.367453 0.865209 0.371844
0 0.898325 0.380138 0.898874 0.378918 0.901618 0.378430 0.904912 0.376967 0.914243 0.379162 0.917170 0.382334 0.918085 0.384041
0 0.951567 0.391604 0.955409 0.388676 0.965655 0.389896 0.971510 0.392336 0.976267 0.396971
0 0.747159 0.373141 0.750005 0.373740 0.753226 0.378035 0.756447 0.381530 0.756297 0.382729 0.755173 0.384327 0.754724 0.385226 0.753226 0.385425 0.753001 0.384726 0.749256 0.383528 0.748357 0.384227 0.746484 0.383528 0.745960 0.382329 0.745735 0.381530
0 0.918305 0.442869 0.920149 0.443853 0.922732 0.442869 0.923839 0.443361 0.925499 0.445083 0.928820 0.445329 0.930111 0.444591 0.932140 0.441393 0.932232 0.440041 0.930757 0.437950 0.926975 0.435121 0.923931 0.430817 0.919135 0.427373 0.911479 0.425160 0.903731 0.426143 0.902809 0.428726 0.901702 0.432539 0.901702 0.435490 0.901702 0.437089 0.903178 0.437827 0.905945 0.430202 0.920887 0.434506
0 0.828189 0.409418 0.830956 0.404498 0.834738 0.403392 0.843685 0.405605 0.847005 0.407081 0.850326 0.411508 0.855675 0.415813 0.854845 0.418641 0.852908 0.420363 0.852632 0.420363 0.850971 0.421224 0.850602 0.420486 0.850049 0.419502 0.846544 0.418518 0.845160 0.419748 0.843039 0.419133 0.842209 0.416428 0.839257 0.415567 0.838150 0.416305 0.837136 0.416059 0.836767 0.414952 0.835937 0.414214 0.833077 0.413353 0.831048 0.414706 0.829480 0.413845 0.828742 0.411262 0.828373 0.409418
0 0.999991 0.503504 0.996512 0.504277 0.992019 0.503891 0.986801 0.502731 0.982598 0.501572 0.979264 0.500992 0.975785 0.502538 0.972451 0.506983 0.969408 0.513940 0.971872 0.515679 0.971727 0.517805 0.972451 0.519738 0.975930 0.521670 0.979409 0.522444 0.982743 0.522444 0.987526 0.524183 0.997092 0.528435 0.999991 0.529981
0 0.916648 0.447459 0.921721 0.446493 0.926939 0.445720 0.932737 0.446686 0.940854 0.449392 0.946796 0.451324 0.955203 0.455962 0.956073 0.460794 0.957522 0.462340 0.957087 0.465239 0.956363 0.467558 0.955493 0.471423 0.954768 0.473162 0.953609 0.474322 0.953029 0.473935 0.951290 0.472003 0.950855 0.471230 0.948971 0.468524 0.940419 0.463113 0.928388 0.458281 0.914329 0.454416
0 0.955493 0.477994 0.951724 0.472969 0.949405 0.469297 0.939404 0.462340 0.926359 0.457508 0.913459 0.454223 0.904618 0.454416 0.900559 0.455769 0.897660 0.456542 0.894182 0.455576 0.889833 0.456156 0.886065 0.458475 0.883891 0.462340 0.882876 0.467171 0.884905 0.468331 0.891717 0.470457 0.896066 0.472969 0.902153 0.476448 0.910415 0.482246 0.919402 0.491909 0.924040 0.494228 0.925490 0.491329 0.935491 0.494228 0.937520 0.497127 0.943753 0.498479 0.945637 0.497513 0.946651 0.495581 0.950710 0.495387 0.953464 0.492682 0.954623 0.488430 0.954768 0.484951 0.955348 0.477801
0 0.889108 0.456349 0.884325 0.449778 0.881716 0.448232 0.877803 0.442821 0.873889 0.437410 0.869251 0.434704 0.859105 0.431032 0.850118 0.429486 0.845190 0.428906 0.839393 0.431998 0.837363 0.435670 0.835334 0.441275 0.835479 0.444174 0.835624 0.445140 0.836349 0.448812 0.837073 0.450165 0.839972 0.451131 0.842871 0.450358 0.857656 0.458475 0.857945 0.460987 0.859975 0.462920 0.863598 0.463113 0.865628 0.461953 0.869541 0.464273 0.875774 0.466012 0.879397 0.466785 0.882586 0.467171 0.883456 0.466012 0.884470 0.462340 0.885775 0.459248 0.888964 0.455962
0 0.999991 0.546021 0.995353 0.543316 0.991439 0.540803 0.988540 0.536358 0.979699 0.525342 0.973176 0.520897 0.962016 0.516259 0.953029 0.510075 0.947086 0.506983 0.932882 0.503697 0.922591 0.501572 0.910705 0.501572 0.909691 0.503697 0.903748 0.506403 0.898675 0.509882 0.894761 0.512974 0.893312 0.517032 0.890848 0.521477 0.889833 0.524956 0.888529 0.530174 0.890413 0.534039 0.895921 0.535972 0.897805 0.539450 0.899544 0.542156 0.904907 0.545635 0.911575 0.547954 0.916648 0.549307 0.922881 0.552592 0.925490 0.554718 0.926359 0.558583 0.928968 0.562448 0.933027 0.563994 0.938969 0.565154 0.941868 0.564574 0.945637 0.562835 0.991439 0.574044 0.991874 0.576749 0.995498 0.577716 1.000571 0.577136
0 0.842871 0.469297 0.848669 0.468331 0.864033 0.464466 0.878817 0.466785 0.890558 0.470457 0.899110 0.475095 0.912445 0.484565 0.919402 0.492295 0.924475 0.495001 0.927084 0.497513 0.927519 0.500799 0.927664 0.502151 0.921576 0.500799 0.910705 0.501572 0.909691 0.503697 0.900559 0.508336 0.895486 0.513167 0.893022 0.517032 0.890993 0.516259 0.893892 0.508529 0.892877 0.503891 0.885630 0.490942 0.886210 0.489396 0.876208 0.483019 0.864033 0.476255 0.850118 0.471423 0.842726 0.469877
0 0.791996 0.473356 0.782574 0.472969 0.774313 0.473742 0.767355 0.476061 0.764746 0.478960 0.764311 0.480700 0.762717 0.482825 0.761847 0.488430 0.759963 0.492102 0.760253 0.495967 0.764022 0.498673 0.765906 0.501765 0.772283 0.506210 0.779096 0.510075 0.785473 0.515486 0.787358 0.519738 0.790401 0.523023 0.795330 0.525536 0.800403 0.527275 0.803446 0.526115 0.807070 0.523217 0.809099 0.520511 0.855481 0.533266 0.856931 0.537904 0.858380 0.540996 0.863019 0.544089 0.867802 0.546021 0.872150 0.544475 0.875339 0.540417 0.878238 0.535972 0.884615 0.533653 0.889108 0.523410 0.891573 0.513167 0.893457 0.507369 0.892732 0.503118 0.885775 0.491715 0.885775 0.489203 0.874034 0.482052 0.863743 0.475868 0.842147 0.469104 0.828232 0.466785 0.821999 0.466592 0.816201 0.467171 0.809534 0.468331 0.799678 0.471423
0 0.843104 0.469490 0.843824 0.466289 0.835904 0.461009 0.824743 0.455089 0.810822 0.449328 0.797861 0.445808 0.789221 0.444688 0.781540 0.445168 0.769659 0.449488 0.765819 0.450288 0.758859 0.449808 0.747098 0.450128 0.741698 0.450928 0.737257 0.454769 0.735097 0.463089 0.733537 0.466769 0.733057 0.468850 0.738577 0.473970 0.742178 0.478130 0.747338 0.481170 0.756579 0.485491 0.756579 0.489331 0.758379 0.491891 0.760539 0.491731 0.762219 0.486931 0.762339 0.483410 0.764499 0.480850 0.765819 0.478770 0.767139 0.476690 0.774340 0.473970 0.784180 0.473330 0.791981 0.473010 0.807582 0.468850 0.821983 0.466929 0.832783 0.467569
0 0.843104 0.468690 0.846944 0.468050 0.847904 0.463569 0.846824 0.459249 0.839984 0.454129 0.834944 0.451568 0.827023 0.439728 0.821263 0.433807 0.811062 0.429167 0.807342 0.427087 0.792581 0.423727 0.785380 0.424687 0.778300 0.427567 0.773260 0.429647 0.770859 0.433487 0.769419 0.437648 0.768099 0.442128 0.768219 0.447088 0.770499 0.449008 0.780580 0.445328 0.791741 0.445008 0.803862 0.447888 0.817662 0.452048 0.827143 0.456689 0.837824 0.462449 0.843944 0.466289
0 0.806262 0.426607 0.805182 0.421647 0.795461 0.416366 0.788501 0.413166 0.773260 0.408686 0.768459 0.409326 0.762219 0.411566 0.754058 0.413966 0.749738 0.414126 0.739177 0.414286 0.742178 0.417326 0.745538 0.419886 0.751178 0.422767 0.752978 0.426447 0.752498 0.432847 0.754418 0.435407 0.757179 0.438128 0.759459 0.439248 0.760899 0.438128 0.767979 0.441328 0.771580 0.433327 0.773380 0.430287 0.784780 0.424527 0.793901 0.424207 0.801461 0.425967
0 0.727777 0.407406 0.733417 0.407086 0.744218 0.404205 0.751298 0.403885 0.761619 0.406286 0.767139 0.409326 0.759939 0.412526 0.753818 0.414286 0.742658 0.414446 0.738817 0.414126 0.732937 0.410606
0 0.683614 0.407726 0.680974 0.414606 0.679294 0.415886 0.677974 0.421167 0.678334 0.424687 0.681574 0.427567 0.687934 0.431727 0.689374 0.435087 0.692374 0.437648 0.694295 0.438288 0.697055 0.441328 0.702575 0.442928 0.706655 0.442288 0.708695 0.440368 0.740618 0.450448 0.744338 0.450448 0.754538 0.450928 0.758379 0.450288 0.759699 0.448208 0.759939 0.442928 0.759459 0.440048 0.753098 0.433327 0.746498 0.429807 0.739657 0.427087 0.732817 0.417326 0.721896 0.409966 0.710736 0.406286 0.701495 0.406126 0.692734 0.407886 0.687454 0.408366
0 0.702335 0.389164 0.702455 0.391405 0.701975 0.397165 0.710136 0.403085 0.713856 0.403565 0.725977 0.406286 0.728017 0.406766 0.738937 0.404845 0.733057 0.401005 0.729697 0.395725 0.724536 0.391245 0.716256 0.388044 0.708575 0.386924 0.704255 0.388204
0 0.677733 0.422607 0.673173 0.419406 0.672093 0.418286 0.672693 0.415246 0.674013 0.411566 0.675453 0.407886 0.678814 0.405806 0.686374 0.405485 0.695375 0.405966 0.702935 0.404045 0.710016 0.403085 0.720096 0.405005 0.725977 0.406606 0.734017 0.411406 0.739297 0.414926 0.743498 0.418926 0.749378 0.421647 0.751898 0.422927 0.752498 0.427247 0.752018 0.432367 0.739777 0.427567 0.735337 0.421167 0.730657 0.416206 0.718896 0.408686 0.709296 0.406126 0.700775 0.406286 0.693935 0.407406 0.688294 0.408686 0.683974 0.408046 0.680854 0.414446 0.678814 0.416366 0.677854 0.422127
0 0.654274 0.375225 0.649982 0.379422 0.648360 0.380822 0.647597 0.383111 0.646452 0.386418 0.645212 0.390869 0.643781 0.393159 0.643781 0.396084 0.646643 0.399391 0.650077 0.400281 0.652271 0.404733 0.655228 0.407022 0.658853 0.408548 0.662859 0.409948 0.667438 0.408294 0.667915 0.407277 0.674402 0.409439 0.676977 0.407149 0.681365 0.405878 0.695197 0.405496 0.709219 0.402443 0.701779 0.397865 0.697295 0.396211 0.693480 0.390869 0.688901 0.384764 0.683082 0.381712 0.670681 0.377769 0.658185 0.374971
0 0.659425 0.375098 0.667152 0.373317 0.675451 0.374208 0.685562 0.378787 0.691572 0.382729 0.698440 0.387435 0.701111 0.389089 0.702065 0.389597 0.701683 0.396720 0.697295 0.396084 0.689092 0.385273 0.682510 0.381585 0.671826 0.377896
0 0.635768 0.387054 0.634051 0.384764 0.631667 0.382857 0.631571 0.379550 0.634242 0.375225 0.637581 0.372809 0.648360 0.372682 0.656850 0.369756 0.663909 0.368612 0.672017 0.370519 0.681556 0.374335 0.686135 0.375988 0.686135 0.378405 0.676786 0.374462 0.671158 0.373445 0.666103 0.373317 0.658853 0.375098 0.653797 0.375225 0.651985 0.377133 0.641683 0.376879 0.639202 0.378023 0.637581 0.380313 0.636627 0.382984 0.635387 0.386672
0 0.686325 0.379041 0.686516 0.378023 0.692526 0.378151 0.701779 0.381585 0.707884 0.386418 0.701779 0.388962 0.696055 0.385782 0.688806 0.380949
0 0.664481 0.368612 0.664767 0.366704 0.661047 0.364033 0.654560 0.361362 0.643018 0.358564 0.639584 0.359200 0.634910 0.360853 0.630427 0.362507 0.626039 0.361743 0.620697 0.361998 0.617263 0.363270 0.616404 0.365559 0.615259 0.369756 0.614973 0.371791 0.619838 0.376243 0.621460 0.378278 0.624798 0.380058 0.629568 0.381966 0.631571 0.381330 0.631762 0.379550 0.633479 0.376243 0.636913 0.372554 0.648074 0.372300 0.658471 0.369375
0 0.486149 0.456128 0.484975 0.457955 0.478709 0.459522 0.473031 0.464221 0.466765 0.470225 0.463240 0.475969 0.459912 0.481974 0.456779 0.487195 0.454234 0.493199 0.451492 0.501293 0.449926 0.508080 0.449339 0.517740 0.449730 0.527139 0.451101 0.531577 0.457562 0.537842 0.461282 0.539409 0.464415 0.542803 0.465786 0.550635 0.470877 0.559772 0.477730 0.562383 0.485170 0.563166 0.490261 0.559772 0.494765 0.556117 0.497702 0.554029 0.592274 0.580136 0.594624 0.584313 0.599127 0.589795 0.608721 0.594755 0.614204 0.594494 0.619099 0.591884 0.622819 0.588490 0.625952 0.584574 0.639658 0.586401 0.647490 0.584313 0.649448 0.579352 0.652581 0.564210 0.651994 0.554551 0.649448 0.542803 0.643574 0.533143 0.631434 0.520351 0.616358 0.510169 0.600106 0.501554 0.584442 0.485106 0.570148 0.473880 0.543519 0.461871 0.521002 0.456911 0.506121 0.455867 0.492611 0.456128
0 0.458541 0.483540 0.456387 0.473619 0.455996 0.466570 0.456779 0.456911 0.460891 0.451167 0.462653 0.442813 0.465003 0.432370 0.471268 0.430804 0.485954 0.431587 0.500247 0.427932 0.510820 0.426105 0.528834 0.427671 0.547240 0.432892 0.561141 0.439941 0.567603 0.445946 0.581505 0.463177 0.586596 0.465526 0.599127 0.471009 0.610484 0.476752 0.619490 0.483540 0.624386 0.486934 0.626931 0.493461 0.629672 0.497638 0.632218 0.507036 0.631434 0.513302 0.630455 0.517479 0.629868 0.519306 0.619099 0.510952 0.608330 0.505992 0.600302 0.501554 0.585813 0.486412 0.575043 0.477796 0.559771 0.468920 0.542736 0.461610 0.517086 0.456650 0.499855 0.455867 0.485758 0.456128 0.484387 0.457955 0.477730 0.459522 0.469702 0.467354 0.463632 0.474925 0.459129 0.483018
0 0.481651 0.431373 0.481421 0.428612 0.479465 0.427078 0.476013 0.424009 0.473136 0.419407 0.473021 0.414344 0.473712 0.409128 0.475898 0.403912 0.478889 0.399157 0.482226 0.393941 0.486483 0.392253 0.501671 0.392713 0.512372 0.393480 0.519965 0.388418 0.529976 0.380440 0.538145 0.379827 0.546544 0.379213 0.555979 0.380440 0.573123 0.384122 0.591877 0.389031 0.593603 0.392407 0.597400 0.393174 0.603383 0.395015 0.606950 0.401151 0.605684 0.404373 0.603728 0.407134 0.604994 0.414805 0.609366 0.415112 0.610862 0.416799 0.612473 0.422168 0.612128 0.427538 0.612013 0.431833 0.610977 0.437510 0.609481 0.441192 0.607870 0.444260 0.605684 0.445487 0.603383 0.445640 0.603613 0.449169 0.602923 0.451930 0.601312 0.453618 0.599356 0.454692 0.597860 0.454692 0.590266 0.454692 0.588656 0.454385 0.586815 0.455919 0.584629 0.456533 0.583133 0.456533 0.582327 0.457300 0.581292 0.459141 0.579336 0.460061 0.575769 0.456840 0.566449 0.446101 0.561962 0.440731 0.545854 0.432294 0.528020 0.427691 0.515593 0.427231 0.509495 0.426617 0.498564 0.428458 0.485678 0.431833
0 0.575424 0.384276 0.566679 0.379827 0.547810 0.373383 0.531126 0.371236 0.522612 0.373690 0.511796 0.377372 0.501786 0.375838 0.492696 0.375531 0.483607 0.376759 0.479695 0.378753 0.477854 0.382435 0.477163 0.385503 0.476588 0.391639 0.476703 0.395015 0.478889 0.397929 0.482456 0.393480 0.487404 0.392100 0.512256 0.393327 0.529860 0.379980 0.547004 0.379520 0.560006 0.380747
0 0.495779 0.375246 0.493009 0.372205 0.493498 0.365579 0.495208 0.359822 0.499037 0.357867 0.513538 0.358084 0.519403 0.355803 0.525921 0.352436 0.533415 0.352219 0.544495 0.355043 0.551745 0.357432 0.560380 0.363950 0.565513 0.369924 0.568282 0.370358 0.569912 0.373617 0.570482 0.376224 0.569912 0.379591 0.569667 0.381220 0.558099 0.376658 0.547264 0.373725 0.537326 0.372205 0.530320 0.371879 0.521847 0.373725 0.512235 0.377201 0.501074 0.375572
0 0.498223 0.357975 0.498793 0.351350 0.501318 0.349069 0.506369 0.347874 0.514678 0.347657 0.524291 0.344832 0.531053 0.343094 0.530971 0.342551 0.526572 0.339944 0.527143 0.337012 0.531134 0.335708 0.539281 0.337012 0.548079 0.339619 0.556552 0.342660 0.557855 0.345050 0.557855 0.346679 0.555492 0.347982 0.551012 0.347874 0.551012 0.348743 0.560299 0.352001 0.561521 0.356998 0.562498 0.359279 0.563150 0.361994 0.563069 0.365036 0.562824 0.366448 0.559810 0.363298 0.552641 0.357650 0.541073 0.354065 0.531868 0.352219 0.525513 0.352653 0.518833 0.356020 0.513212 0.357867 0.501807 0.357867
0 0.528935 0.336034 0.521277 0.332993 0.512886 0.330712 0.508894 0.330386 0.506939 0.330929 0.505554 0.330929 0.504577 0.332341 0.503192 0.334948 0.501400 0.341139 0.500341 0.342769 0.499770 0.345701 0.499852 0.349503 0.503192 0.348308 0.507021 0.348308 0.514108 0.347874 0.530564 0.343094 0.530727 0.342443 0.526735 0.340162 0.527224 0.337012
0 0.499607 0.346136 0.496430 0.343638 0.496756 0.338315 0.498060 0.334079 0.499282 0.330929 0.503192 0.326584 0.508569 0.326367 0.516878 0.327996 0.524862 0.330495 0.530483 0.335708 0.529016 0.336143 0.520788 0.332993 0.510931 0.330495 0.507754 0.330820 0.505880 0.330929 0.504251 0.332667 0.502459 0.337012 0.500585 0.341574 0.500096 0.345593
0 0.496186 0.339619 0.495371 0.337229 0.495616 0.333970 0.497326 0.332450 0.498060 0.327779 0.502459 0.324412 0.506858 0.321370 0.510524 0.321588 0.520707 0.324412 0.524943 0.326150 0.528202 0.329408 0.534230 0.335708 0.530483 0.335708 0.524780 0.330495 0.515819 0.327996 0.508080 0.326476 0.503436 0.326693 0.499200 0.331146 0.496756 0.339184
0 0.541888 0.337663 0.543843 0.335926 0.549220 0.336577 0.550686 0.337446 0.557203 0.334622 0.561439 0.334948 0.566653 0.336469 0.572193 0.338858 0.578140 0.343746 0.580991 0.347222 0.581806 0.349829 0.581969 0.353088 0.581317 0.355912 0.580339 0.357650 0.578303 0.357975 0.577162 0.359170 0.575370 0.359496 0.572926 0.359170 0.567631 0.357432 0.562743 0.356563 0.560951 0.354717 0.560299 0.350915 0.551338 0.348308 0.556714 0.347657 0.558018 0.346353 0.557692 0.344072 0.556226 0.342226
0 0.536348 0.336143 0.536674 0.332776 0.538629 0.328757 0.548079 0.328539 0.552641 0.326801 0.556552 0.324846 0.567142 0.326584 0.574229 0.329626 0.577407 0.331364 0.579362 0.337120 0.578629 0.341791 0.577814 0.343529 0.571541 0.338641 0.565024 0.336360 0.560299 0.334948 0.556633 0.335274 0.550034 0.337555 0.546124 0.336469 0.543436 0.336469 0.541806 0.337555
0 0.218642 0.382693 0.210958 0.383912 0.201992 0.387328 0.198333 0.389523 0.195772 0.392694 0.196504 0.397817 0.191198 0.403916 0.186075 0.410015 0.182598 0.415626 0.180952 0.420749 0.180403 0.426604 0.180037 0.432946 0.180037 0.440509 0.178207 0.450023 0.178756 0.456609 0.177475 0.462708 0.178024 0.466611 0.182050 0.472466 0.186441 0.476613 0.198150 0.482224 0.199614 0.485396 0.201626 0.493202 0.206932 0.501984 0.211324 0.507351 0.221386 0.509059 0.225961 0.507595 0.231266 0.503448 0.236206 0.499301 0.239683 0.493934 0.342874 0.519549 0.345069 0.527599 0.354583 0.534917 0.364280 0.538821 0.370867 0.537845 0.378551 0.534673 0.380747 0.529794 0.384406 0.525159 0.392273 0.524428 0.404898 0.523208 0.413497 0.517353 0.414961 0.511010 0.416059 0.503692 0.418986 0.493202 0.419535 0.485396 0.419352 0.479541 0.418986 0.472466 0.416242 0.465392 0.408740 0.455634 0.401788 0.449291 0.386053 0.443192 0.372148 0.439045 0.364829 0.435874 0.350192 0.417821 0.331896 0.401721 0.322199 0.396354 0.308477 0.391475 0.285240 0.386596 0.261638 0.383180 0.246635 0.380741 0.229986 0.381473 0.217910 0.382693
0 0.308501 0.391402 0.309551 0.387376 0.310077 0.382124 0.315329 0.374071 0.322550 0.368118 0.330428 0.367068 0.353800 0.366367 0.364173 0.362691 0.373758 0.358664 0.389383 0.359190 0.404614 0.362691 0.416563 0.368468 0.427855 0.375646 0.437177 0.382474 0.448863 0.388951 0.448469 0.393153 0.448995 0.397705 0.449782 0.399981 0.450833 0.404883 0.447682 0.412936 0.444136 0.418538 0.439278 0.422040 0.432188 0.422390 0.424441 0.422915 0.421684 0.427292 0.416038 0.429568 0.406059 0.426767 0.402514 0.423615 0.399756 0.418713 0.342508 0.406634 0.338701 0.408909 0.329115 0.400156 0.320581 0.396304
0 0.333842 0.366542 0.335812 0.361290 0.341589 0.358139 0.360891 0.356914 0.375334 0.353587 0.388858 0.347985 0.408422 0.347635 0.426148 0.353237 0.433501 0.357964 0.440591 0.363391 0.452802 0.369694 0.452934 0.378097 0.453065 0.385275 0.452015 0.389477 0.449257 0.392103 0.448732 0.389127 0.435602 0.381774 0.414725 0.367593 0.401463 0.361991 0.387808 0.358664 0.372708 0.358839 0.355376 0.366017 0.344215 0.366367
0 0.395721 0.347632 0.396932 0.343249 0.400999 0.335405 0.406363 0.333559 0.417523 0.333674 0.425570 0.329522 0.433270 0.328368 0.448497 0.330560 0.462772 0.332636 0.475577 0.336443 0.476874 0.342326 0.476182 0.352247 0.476009 0.359745 0.474538 0.363552 0.467098 0.365051 0.464848 0.364705 0.463118 0.367704 0.459311 0.369550 0.455937 0.369089 0.452130 0.366320 0.451179 0.363206 0.435519 0.359514 0.428079 0.353977 0.422109 0.352016 0.412246 0.348901 0.406622 0.347863 0.399355 0.347979
0 0.407055 0.333328 0.409564 0.327676 0.415707 0.326176 0.427040 0.325830 0.436644 0.322831 0.449535 0.321562 0.466492 0.324100 0.471510 0.325715 0.476528 0.330444 0.475663 0.336904 0.462339 0.332752 0.447545 0.330329 0.436125 0.328714 0.426348 0.328945 0.420898 0.332059 0.417177 0.333213
0 0.000055 0.250673 0.026696 0.256753 0.028136 0.260114 0.032337 0.260434 0.040017 0.262514 0.042897 0.262994 0.043497 0.260114 0.051778 0.260914 0.053338 0.262994 0.061499 0.263634 0.062219 0.261874 0.064379 0.260114 0.064859 0.258193 0.064499 0.250513 0.063179 0.247473 0.051178 0.240272 0.046858 0.237872 0.035457 0.228912 0.028857 0.224591 0.015776 0.219151 0.001735 0.215311 -0.000305 0.215311
0 0.000175 0.215311 -0.000185 0.212110 0.006535 0.213711 0.020216 0.217071 0.032457 0.219151 0.037617 0.222031 0.044698 0.225711 0.047818 0.234512 0.048178 0.238352 0.042537 0.234512 0.032457 0.226191 0.020696 0.221391 0.012175 0.218031 0.001375 0.215471
0 0.058018 0.223791 0.046618 0.220431 0.035097 0.219471 0.044818 0.225231 0.047458 0.231472 0.049258 0.230352 0.051778 0.228752 0.052978 0.226511 0.053578 0.224751
0 0.084540 0.229232 0.092101 0.229072 0.103621 0.230672 0.113102 0.234352 0.118742 0.237712 0.127023 0.245713 0.133623 0.248753 0.137943 0.252273 0.139144 0.256913 0.139744 0.259474 0.139744 0.262834 0.137583 0.264754 0.135663 0.265234 0.133743 0.266994 0.129903 0.266674 0.129063 0.264914 0.128463 0.263634 0.126423 0.263474 0.125343 0.263154 0.124383 0.263314 0.124143 0.265234 0.121022 0.266034 0.119102 0.265394 0.120062 0.263154 0.120062 0.260754 0.120062 0.258513 0.119582 0.254353 0.116822 0.249713 0.114782 0.248433 0.107942 0.245233 0.101101 0.239312 0.094741 0.234512 0.089340 0.231472
0 0.053698 0.224911 0.058618 0.224111 0.067139 0.225551 0.080220 0.227471 0.083700 0.229072 0.097261 0.235952 0.107702 0.244753 0.117062 0.249233 0.119462 0.254193 0.120062 0.264274 0.116102 0.264914 0.114182 0.266994 0.111182 0.266514 0.108902 0.264594 0.107582 0.263154 0.102901 0.262674 0.098941 0.266354 0.094381 0.265074 0.089820 0.263154 0.088140 0.259794 0.065099 0.255153 0.063299 0.248273 0.059218 0.245393 0.051898 0.240752 0.047818 0.237872 0.047338 0.231632 0.052138 0.228752
0 0.196627 0.263314 0.196507 0.258513 0.194707 0.251153 0.192067 0.246673 0.181266 0.242832 0.170946 0.240912 0.162305 0.240752 0.157745 0.240752 0.149344 0.244113 0.146224 0.245713 0.140224 0.245553 0.136863 0.246833 0.135663 0.249233 0.137943 0.252113 0.139864 0.260594 0.142864 0.261714 0.145264 0.261394 0.147304 0.259634 0.171786 0.264594 0.174186 0.268114 0.176586 0.266834 0.178386 0.263794 0.180066 0.262194 0.191587 0.262674
0 -0.000305 0.257393 0.016496 0.258833 0.025616 0.260114 0.045658 0.264434 0.058378 0.267794 0.062579 0.269554 0.063779 0.271314 0.067859 0.272594 0.069899 0.275955 0.078060 0.285715 0.079140 0.290035 0.080460 0.293396 0.081300 0.300436 0.082860 0.307797 0.081060 0.310677 0.076980 0.311637 0.073259 0.311957 0.071579 0.314517 0.068579 0.316437 0.065939 0.316917 0.060058 0.313877 0.053458 0.307797 0.043737 0.301076 0.034017 0.294516 0.022976 0.289555 0.016616 0.286515 -0.000065 0.283315
0 -0.000065 0.283635 0.016136 0.286355 0.033897 0.294516 0.052498 0.307477 0.061259 0.315477 0.074459 0.321397 0.087540 0.327798 0.093901 0.332758 0.096181 0.336598 0.098221 0.341399 0.099181 0.347159 0.098581 0.355960 0.098341 0.358680 0.093781 0.359480 0.088380 0.359960 0.081420 0.361400 0.072539 0.363160 0.063419 0.363960 0.052138 0.363800 0.048418 0.363480 0.047098 0.365400 0.042057 0.367000 0.038577 0.367320 0.033417 0.365560 0.028496 0.362520 0.022376 0.355160 -0.000185 0.349879
0 0.045778 0.263954 0.053578 0.263634 0.065579 0.264914 0.085140 0.267634 0.090060 0.269714 0.106381 0.281555 0.116462 0.285075 0.117422 0.289715 0.118622 0.296436 0.118982 0.301076 0.117782 0.305396 0.114422 0.307157 0.112022 0.307637 0.110222 0.309397 0.109022 0.311157 0.105421 0.313237 0.102541 0.312597 0.100621 0.310197 0.097861 0.307317 0.093061 0.307637 0.089100 0.307637 0.088740 0.310997 0.087060 0.312917 0.082860 0.314037 0.079980 0.313237 0.078540 0.311957 0.080700 0.310677 0.081900 0.308757 0.081900 0.305236 0.079140 0.290676 0.078540 0.286195 0.070379 0.276115 0.068339 0.272434 0.063179 0.270354 0.062459 0.268914
0 0.150374 0.296343 0.143293 0.296183 0.135133 0.296503 0.131893 0.297143 0.126732 0.297944 0.123372 0.300344 0.120732 0.304664 0.120852 0.307864 0.121212 0.312184 0.122172 0.315865 0.124572 0.317945 0.126372 0.319065 0.127812 0.319545 0.128772 0.321625 0.131292 0.325145 0.133573 0.326425 0.137173 0.326745 0.139693 0.326745 0.142573 0.323865 0.142933 0.322905 0.188416 0.333466 0.190216 0.336826 0.192376 0.339066 0.195977 0.340506 0.199577 0.340986 0.203537 0.340186 0.204977 0.338906 0.206297 0.336666 0.215418 0.336666 0.222738 0.336666 0.229939 0.336186 0.237139 0.335386 0.238579 0.333146 0.239659 0.328825 0.239419 0.322265 0.236059 0.312824 0.231619 0.310104 0.225979 0.307864 0.214458 0.298424 0.204977 0.292823 0.190696 0.289143 0.176775 0.288823 0.167055 0.289303 0.159854 0.291863
0 0.186736 0.287863 0.185296 0.281462 0.181576 0.279062 0.171855 0.272822 0.165495 0.270742 0.157694 0.268822 0.146413 0.267702 0.138253 0.267702 0.128652 0.270422 0.121212 0.273462 0.114971 0.274582 0.107651 0.277142 0.106931 0.279222 0.107051 0.282423 0.116172 0.285303 0.118812 0.297623 0.120972 0.295863 0.129972 0.297784 0.137773 0.296663 0.149894 0.296983 0.161414 0.291863 0.168495 0.289143 0.180376 0.288663
0 0.172695 0.272982 0.174255 0.268182 0.177135 0.266582 0.179776 0.262101 0.197177 0.263541 0.211698 0.267062 0.218418 0.272662 0.224178 0.277942 0.228379 0.280022 0.220818 0.280502 0.214098 0.280182 0.208937 0.280182 0.206297 0.281942 0.202217 0.287543 0.201257 0.289623 0.201257 0.291223 0.187336 0.288663 0.186256 0.288663 0.185536 0.281622 0.180016 0.277782
0 0.200979 0.291921 0.202233 0.288744 0.205744 0.282558 0.210133 0.279715 0.227564 0.280384 0.241233 0.283059 0.250136 0.287407 0.265561 0.296603 0.274966 0.307137 0.279229 0.307638 0.280734 0.313992 0.281487 0.319342 0.281236 0.322686 0.277223 0.325529 0.270577 0.328037 0.264432 0.328037 0.262049 0.327702 0.258789 0.330712 0.254024 0.330712 0.248506 0.328204 0.246625 0.325529 0.239603 0.323857 0.238098 0.318673 0.235966 0.312821 0.228066 0.308474 0.225683 0.307805 0.210008 0.295432
0 0.214522 0.269015 0.219538 0.264834 0.228567 0.263497 0.242487 0.267008 0.250638 0.270519 0.257786 0.275870 0.261799 0.281889 0.261422 0.285568 0.257535 0.286738 0.254149 0.287908 0.246750 0.284397 0.237722 0.282056 0.231201 0.280719 0.228442 0.279715 0.220542 0.274867
0 0.237722 0.262995 0.248004 0.259484 0.256532 0.257812 0.262927 0.259818 0.269072 0.261323 0.273210 0.264166 0.265435 0.263664 0.260168 0.264500 0.254651 0.266507 0.250011 0.269182 0.242863 0.267175 0.238098 0.265838
0 0.249635 0.269851 0.256030 0.266507 0.263930 0.263831 0.273962 0.264834 0.288634 0.269349 0.292396 0.270185 0.294779 0.275034 0.296033 0.280217 0.288760 0.278378 0.280609 0.276539 0.276596 0.277876 0.273712 0.283728 0.271204 0.284230 0.265561 0.284230 0.262551 0.285066 0.261673 0.284397 0.261673 0.281220 0.257660 0.275535 0.254149 0.272860
0 0.279355 0.323522 0.282615 0.325362 0.286628 0.324693 0.288133 0.322686 0.291644 0.319844 0.291769 0.313156 0.290390 0.308474 0.284245 0.303291 0.275593 0.298275 0.267692 0.293426 0.263178 0.289748 0.256908 0.287072 0.253522 0.287908 0.252895 0.288912 0.263805 0.295767 0.266815 0.298108 0.274715 0.306969 0.279731 0.307805 0.282114 0.320680 0.280107 0.324024
0 0.259291 0.287240 0.269197 0.284564 0.280734 0.285902 0.291769 0.290082 0.301175 0.297940 0.310580 0.302789 0.320486 0.309645 0.320863 0.314661 0.320737 0.318841 0.318982 0.321349 0.313965 0.322017 0.310454 0.323355 0.305814 0.323021 0.301802 0.323522 0.298792 0.322686 0.296284 0.320680 0.292271 0.319175 0.291017 0.312989 0.289763 0.308474 0.276094 0.299278 0.268194 0.293259 0.264808 0.291085
0 0.274213 0.284899 0.276471 0.278211 0.280609 0.276371 0.296033 0.279214 0.308448 0.284063 0.317853 0.291921 0.323245 0.297272 0.326882 0.299612 0.328387 0.304127 0.327383 0.309477 0.325377 0.313992 0.320988 0.316834 0.320863 0.316333 0.320361 0.308307 0.307946 0.301284 0.301300 0.297940 0.290766 0.289580 0.281110 0.285735
0 0.309827 0.282558 0.316975 0.279883 0.322493 0.280384 0.333779 0.283227 0.339924 0.287072 0.345190 0.291921 0.353467 0.296101 0.356477 0.299278 0.357480 0.303625 0.355223 0.308140 0.353467 0.310982 0.349830 0.311985 0.348075 0.311985 0.344438 0.312320 0.341178 0.311985 0.339422 0.310481 0.336914 0.307973 0.335535 0.306969 0.330393 0.306133 0.328512 0.304127 0.327258 0.300114 0.324750 0.297940 0.320361 0.294596 0.315721 0.289413 0.309075 0.284899
1 0.212679 0.812196 -0.000437 0.760467 -0.000437 0.999980 0.267420 0.999980 0.282301 0.951794 0.227560 0.917780 0.209491 0.879515 0.205770 0.852587
1 0.422808 0.862240 0.408459 0.892002 0.381354 0.924598 0.347341 0.942314 0.317579 0.950108 0.296320 0.952943 0.281439 1.000420 0.849041 0.999711 0.823000 0.934519
1 0.366309 0.734101 0.380175 0.739964 0.399453 0.755746 0.413657 0.777391 0.422451 0.800840 0.425495 0.828798 0.424480 0.851796 0.818149 0.922593 0.726834 0.730494 0.392689 0.654736
1 0.422789 0.560490 0.394042 0.647972 0.723114 0.723279 0.675089 0.622269
1 0.298804 0.533667 0.318411 0.566646 0.322030 0.595604 0.325952 0.604854 0.327158 0.614507 0.326253 0.624159 0.324443 0.633410 0.386280 0.646682 0.416142 0.558603
1 0.419377 0.469478 0.426171 0.472497 0.435714 0.477673 0.443963 0.479614 0.435876 0.501828 0.418407 0.497515 0.419054 0.493848 0.419539 0.483496 0.419054 0.470341
1 0.348854 0.414914 0.365191 0.435618 0.374573 0.439069 0.394791 0.445755 0.402879 0.449421 0.411451 0.458048 0.413716 0.452656 0.419539 0.448774 0.431832 0.447911 0.443640 0.448774 0.452859 0.450931 0.455933 0.440794
1 0.450757 0.401327 0.451080 0.405425 0.446875 0.414699 0.463535 0.420090 0.468387 0.406503
1 0.477607 0.378961 0.476119 0.383071 0.453691 0.377686 0.452841 0.370316 0.462088 0.371733 0.462726 0.373859 0.468041 0.376552 0.473249 0.377686
1 0.978163 0.578406 0.974214 0.579779 0.972840 0.581611 0.970951 0.582756 0.959447 0.585045 0.955498 0.582756 0.945883 0.580695 0.939701 0.579322 0.913602 0.560549
1 0.846982 0.570393 0.870333 0.589166 0.889564 0.610457 0.893513 0.617096 0.911199 0.620988 0.909482 0.618241 0.909482 0.615494 0.912572 0.600155 0.922188 0.588937
1 0.786199 0.527582 0.806975 0.549560 0.817449 0.554596 0.826034 0.557801 0.843548 0.567646 0.923390 0.588021 0.930773 0.584358 0.933692 0.584587 0.935581 0.581382 0.936954 0.579551 0.909138 0.559175
1 0.651478 0.407968 0.662213 0.416613 0.671886 0.418739 0.672417 0.413637
1 0.689530 0.440847 0.706431 0.455020 0.734917 0.462389 0.737043 0.453886
1 0.706006 0.456437 0.726520 0.473444 0.740763 0.476562 0.733217 0.468625 0.734492 0.463381
1 0.057078 0.376967 0.000073 0.390703 0.000244 0.363231
1 0.096055 0.336216 0.098974 0.341482 0.099660 0.348121 0.098974 0.356821 0.123012 0.362315 0.168342 0.353158
1 0.075794 0.321564 0.092792 0.330493 0.096055 0.334843 0.169887 0.352013 0.205430 0.344916 0.095540 0.319504
1 0.259639 0.333105 0.236102 0.337672 0.233119 0.336199 0.237760 0.335904 0.238755 0.332368 0.240081 0.328832
1 0.347351 0.314376 0.337566 0.315802 0.332215 0.314783 0.331756 0.311318
1 0.104801 0.268857 0.086302 0.266615 0.075447 0.265596 0.062146 0.263761 0.062604 0.262334 0.065203 0.259684
1 0.140118 0.262946 0.137060 0.265596 0.139353 0.267430 0.151278 0.266411 0.162592 0.269265 0.170084 0.271303 0.173294 0.269876