0 0.906084 1.000522 0.874412 0.988054 0.856615 0.984032 0.851487 0.991271 0.834294 1.000120
0 -0.000139 0.659992 0.009427 0.664851 0.022182 0.671532 0.028332 0.677910 0.032660 0.679428 0.033115 0.684287 0.034026 0.688539 0.032432 0.697042 0.026738 0.708582 0.028560 0.713442 0.028788 0.719212 0.024916 0.731056 0.013071 0.745937 -0.000367 0.758996
0 0.000068 0.366702 0.007100 0.367518 0.020096 0.369148 0.032021 0.372614 0.044405 0.381991 0.054036 0.390349 0.061528 0.391776 0.071771 0.394833 0.079110 0.397483 0.082626 0.402987 0.082779 0.405026 0.084767 0.409103 0.085531 0.413180 0.084614 0.418072 0.082168 0.424799 0.080333 0.427245 0.077122 0.428061 0.074982 0.427857 0.073912 0.431730 0.072689 0.435195 0.071007 0.437234 0.067185 0.439476 0.060916 0.439272 0.055107 0.432749 0.052813 0.430303 0.000068 0.431934
0 -0.000085 0.358752 0.004501 0.360383 0.009699 0.361810 0.013063 0.365275 0.012451 0.367925 0.000220 0.366498
0 0.000068 0.343667 0.003737 0.347133 0.007559 0.352229 0.007559 0.357529 0.007559 0.361402 0.000220 0.358752
0 0.067930 0.303864 0.062841 0.298150 0.056680 0.296245 0.046859 0.294221 0.042573 0.294221 0.038555 0.296602 0.034984 0.296959 0.033555 0.300888 0.033823 0.303269 0.035252 0.305293 0.036412 0.307674 0.040520 0.309578 0.042484 0.307793 0.047841 0.309816 0.048020 0.311007 0.050341 0.312316 0.052484 0.312316 0.054002 0.311364 0.058198 0.312316 0.059895 0.313388 0.061145 0.313388 0.061859 0.312436 0.068466 0.313388 0.068823 0.314936 0.071680 0.315650 0.073198 0.315650 0.074091 0.314221 0.076145 0.313031 0.076770 0.310888 0.074805 0.307197 0.071412 0.305174
0 0.090341 0.338269 0.086591 0.335650 0.079984 0.333864 0.073645 0.327674 0.065698 0.323745 0.054359 0.321245 0.041948 0.318983 0.030341 0.317912 0.021502 0.324221 0.020341 0.329459 0.019627 0.332793 0.019895 0.336602 0.022484 0.339459 0.024805 0.341364 0.027037 0.344340 0.029805 0.346126 0.033555 0.347078 0.035341 0.344340 0.042841 0.345888 0.043555 0.347436 0.044627 0.349221 0.046859 0.350412 0.050073 0.351483 0.053645 0.351602 0.055966 0.350531 0.058198 0.347078 0.069180 0.348031 0.069716 0.345174 0.068287 0.343745 0.068823 0.342912 0.075966 0.340412 0.083377 0.337912
0 0.152817 0.414667 0.148901 0.417017 0.143027 0.418844 0.130495 0.426154 0.129516 0.424849 0.125013 0.428765 0.124425 0.431636 0.119726 0.435291 0.105433 0.440252 0.098384 0.442340 0.090356 0.445995 0.084873 0.450172 0.081741 0.456960 0.080370 0.461137 0.079195 0.465053 0.079783 0.473669 0.081153 0.480195 0.084090 0.482023 0.094664 0.487766 0.098384 0.487244 0.108761 0.489333 0.119726 0.491943 0.140285 0.492727 0.143027 0.497426 0.148313 0.498731 0.154775 0.497165 0.158103 0.493510 0.162607 0.486200 0.208425 0.476279 0.209012 0.478890 0.211753 0.480717 0.215865 0.481501 0.221347 0.480717 0.223697 0.476801 0.225068 0.471580 0.226047 0.465053 0.232900 0.461398 0.233487 0.456438 0.232312 0.450433 0.232312 0.443124 0.229375 0.437902 0.220564 0.426154 0.219977 0.423543 0.212928 0.420933 0.204313 0.416756 0.190215 0.415189 0.185320 0.413623 0.168285 0.412839 0.157908 0.413884
0 0.267049 0.461351 0.266165 0.465034 0.264839 0.468865 0.261414 0.471370 0.256110 0.469896 0.254673 0.466802 0.252795 0.461351 0.244176 0.461645 0.233788 0.458993 0.232794 0.453984 0.232573 0.442786 0.226053 0.433946 0.220970 0.426137 0.219865 0.422896 0.215776 0.420981 0.218429 0.411846 0.220970 0.404037 0.223954 0.398733 0.229479 0.398586 0.241855 0.397996 0.251911 0.398438 0.258983 0.399764 0.269591 0.401385 0.283293 0.406542 0.290918 0.412435 0.295670 0.420391 0.298211 0.425695 0.301637 0.428053 0.305394 0.432178 0.305946 0.436893 0.305725 0.443376 0.304952 0.451037 0.303184 0.453247 0.302189 0.457520 0.299758 0.461203 0.296775 0.461498 0.292354 0.459288 0.292244 0.456931
0 0.380048 0.484283 0.371206 0.487761 0.360625 0.495492 0.352364 0.503222 0.341493 0.514818 0.331057 0.525254 0.327578 0.534144 0.324824 0.541487 0.323810 0.550764 0.324679 0.561586 0.326998 0.566418 0.331637 0.568930 0.336855 0.575501 0.343522 0.578400 0.359466 0.578786 0.386136 0.587097 0.398311 0.586130 0.400050 0.590769 0.401935 0.592121 0.405848 0.590769 0.409182 0.587097 0.411646 0.580912 0.412950 0.570476 0.432663 0.550377 0.434837 0.552117 0.436721 0.552697 0.441214 0.552310 0.444693 0.550957 0.447737 0.547092 0.450056 0.539168 0.450781 0.531051 0.448172 0.526220 0.448317 0.521775 0.446722 0.514818 0.443534 0.512305 0.441070 0.511339 0.436866 0.508827 0.432663 0.505928 0.426285 0.498391 0.410486 0.491433 0.391209 0.486602
0 0.418603 0.479065 0.413095 0.484090 0.411646 0.486988 0.410341 0.491627 0.426285 0.498391 0.432518 0.505928 0.445273 0.513078 0.446577 0.515977 0.448027 0.520615 0.448172 0.525060 0.454839 0.526220 0.457448 0.526220 0.458898 0.521582 0.460057 0.516364 0.466145 0.509600 0.466725 0.511146 0.469624 0.511919 0.471943 0.509986 0.473102 0.505541 0.475711 0.491240 0.474262 0.487568 0.472522 0.480997 0.470058 0.480611 0.469334 0.481191 0.464695 0.471914 0.460057 0.469595 0.447447 0.465730 0.436431 0.463604 0.430923 0.465150 0.425705 0.469982 0.421647 0.475006
0 0.415269 0.482157 0.415704 0.476552 0.414835 0.470755 0.412805 0.468242 0.412805 0.464764 0.410776 0.463411 0.408747 0.463218 0.405268 0.458000 0.399326 0.451235 0.395557 0.449110 0.390484 0.447757 0.373815 0.444085 0.371061 0.442539 0.366423 0.441959 0.357292 0.444858 0.353668 0.446984 0.351349 0.448723 0.350334 0.449496 0.342797 0.459546 0.339753 0.462831 0.338739 0.468049 0.338014 0.475006 0.336855 0.480418 0.336420 0.488921 0.339029 0.490467 0.339753 0.494332 0.340478 0.496458 0.342652 0.497811 0.344971 0.497811 0.347435 0.496458 0.349610 0.493752 0.359176 0.496651 0.364684 0.492013 0.370772 0.488148 0.380048 0.484283 0.392078 0.487375 0.401935 0.489501 0.410341 0.491433 0.412226 0.485636 0.413385 0.483510
0 1.000298 0.607416 0.983850 0.600629 0.975235 0.598540 0.969753 0.598540 0.960550 0.600106 0.944690 0.602456 0.929026 0.600629 0.921585 0.601151 0.918257 0.603500 0.916103 0.606894 0.913753 0.614987 0.912970 0.619426 0.914341 0.620992 0.914145 0.626736 0.915124 0.632218 0.916690 0.635090 0.921389 0.637178 0.926872 0.639267 0.930984 0.639528 0.933725 0.634307 0.977780 0.663285 0.977389 0.670595 0.980717 0.675033 0.984829 0.679472 0.990116 0.681038 0.995403 0.682343 0.999906 0.681038
0 0.858145 0.546326 0.846593 0.548154 0.843852 0.551548 0.842873 0.555464 0.843460 0.559902 0.843852 0.563818 0.845614 0.566690 0.850705 0.567734 0.853250 0.567212 0.872047 0.576349 0.880271 0.580787 0.885949 0.584964 0.890649 0.587575 0.898089 0.590186 0.906313 0.591491 0.907096 0.593580 0.908271 0.595407 0.911012 0.597235 0.915124 0.596452 0.919236 0.594363 0.922173 0.592797 0.924131 0.590969 0.925893 0.587053 0.925893 0.583920 0.926285 0.579743 0.926676 0.574261 0.925306 0.568778 0.923152 0.561207 0.915515 0.556247 0.903963 0.549981 0.889082 0.545282 0.875180 0.542149 0.867936 0.542410 0.861670 0.545282
0 0.755937 0.592535 0.747713 0.590447 0.740664 0.590447 0.737140 0.592797 0.735573 0.596190 0.734399 0.598801 0.732441 0.604545 0.732049 0.607939 0.732832 0.611071 0.731266 0.613160 0.730874 0.615249 0.732049 0.624125 0.732441 0.628041 0.731462 0.631957 0.732636 0.635612 0.734594 0.639528 0.735573 0.643444 0.736357 0.646577 0.737727 0.647882 0.742035 0.648404 0.744580 0.644749 0.771993 0.688348 0.773951 0.700357 0.778650 0.708972 0.784915 0.710017 0.791377 0.708972 0.792748 0.707406 0.805279 0.718632 0.816635 0.724375 0.831125 0.729597 0.852663 0.734035 0.864803 0.734818 0.868523 0.728553 0.870285 0.724637 0.872635 0.717849 0.874201 0.710278 0.873614 0.705056 0.874201 0.699052 0.870481 0.690436 0.862453 0.679472 0.854229 0.666418 0.849726 0.660414 0.853642 0.659369 0.854425 0.657020 0.851488 0.652842 0.847572 0.651015 0.846006 0.652059 0.838174 0.635090 0.827992 0.620731 0.811740 0.606894 0.795489 0.599062 0.776104 0.593841 0.762202 0.592013
0 0.748105 0.541105 0.743405 0.546326 0.738706 0.548676 0.738706 0.551287 0.736357 0.554419 0.734790 0.558858 0.732832 0.565906 0.732245 0.573216 0.732832 0.578699 0.735573 0.583920 0.739685 0.584964 0.741447 0.584181 0.745951 0.590447 0.749475 0.590708 0.753391 0.592274 0.762790 0.591752 0.773951 0.593580 0.790398 0.596974 0.796272 0.599584 0.811153 0.606894 0.815656 0.609766 0.814090 0.604806 0.814090 0.601412 0.812328 0.598279 0.810761 0.593319 0.804496 0.583659 0.805279 0.580787 0.804300 0.578699 0.802929 0.576349 0.801363 0.577132 0.800188 0.572433 0.794510 0.562774 0.790202 0.557552 0.778650 0.549720 0.766902 0.545282 0.756524 0.541888
0 0.801167 0.576871 0.799796 0.569300 0.801559 0.568256 0.804691 0.568256 0.811740 0.570606 0.814090 0.568778 0.816440 0.568778 0.819964 0.566429 0.827209 0.564601 0.832691 0.563557 0.839936 0.564601 0.847768 0.566951 0.856775 0.569300 0.871656 0.575305 0.887516 0.586009 0.892215 0.591230 0.895348 0.594885 0.899460 0.604023 0.903767 0.614987 0.901222 0.619948 0.901418 0.626213 0.900830 0.631435 0.899655 0.634829 0.898285 0.640050 0.897893 0.642922 0.892802 0.646055 0.888103 0.647621 0.885949 0.648665 0.881054 0.649188 0.877138 0.648404 0.874397 0.644749 0.873222 0.641355 0.852271 0.637439 0.846006 0.634568 0.843656 0.637178 0.841894 0.638745 0.839153 0.637962 0.834062 0.629346 0.826621 0.619687 0.815656 0.609766 0.814286 0.601673 0.812328 0.598018 0.810174 0.593058 0.804496 0.583659 0.805279 0.580004 0.802929 0.576610
0 0.570581 0.523444 0.567105 0.524908 0.563263 0.529543 0.559969 0.534422 0.557774 0.534910 0.556310 0.539057 0.553932 0.544180 0.552102 0.547839 0.551370 0.551255 0.550089 0.557841 0.547528 0.557353 0.544784 0.559061 0.544418 0.561500 0.546064 0.564672 0.548626 0.567599 0.548260 0.574430 0.547162 0.580285 0.544601 0.594922 0.542039 0.611510 0.539478 0.626147 0.538929 0.630782 0.540575 0.634441 0.545332 0.638345 0.549541 0.639808 0.553017 0.637125 0.567288 0.644443 0.578632 0.649078 0.595098 0.654445 0.603880 0.656153 0.610101 0.658349 0.614675 0.657861 0.616505 0.654933 0.617603 0.648835 0.621445 0.634198 0.624006 0.623220 0.623640 0.611510 0.620713 0.594434 0.621994 0.590774 0.625836 0.590287 0.628763 0.589311 0.629678 0.586627 0.628763 0.582968 0.622177 0.580285 0.621445 0.581260 0.619249 0.587359 0.617603 0.575406 0.613577 0.555646 0.611931 0.547107 0.607357 0.535398 0.605527 0.533446 0.603332 0.533690 0.588146 0.527591 0.571679 0.523688
0 0.554664 0.541497 0.554115 0.534910 0.557042 0.523932 0.559786 0.513198 0.555578 0.509783 0.556493 0.507587 0.558872 0.506856 0.562165 0.506856 0.562897 0.508563 0.566007 0.504416 0.568020 0.502952 0.571130 0.502221 0.581925 0.504172 0.593086 0.507587 0.601685 0.511491 0.602783 0.512466 0.605344 0.521737 0.606442 0.519541 0.609735 0.521737 0.611382 0.524176 0.611199 0.526372 0.606625 0.526616 0.604612 0.526128 0.605893 0.532470 0.606076 0.533690 0.603149 0.533446 0.599123 0.531982 0.588329 0.527591 0.571130 0.523688 0.566556 0.525396 0.560335 0.534666 0.558140 0.535398 0.555212 0.541253
0 0.657306 0.550523 0.647791 0.562232 0.640107 0.578821 0.637911 0.589799 0.636448 0.603704 0.636448 0.608583 0.637911 0.611510 0.641388 0.613462 0.645596 0.610290 0.652731 0.633710 0.651451 0.642736 0.650719 0.646883 0.650719 0.652494 0.653097 0.657373 0.657123 0.660056 0.662428 0.661276 0.664807 0.658836 0.682554 0.668107 0.696642 0.673717 0.707437 0.677133 0.716951 0.679572 0.726831 0.680792 0.731405 0.677865 0.732503 0.672498 0.735979 0.660788 0.736711 0.650542 0.735248 0.642736 0.732686 0.635173 0.728661 0.626147 0.726648 0.615169 0.729759 0.613950 0.731954 0.613462 0.732869 0.610290 0.731588 0.608339 0.729393 0.605655 0.725916 0.605167 0.724636 0.606631 0.719879 0.591018 0.714390 0.578089 0.704876 0.566379 0.695545 0.560037 0.680908 0.554670 0.664258 0.551011
0 0.690056 0.557841 0.690971 0.553694 0.688043 0.552230 0.686580 0.552962 0.685848 0.553938 0.684384 0.547595 0.679993 0.537593 0.675602 0.530275 0.668466 0.523688 0.655293 0.519297 0.641205 0.517345 0.635350 0.519053 0.630593 0.521005 0.627300 0.523444 0.624006 0.532470 0.622909 0.542228 0.621628 0.551498 0.622360 0.556865 0.624189 0.559061 0.627300 0.557597 0.632423 0.570527 0.632240 0.578821 0.632423 0.584188 0.635533 0.586871 0.638643 0.587115 0.641022 0.578333 0.647791 0.561500 0.657488 0.550035 0.665173 0.551011 0.682554 0.555402
0 0.747333 0.470766 0.744995 0.466797 0.738405 0.464530 0.735535 0.464530 0.732558 0.465947 0.728732 0.467364 0.727988 0.470766 0.728200 0.472466 0.729370 0.473742 0.731070 0.473458 0.734153 0.474167 0.734472 0.475868 0.736385 0.476576 0.739042 0.477001 0.741806 0.477285 0.742550 0.473884 0.743294 0.472750 0.744995 0.472466
0 0.748609 0.470199 0.744995 0.472608 0.743294 0.472891 0.742231 0.474167 0.741487 0.477285 0.741593 0.479836 0.743400 0.479552 0.743932 0.478702 0.747971 0.480686 0.747546 0.482387 0.748396 0.482954 0.750522 0.483521 0.752754 0.483096 0.756049 0.484229 0.757643 0.480119 0.759025 0.477994 0.760407 0.477568 0.762320 0.476860 0.760513 0.473317 0.757325 0.472183
0 0.781878 0.480403 0.775288 0.477001 0.766678 0.475443 0.764127 0.475868 0.761895 0.477427 0.758706 0.478560 0.756368 0.483946 0.756474 0.486072 0.757112 0.487631 0.759025 0.488481 0.759982 0.488198 0.762533 0.487772 0.766253 0.490040 0.767316 0.491741 0.769867 0.493300 0.773587 0.492874 0.775926 0.495142 0.779433 0.495709 0.781240 0.493583 0.782197 0.491457 0.783366 0.489048
0 0.764446 0.506055 0.759025 0.502795 0.747971 0.498685 0.739893 0.497551 0.737554 0.499110 0.743400 0.500953 0.748502 0.503220 0.752860 0.506763 0.755943 0.512857 0.758600 0.510165 0.761895 0.507047
0 0.766572 0.506622 0.762320 0.506905 0.756049 0.513566 0.759025 0.518385 0.762320 0.519660 0.762320 0.521219 0.760726 0.521928 0.764978 0.528589 0.766041 0.531707 0.766678 0.535391 0.766253 0.540068 0.766253 0.545029 0.777414 0.549139 0.789637 0.556650 0.795058 0.557500 0.796440 0.559484 0.796547 0.560902 0.798991 0.561469 0.801861 0.561894 0.803668 0.559768 0.805050 0.559059 0.806751 0.556933 0.807920 0.547863 0.807920 0.542194 0.805688 0.538935 0.801117 0.533124 0.798353 0.527738 0.795165 0.520085 0.786449 0.514700 0.773056 0.508747
0 0.721504 0.495567 0.724268 0.494717 0.729263 0.495709 0.732984 0.497268 0.738298 0.499110 0.746695 0.502512 0.749990 0.504212 0.752754 0.506480 0.755836 0.513141 0.759025 0.518810 0.762427 0.519660 0.762639 0.521219 0.760726 0.522211 0.764871 0.528589 0.766572 0.535958 0.766147 0.545029 0.755305 0.542052 0.748502 0.541202 0.746164 0.543328 0.737235 0.541060 0.734684 0.543895 0.729263 0.542761 0.727456 0.539785 0.726712 0.535250 0.717359 0.528022 0.715658 0.529723 0.713957 0.529439 0.712257 0.528164 0.710450 0.524621 0.711938 0.514416 0.715339 0.502512 0.717252 0.501661
0 0.726712 0.494433 0.718528 0.490040 0.704497 0.486639 0.701202 0.488339 0.697482 0.490182 0.696100 0.491741 0.692592 0.492874 0.694399 0.494575 0.695250 0.496843 0.695887 0.498543 0.695887 0.501661 0.695037 0.507755 0.698864 0.511157 0.698970 0.514133 0.700245 0.516117 0.702371 0.516542 0.705135 0.515267 0.711512 0.517393 0.713001 0.510873 0.715658 0.501945 0.717040 0.501803 0.721610 0.495142 0.723842 0.494575
0 0.715870 0.489473 0.713957 0.483804 0.714808 0.482529 0.713957 0.480970 0.712257 0.480119 0.709280 0.474167 0.704603 0.471899 0.695994 0.470057 0.693018 0.470340 0.690041 0.473317 0.688341 0.475159 0.687809 0.477568 0.689723 0.480970 0.690679 0.486639 0.692699 0.492591 0.696738 0.491741 0.697376 0.490182 0.704391 0.486639
0 0.698651 0.470199 0.696950 0.465664 0.688766 0.462262 0.680794 0.460562 0.678668 0.461695 0.673566 0.464955 0.678243 0.466797 0.681219 0.470057 0.682495 0.474450 0.686853 0.475868 0.687597 0.477143 0.689191 0.474167 0.692592 0.470766 0.695675 0.470057
0 0.658260 0.477001 0.661661 0.474734 0.663893 0.469632 0.667826 0.469632 0.677393 0.472750 0.683770 0.474592 0.686746 0.476151 0.689297 0.482529 0.691423 0.488765 0.693443 0.494008 0.695569 0.496843 0.696100 0.501378 0.695250 0.505913 0.693868 0.512574 0.691211 0.515550 0.688447 0.515975 0.686853 0.513566 0.686746 0.511582 0.677286 0.509740 0.675586 0.508181 0.673141 0.500811 0.674842 0.497551 0.675267 0.495425 0.671972 0.493867 0.670165 0.491174 0.667614 0.484796 0.663787 0.480119 0.660386 0.477994
0 0.682495 0.473884 0.680688 0.469632 0.677711 0.466656 0.671334 0.464955 0.665063 0.464246 0.660173 0.468356 0.658260 0.476435 0.661236 0.474734 0.663681 0.469348 0.667614 0.469490
0 0.638172 0.516933 0.638172 0.511399 0.634944 0.506479 0.632915 0.506848 0.630701 0.504512 0.632361 0.494673 0.633652 0.488893 0.635589 0.480899 0.638726 0.479054 0.642876 0.473643 0.648779 0.473397 0.658188 0.476595 0.665013 0.481022 0.668610 0.486802 0.671654 0.493689 0.674698 0.495411 0.674698 0.497748 0.673130 0.500330 0.674698 0.506234 0.675713 0.509554 0.675713 0.514596 0.674514 0.520008 0.672392 0.524681 0.671654 0.526526 0.668795 0.523820 0.663168 0.521975 0.653945 0.520008 0.645736 0.518286 0.641400 0.517794
0 0.615297 0.494181 0.617788 0.484589 0.618433 0.475488 0.617326 0.473151 0.615021 0.463681 0.612622 0.461837 0.605981 0.458762 0.596942 0.457778 0.595651 0.459254 0.589471 0.463927 0.588179 0.466879 0.585597 0.478808 0.586796 0.481022 0.589102 0.484711 0.592976 0.486310 0.596850 0.488032 0.612161 0.493197
0 0.579140 0.482375 0.581169 0.471552 0.581077 0.463435 0.579786 0.459131 0.577388 0.452367 0.572130 0.450153 0.562076 0.448677 0.557464 0.453843 0.555804 0.457778 0.554421 0.460361 0.552576 0.469585 0.553406 0.476226 0.555251 0.478193 0.560416 0.478439 0.571300 0.482375 0.573975 0.481637 0.577572 0.482006
0 0.657537 0.476117 0.657110 0.472421 0.655973 0.470241 0.655973 0.469103 0.657324 0.468250 0.657253 0.466639 0.656400 0.466260 0.654622 0.465976 0.654267 0.460952 0.651139 0.458582 0.644244 0.457066 0.639694 0.456782 0.636637 0.461900 0.634078 0.462943 0.631732 0.471568 0.631732 0.473463 0.634007 0.474411 0.640405 0.476212 0.642253 0.473369 0.649504 0.473463
0 0.662726 0.465312 0.663650 0.459909 0.663224 0.457256 0.662158 0.456118 0.660167 0.450715 0.658248 0.449483 0.652205 0.448062 0.650073 0.447588 0.649078 0.449104 0.650215 0.451379 0.651068 0.453369 0.650855 0.456876 0.651708 0.459341 0.654125 0.460478 0.654409 0.463701 0.658603 0.465028
0 0.650784 0.458109 0.651210 0.453275 0.648793 0.448441 0.643604 0.446166 0.639268 0.445597 0.637135 0.446450 0.635997 0.449199 0.641756 0.450621 0.644173 0.451569 0.645950 0.453938 0.646234 0.457256
0 0.646021 0.457256 0.646163 0.454412 0.643959 0.451663 0.635144 0.448725 0.632443 0.448535 0.628320 0.451853 0.626045 0.454033 0.625690 0.456213 0.626259 0.459909 0.627112 0.462469 0.628889 0.465691 0.630097 0.467871 0.631519 0.469672 0.632301 0.469198 0.634078 0.462943 0.636708 0.461900 0.639978 0.456876
0 0.627680 0.466355 0.627112 0.463037 0.625548 0.458109 0.624055 0.451948 0.622135 0.450526 0.617230 0.450052 0.611970 0.448346 0.610406 0.449673 0.608558 0.452042 0.607705 0.454033 0.605217 0.458109 0.608487 0.459151 0.614103 0.462658 0.614671 0.463796 0.617444 0.472800 0.620643 0.474885 0.622917 0.475075 0.627751 0.466734
0 0.620572 0.450052 0.619363 0.447777 0.611259 0.444839 0.607847 0.444744 0.605572 0.446829 0.603155 0.447019 0.602444 0.447493 0.601307 0.449009 0.600951 0.450526 0.601876 0.453464 0.602089 0.456971 0.601947 0.457635 0.605217 0.458393 0.607278 0.455360 0.608629 0.451948 0.611686 0.448820 0.617159 0.450052
0 0.601449 0.458109 0.602018 0.454317 0.600525 0.449483 0.598748 0.445408 0.595407 0.443512 0.589364 0.442090 0.587018 0.442090 0.583464 0.445882 0.581260 0.448725 0.579910 0.450431 0.579128 0.454981 0.580052 0.457919 0.580976 0.460478 0.582327 0.462374 0.584246 0.463132 0.586094 0.462184 0.590217 0.463606 0.596686 0.457729
0 0.593914 0.443228 0.593701 0.441332 0.586876 0.439247 0.581971 0.438868 0.579625 0.441616 0.578772 0.443417 0.577706 0.448156 0.577422 0.451284 0.577919 0.453464 0.578630 0.454507 0.580123 0.451284 0.580620 0.449389 0.587303 0.441522 0.589151 0.442280
0 0.576853 0.451569 0.577422 0.444744 0.575858 0.436498 0.574507 0.434887 0.568251 0.432043 0.560929 0.431095 0.559152 0.433370 0.556095 0.437161 0.553892 0.440195 0.552967 0.444460 0.552683 0.452516 0.554318 0.453369 0.555242 0.456497 0.556948 0.454886 0.561996 0.449009 0.572516 0.450147
0 0.633621 0.440726 0.633857 0.435451 0.632499 0.431829 0.626889 0.429624 0.624232 0.431356 0.627479 0.432931 0.627952 0.436553 0.628011 0.439466
0 0.610414 0.444348 0.610236 0.441435 0.608878 0.438836 0.601792 0.436474 0.599194 0.436317 0.598013 0.438915 0.597304 0.444269 0.598958 0.445293 0.600552 0.449623 0.602205 0.447340 0.605099 0.446946 0.607225 0.444584
0 0.613898 0.437655 0.612126 0.432931 0.604508 0.431041 0.602264 0.433561 0.600670 0.435687 0.604036 0.436789 0.608642 0.438600 0.610295 0.440568 0.611949 0.438679
0 0.610827 0.444663 0.610650 0.440962 0.613543 0.437655 0.615433 0.437655 0.621161 0.438758 0.622814 0.440253 0.624054 0.442773 0.625885 0.441120 0.627775 0.440883 0.628129 0.446080 0.627125 0.451355 0.624054 0.451749 0.621870 0.450568 0.620511 0.449938 0.618799 0.447418
0 0.616378 0.437340 0.617972 0.435136 0.620216 0.434191 0.623936 0.434506 0.626889 0.435766 0.628011 0.438206 0.627538 0.440805 0.625117 0.441592 0.624350 0.442301 0.622637 0.439860 0.619626 0.438285
0 0.617264 0.435293 0.619862 0.430648 0.624232 0.431278 0.627657 0.433246 0.627716 0.437104 0.626298 0.435372 0.622519 0.434191 0.619862 0.434112
0 0.619862 0.430569 0.619271 0.428522 0.615905 0.427341 0.613130 0.427183 0.611358 0.429231 0.611063 0.431671 0.611772 0.433089 0.612658 0.433797 0.613307 0.435766 0.616142 0.436002 0.617204 0.434821
0 0.609941 0.432065 0.609764 0.428837 0.608760 0.425609 0.605099 0.424034 0.603623 0.424349 0.603386 0.428050 0.601969 0.431671 0.602028 0.433089 0.604686 0.430569
0 0.601320 0.434663 0.603446 0.427262 0.603150 0.423089 0.600847 0.421672 0.594942 0.420570 0.593525 0.423483 0.591812 0.427813 0.591576 0.430648 0.591812 0.431908 0.593289 0.432459 0.595001 0.432616
0 0.568565 0.431859 0.567694 0.425979 0.564373 0.424745 0.558329 0.423657 0.556587 0.426197 0.555172 0.428375 0.554083 0.430770 0.553321 0.432803 0.552994 0.437594 0.553321 0.440643 0.555117 0.438683 0.560725 0.431424
0 0.566550 0.425399 0.565734 0.420463 0.562031 0.419229 0.558547 0.418503 0.556478 0.422350 0.555498 0.424383 0.555172 0.427431 0.558329 0.423511
0 0.570307 0.432803 0.570960 0.427722 0.571886 0.426342 0.571123 0.425617 0.572702 0.425108 0.575424 0.422277 0.578364 0.422423 0.581413 0.423439 0.582339 0.425254 0.583046 0.428956 0.583046 0.431496 0.582121 0.437231 0.580542 0.437158 0.580215 0.436287 0.575370 0.435561 0.573791 0.434182
0 0.583046 0.427649 0.585170 0.428230 0.586150 0.424745 0.585551 0.418648 0.582665 0.417196 0.579725 0.416543 0.577820 0.419011 0.577493 0.420971 0.577493 0.422205 0.579671 0.422713 0.581359 0.423366 0.582556 0.425108
0 0.573791 0.423729 0.574553 0.418212 0.572158 0.415164 0.568728 0.414801 0.566550 0.416761 0.565679 0.419011 0.565734 0.421043 0.566224 0.422568 0.567585 0.423294
0 0.564699 0.420172 0.564754 0.415672 0.557894 0.414075 0.555498 0.417922 0.553321 0.421914 0.553157 0.426851 0.554518 0.428085 0.555389 0.424818 0.558710 0.418430
0 0.564373 0.415599 0.563991 0.411752 0.558003 0.410155 0.556859 0.412986 0.555444 0.416398 0.555771 0.417341 0.557622 0.414293
0 0.552667 0.418938 0.553974 0.412623 0.552940 0.409429 0.547278 0.408195 0.546189 0.410445 0.544719 0.414002 0.544392 0.416688
0 0.539438 0.417559 0.540418 0.413204 0.539438 0.409066 0.533939 0.407905 0.531707 0.411461 0.530727 0.414655 0.531108 0.415817
0 0.540404 0.443112 0.539229 0.442777 0.526894 0.439980 0.526055 0.439644 0.523789 0.441994 0.520852 0.443672 0.519509 0.444679 0.520181 0.446917 0.519845 0.447924 0.518838 0.450609 0.516824 0.456091 0.515733 0.464035 0.517999 0.465378 0.520852 0.466049 0.535034 0.471308 0.536292 0.472539 0.538894 0.473769 0.540320 0.472315 0.540992 0.469630 0.542082 0.467168 0.542586 0.462581 0.544180 0.455756 0.543677 0.453070 0.545019 0.452175 0.544852 0.450721 0.543593 0.449938 0.542586 0.450161
0 0.520852 0.443896 0.522866 0.434273 0.523034 0.430693 0.523873 0.427560 0.523202 0.426665 0.522111 0.426777 0.521104 0.422190 0.516237 0.420064 0.507761 0.418385 0.506418 0.420847 0.502726 0.426329 0.501300 0.431252 0.499705 0.439308 0.500377 0.441546 0.502474 0.441658 0.504153 0.440315 0.514390 0.443112 0.516069 0.445910 0.518586 0.446581 0.519509 0.445126
0 0.512209 0.418609 0.512209 0.416707 0.510698 0.411896 0.503062 0.409770 0.501300 0.410106 0.499873 0.412455 0.500544 0.416483 0.503062 0.423308 0.502894 0.425658 0.507845 0.418162
0 0.496097 0.434385 0.499873 0.432259 0.500796 0.425770 0.500293 0.415029 0.497943 0.410106 0.494083 0.407980 0.488293 0.406525 0.484265 0.407309 0.480908 0.413239 0.478643 0.421294 0.478391 0.428231 0.479230 0.429798 0.483929 0.430245
0 0.492069 0.407085 0.491398 0.405407 0.481664 0.404064 0.477552 0.408763 0.475789 0.412567 0.475957 0.416819 0.475873 0.418833 0.478978 0.419952 0.481580 0.412344 0.484433 0.407197 0.487873 0.406749
0 0.479566 0.406749 0.478559 0.400260 0.473440 0.398470 0.468489 0.397463 0.464629 0.402497 0.463370 0.405854 0.464041 0.407868 0.466475 0.409211 0.467398 0.411001 0.468825 0.413015 0.474027 0.414134 0.475538 0.414134 0.476125 0.412008 0.477803 0.409211
0 0.469160 0.428679 0.470335 0.419281 0.469076 0.417267 0.471174 0.415924 0.469915 0.414469 0.468153 0.414358 0.467146 0.410553 0.464880 0.408204 0.459090 0.406525 0.453468 0.405630 0.451370 0.406973 0.447846 0.411225 0.446503 0.414358 0.445664 0.419281 0.445580 0.422525 0.451622 0.423756 0.455482 0.424763 0.462111 0.427113 0.464461 0.429015 0.465132 0.429910
0 0.427203 0.459336 0.426699 0.453630 0.426615 0.447364 0.428629 0.440763 0.431986 0.436399 0.436349 0.430357 0.440545 0.424987 0.444321 0.423085 0.448601 0.422525 0.457832 0.425770 0.462447 0.427560 0.465636 0.430357 0.465552 0.433826 0.467062 0.436511 0.468153 0.444119 0.467398 0.450497 0.466055 0.455756 0.464125 0.459336 0.462279 0.459000 0.460769 0.457434 0.457748 0.459784 0.457412 0.462693 0.455398 0.465154 0.453048 0.465378 0.451622 0.463364 0.436769 0.461350 0.429217 0.459784
0 0.445916 0.422973 0.444321 0.417826 0.440629 0.413686 0.432238 0.411784 0.426028 0.409770 0.422671 0.410889 0.417720 0.416371 0.414028 0.419616 0.412601 0.423644 0.411678 0.427784 0.411762 0.432259 0.413021 0.435952 0.415454 0.437406 0.417636 0.436064 0.418140 0.435280 0.430391 0.438301 0.432909 0.434721 0.440209 0.424763
0 0.403589 0.377946 0.404176 0.372128 0.403001 0.368771 0.399729 0.367317 0.395785 0.367876 0.394442 0.369443 0.392176 0.370673 0.391673 0.374142 0.392848 0.377051 0.393687 0.376268 0.397463 0.377387 0.399141 0.378394 0.400400 0.377051 0.402582 0.377499
0 0.419197 0.392715 0.421631 0.388799 0.423309 0.387792 0.432204 0.390030 0.435393 0.393946 0.436316 0.395848 0.436484 0.397974 0.436651 0.399988 0.436316 0.402673 0.435477 0.404016 0.434050 0.401778 0.432707 0.399652 0.429435 0.395512 0.423225 0.393722
0 0.413155 0.394617 0.414666 0.392827 0.419281 0.392715 0.428931 0.395400 0.432288 0.399316 0.435980 0.404687 0.436232 0.407708 0.435309 0.412407 0.431281 0.411065 0.424736 0.409722 0.421715 0.411288 0.421043 0.407037 0.420204 0.404687 0.417938 0.401107 0.415169 0.396519
0 0.416512 0.392715 0.415589 0.390925 0.413827 0.387792 0.410806 0.383876 0.401239 0.381862 0.398974 0.383093 0.394610 0.387345 0.394358 0.389918 0.394358 0.393610 0.395365 0.391372 0.400064 0.391372 0.405771 0.391708 0.413155 0.394058 0.414582 0.393051
0 0.421547 0.411176 0.420875 0.405806 0.416847 0.399428 0.412484 0.394058 0.404008 0.390925 0.396037 0.391708 0.393687 0.394170 0.391002 0.397638 0.390582 0.401666 0.389743 0.405582 0.390079 0.408939 0.390498 0.411400 0.392093 0.412295 0.393855 0.409834 0.403589 0.412855 0.406442 0.415540 0.408959 0.416099 0.410722 0.414981 0.411057 0.413750 0.418610 0.414645
0 0.386974 0.401107 0.388232 0.395177 0.387477 0.391372 0.385547 0.389023 0.382526 0.383988 0.379589 0.381750 0.369939 0.379289 0.363897 0.379624 0.362387 0.381862 0.363477 0.386002 0.364401 0.390030 0.365408 0.392939 0.365324 0.395512 0.373547 0.398533 0.375142 0.400659 0.376568 0.400995 0.377743 0.400547 0.379002 0.398869 0.384037 0.399988 0.384708 0.401107
0 0.362135 0.381526 0.362470 0.374589 0.357771 0.370114 0.353156 0.368883 0.348037 0.368212 0.345687 0.370226 0.342415 0.371904 0.339981 0.373359 0.338722 0.376156 0.339729 0.377275 0.344597 0.377051 0.349799 0.379177 0.356512 0.382198
0 0.344680 0.376603 0.337883 0.377946 0.336289 0.378953 0.335534 0.379848 0.340233 0.381415 0.347701 0.384659 0.350890 0.388575 0.352065 0.391820 0.351645 0.398533 0.354750 0.397862 0.361380 0.399205 0.363729 0.398757 0.364820 0.393834 0.364317 0.389918 0.362135 0.381526 0.356596 0.381974
0 0.323534 0.379177 0.314723 0.386002 0.308597 0.388687 0.307338 0.389694 0.305912 0.391820 0.305996 0.395289 0.305492 0.399540 0.305492 0.402673 0.306499 0.404911 0.307254 0.407484 0.309268 0.409162 0.310527 0.409274 0.312877 0.406925 0.325212 0.410617 0.328988 0.413750 0.331086 0.413862 0.334359 0.411512 0.335450 0.409274 0.342918 0.408491 0.344680 0.411288 0.347030 0.411960 0.349296 0.411400 0.350387 0.409274 0.351394 0.405358 0.351729 0.398533 0.352568 0.391596 0.348876 0.385219 0.342834 0.381974 0.335953 0.380184 0.329911 0.378394
0 0.354079 0.368659 0.354415 0.364072 0.352065 0.360044 0.349296 0.358702 0.343673 0.358590 0.340653 0.360715 0.337380 0.361499 0.336121 0.363513 0.336289 0.366757 0.337044 0.369219 0.338051 0.367988 0.342834 0.369331 0.344093 0.370338 0.345687 0.369666 0.348541 0.368324
0 0.324508 0.378659 0.324031 0.377260 0.320502 0.374081 0.313824 0.367848 0.306384 0.365813 0.301137 0.365305 0.295509 0.365941 0.293124 0.367721 0.290549 0.369247 0.289118 0.372554 0.288832 0.379550 0.290167 0.380567 0.290835 0.383238 0.292457 0.384128 0.294078 0.383492 0.295128 0.382093 0.304381 0.385146 0.305907 0.386672 0.307242 0.387435 0.309627 0.387562 0.312870 0.387308 0.316018 0.385146 0.323268 0.379041
0 0.294937 0.365686 0.298371 0.362634 0.303999 0.362125 0.311058 0.363397 0.315923 0.364796 0.321074 0.370392 0.323840 0.372936 0.325653 0.376116 0.325367 0.378659 0.324603 0.378659 0.324317 0.377515 0.318975 0.372427 0.313157 0.367085 0.303713 0.365305 0.299134 0.365177
0 0.224157 0.399009 0.223871 0.397102 0.223585 0.392396 0.225492 0.387690 0.229594 0.384510 0.234555 0.381966 0.241137 0.377260 0.246860 0.373445 0.251630 0.372936 0.260787 0.373826 0.268895 0.375861 0.276050 0.377006 0.279102 0.379677 0.282918 0.387308 0.283490 0.392396 0.283108 0.397102 0.282059 0.400663 0.279484 0.402443 0.279007 0.404733 0.268991 0.401553 0.252011 0.398373 0.237702 0.398373
0 0.240660 0.377896 0.240278 0.374717 0.241709 0.371918 0.246860 0.370392 0.252297 0.366322 0.261646 0.365686 0.267178 0.367721 0.274428 0.370265 0.280438 0.375098 0.282155 0.376497 0.283395 0.377896 0.288546 0.381457 0.290072 0.384383 0.290454 0.387308 0.290740 0.391505 0.289309 0.393286 0.287306 0.394939 0.284635 0.395321 0.283681 0.394303 0.282918 0.387562 0.278911 0.379041 0.275382 0.376497 0.261359 0.373826 0.249912 0.373190 0.248195 0.373317
0 0.278434 0.373063 0.279674 0.369756 0.279579 0.362252 0.275096 0.354112 0.267274 0.352077 0.259165 0.350551 0.254300 0.352077 0.250580 0.355638 0.246192 0.358437 0.243903 0.360726 0.243235 0.366068 0.244380 0.368103 0.245525 0.370519 0.249149 0.368103 0.253251 0.366195 0.261550 0.365686 0.274523 0.370265
0 0.267464 0.352332 0.272139 0.349788 0.275477 0.347244 0.281964 0.346990 0.288355 0.349533 0.292266 0.352586 0.294555 0.355002 0.295318 0.359963 0.294269 0.362888 0.293506 0.364287 0.292838 0.365813 0.291980 0.366831 0.289404 0.366958 0.288546 0.364542 0.282345 0.364287 0.281391 0.366577 0.280056 0.366449 0.279770 0.362125 0.275191 0.354621
0 0.287687 0.348770 0.288069 0.346354 0.287687 0.341012 0.284635 0.338722 0.279865 0.337323 0.278053 0.337069 0.274809 0.338341 0.271375 0.339994 0.269754 0.341521 0.269372 0.343937 0.269849 0.347498 0.272043 0.346481 0.275382 0.347371 0.278625 0.346990 0.281773 0.346990
0 0.230644 0.339358 0.232170 0.332745 0.227973 0.327403 0.221295 0.325749 0.217098 0.325622 0.214046 0.327148 0.211279 0.328293 0.208513 0.329183 0.207559 0.331600 0.207845 0.334271 0.208608 0.335924 0.211088 0.336179 0.211661 0.335797 0.216717 0.338214 0.219387 0.338977 0.220914 0.337832 0.227782 0.339867
0 0.214332 0.350805 0.214046 0.344955 0.210993 0.338850 0.207177 0.336942 0.196875 0.334271 0.191724 0.334016 0.187336 0.336815 0.185619 0.338850 0.178560 0.340122 0.177416 0.342920 0.177034 0.345336 0.176748 0.348389 0.189244 0.350169 0.192678 0.348389 0.199546 0.346862 0.205651 0.347498 0.210421 0.349152
0 0.190484 0.350042 0.196017 0.347626 0.202694 0.347371 0.210325 0.349025 0.215953 0.351568 0.221677 0.357292 0.225302 0.359454 0.232265 0.362888 0.230453 0.378659 0.228927 0.380058 0.226351 0.379295 0.224157 0.378151 0.223394 0.375607 0.218243 0.375480 0.219101 0.369120 0.220055 0.367594 0.215095 0.363270 0.208990 0.357546 0.197829 0.351823
0 0.309978 0.345464 0.310316 0.343299 0.308422 0.341044 0.304431 0.338609 0.300305 0.337888 0.299088 0.338790 0.298411 0.340503 0.298479 0.342037 0.299155 0.343209 0.301388 0.343840 0.305175 0.344381
0 0.310992 0.344201 0.311601 0.340143 0.309369 0.338429 0.307069 0.336806 0.304364 0.336896 0.304093 0.338249 0.306934 0.339692 0.309775 0.342127 0.310384 0.343389
1 -0.000195 0.810376 0.047023 0.777180 0.250492 0.857308 0.156055 0.999249 -0.000195 0.999249
1 0.259935 0.860742 0.171508 1.000394 0.483150 1.000394 0.490018 0.946594
1 0.497744 0.951172 0.681467 1.000394 0.496027 1.000394
1 0.925989 0.675113 0.999787 0.730385 1.000015 0.696068
1 0.921434 0.673595 0.854242 0.655373 0.854242 0.657803 0.854242 0.659017 0.976554 0.767739 1.000015 0.768954 0.999787 0.732207
1 0.853786 0.660232 0.850142 0.660839 0.857659 0.671772 0.867225 0.686350 0.870641 0.691512 0.874286 0.699712 0.873830 0.706697 0.874058 0.710645 0.869730 0.726437 0.866086 0.734333 0.970632 0.766525
1 0.997965 0.693942 0.922117 0.672683 0.889546 0.647477 0.893191 0.646566 0.897974 0.643529 0.898657 0.639581 0.900935 0.631685 0.901618 0.628952
1 0.719329 0.575309 0.710730 0.573113 0.713474 0.577260 0.718963 0.588970 0.724818 0.605314 0.729941 0.605558 0.731405 0.607510 0.733600 0.600923 0.735796 0.594093
1 0.540685 0.525622 0.485053 0.509367 0.471832 0.529514 0.477841 0.531116 0.486427 0.535466 0.491234 0.538671 0.493810 0.543937 0.494668 0.549660 0.536221 0.561107
1 0.458267 0.551492 0.469256 0.553781 0.481447 0.554697 0.489002 0.554239 0.495355 0.551492 0.535877 0.563167 0.526262 0.636428 0.422381 0.604147
1 0.249022 0.478481 0.314705 0.498240 0.219565 0.539468 0.132291 0.511170
1 0.252864 0.477261 0.316901 0.497509 0.336661 0.489458 0.336661 0.484823 0.337027 0.477993 0.338124 0.472138 0.338856 0.465063 0.317084 0.461160
1 0.318364 0.498972 0.347638 0.507998 0.333001 0.522879 0.331721 0.523855 0.324951 0.540444 0.323487 0.549470 0.324219 0.562887 0.324585 0.563863 0.315437 0.571182 0.221943 0.540932
1 0.045795 0.481112 -0.000152 0.465458 -0.000152 0.452896 0.093482 0.444006 0.085075 0.449224 0.079277 0.465458 0.079857 0.475508
1 0.830119 0.546460 0.808042 0.542007 0.808531 0.543093 0.817818 0.549176 0.824009 0.551239 0.832156 0.555258 0.835578 0.558734 0.843317 0.561233 0.842583 0.555367 0.842583 0.554389
1 0.815130 0.548307 0.807961 0.546243 0.808287 0.543636
1 0.807716 0.553303 0.806657 0.557431 0.804295 0.559929 0.803888 0.560472 0.814560 0.568510 0.816107 0.568727 0.820099 0.566446 0.828897 0.564274 0.829956 0.563839 0.824906 0.559712 0.817818 0.557757 0.811545 0.555258
1 0.828653 0.560907 0.831830 0.563405 0.839895 0.564383 0.836148 0.560472 0.834844 0.561450 0.832237 0.561341
1 0.726795 0.545989 0.682152 0.532489 0.673638 0.522824 0.674443 0.520676 0.675939 0.516688 0.679161 0.516688 0.680196 0.515767 0.701597 0.521904
1 0.618179 0.486005 0.632447 0.488613 0.633137 0.490147 0.631986 0.494136 0.630836 0.500886 0.624508 0.499812 0.617029 0.488153
1 0.586308 0.492755 0.592982 0.494596 0.600000 0.495210 0.602992 0.494750 0.623012 0.499659 0.634288 0.519296 0.628535 0.522057 0.603222 0.513619 0.602301 0.511778 0.592061 0.507483 0.590450 0.506716
1 0.545577 0.494443 0.547763 0.479409 0.571350 0.485392 0.576298 0.489687 0.579980 0.491221 0.585158 0.492755 0.588264 0.506256 0.571235 0.502267
1 0.468061 0.444760 0.483115 0.448567 0.471435 0.456757 0.466503 0.455142 0.467888 0.450412
1 0.472560 0.457795 0.459322 0.469216 0.465119 0.472446 0.499207 0.481789 0.506215 0.470600 0.502495 0.468754 0.497390 0.466562 0.494881 0.464140
1 0.483807 0.449374 0.473511 0.457219 0.495487 0.463332 0.496525 0.461487 0.500851 0.460679 0.505350 0.461141 0.510973 0.462756 0.515213 0.457680
1 0.501716 0.482366 0.508724 0.470831 0.514953 0.472446 0.519538 0.473138 0.522480 0.472907 0.524470 0.472561 0.546013 0.478790 0.543936 0.494132
1 0.426708 0.444608 0.426283 0.447584 0.426070 0.450277 0.412784 0.457363 0.399603 0.451977 0.394608 0.448293 0.376857 0.444608 0.398753 0.437096
1 0.398540 0.435821 0.379833 0.430435 0.379408 0.427743 0.374518 0.424483 0.389080 0.422074 0.411189 0.429443 0.411402 0.432561
1 0.356874 0.413570 0.330513 0.416688 0.348902 0.421790 0.350815 0.420373 0.355386 0.419806 0.364314 0.420940 0.372818 0.424058 0.387061 0.421507
1 0.358149 0.428168 0.364102 0.429443 0.371542 0.430294 0.379408 0.431002 0.396840 0.436388 0.374306 0.443899 0.370479 0.442198 0.365590 0.441915 0.361870 0.442765 0.357937 0.444466 0.330088 0.433695
1 0.327431 0.417113 0.348477 0.422924 0.349965 0.425759 0.355173 0.427459 0.328813 0.432845 0.297350 0.423066 0.296393 0.421649
1 0.286189 0.408327 0.290866 0.412153 0.296074 0.420798 0.325305 0.416263 0.293311 0.407051
1 0.283213 0.397414 0.282256 0.400673 0.280343 0.402516 0.292886 0.406484 0.306279 0.405492 0.304897 0.402374 0.305109 0.399115 0.296500 0.396705
1 0.037745 0.352055 0.065027 0.359455 0.068602 0.359455 0.068696 0.353309
1 0.003878 0.341518 0.000021 0.340013 0.000021 0.335372 0.019777 0.337128 0.022599 0.339637 0.025515 0.342898
1 0.018460 0.330982 0.019683 0.331609 0.019494 0.336125 0.000209 0.334243 0.000115 0.329477
1 0.004160 0.326968 0.010934 0.329477 0.000021 0.328473 0.000115 0.327093
1 0.010087 0.326341 0.010087 0.327721 0.017048 0.329978 0.019588 0.330606 0.020341 0.326968
1 0.021000 0.322954 0.020435 0.326466 0.010557 0.325463 0.006042 0.322703 0.002655 0.320696
1 0.003031 0.316181 0.019306 0.321700 0.000115 0.319693 0.000303 0.316432