1 0.061358 0.756635 0.000416 0.842218 -0.000305 0.999442 0.565844 0.999442 0.534832 0.760962 0.061358 0.756154
1 0.168819 0.598930 0.071095 0.745576 0.530505 0.753750 0.498051 0.617682 0.168819 0.599411
1 0.049098 0.756154 -0.000305 0.820582 0.000056 0.758558 0.048737 0.756635
1 0.058113 0.745576 0.000056 0.747019 -0.000305 0.590276 0.160164 0.597969 0.057752 0.745095
1 -0.000202 0.497963 0.163684 0.510903 0.162585 0.517983 0.163318 0.525796 0.166248 0.530679 0.171741 0.534097 0.180530 0.537759 0.188038 0.539957 0.193714 0.540933 0.199208 0.542886 0.164783 0.593181 -0.000202 0.584636 -0.000385 0.498451
1 0.275200 0.520424 0.479187 0.536050 0.497681 0.612225 0.173389 0.593670 0.206532 0.543863 0.214772 0.543619 0.227773 0.542642 0.240958 0.538736 0.250479 0.536050 0.261466 0.531411 0.269889 0.526040 0.275016 0.520669
1 0.261100 0.464514 0.245902 0.487464 0.257438 0.490394 0.264030 0.494056 0.268424 0.496986 0.273185 0.502113 0.275749 0.509438 0.276848 0.517006 0.478638 0.532632 0.467102 0.484534 0.260734 0.465002
1 0.276145 0.428253 0.276461 0.430781 0.276777 0.433590 0.257079 0.461540 0.203882 0.456905 0.205778 0.452832 0.207148 0.448618 0.207569 0.444405 0.207358 0.437663 0.206621 0.433028 0.204830 0.428814 0.203039 0.424039 0.202407 0.421230 0.276250 0.428533
1 0.000191 0.331186 0.025969 0.334798 0.000027 0.340709
1 0.042653 0.321868 0.068571 0.325484 0.100550 0.319316 0.056051 0.313681 0.053977 0.314106 0.053738 0.315063 0.053180 0.315808 0.052622 0.316020 0.051346 0.315382 0.050947 0.315063 0.049910 0.314851 0.049113 0.314851 0.051665 0.316552 0.053579 0.317403 0.054615 0.317722 0.055413 0.317403 0.055413 0.316552 0.055253 0.316127 0.055652 0.315595 0.056689 0.315914 0.056689 0.316977 0.056848 0.318253 0.056051 0.319635 0.055652 0.319742 0.054536 0.319848 0.053499 0.319423 0.051984 0.318785 0.051425 0.318466 0.050947 0.318147 0.050229 0.318147 0.049990 0.318147 0.048714 0.318785 0.048554 0.318785 0.047757 0.318679 0.046800 0.318253 0.046401 0.318041 0.046162 0.317828 0.045365 0.317190 0.044966 0.316977 0.044487 0.316977 0.044328 0.318147 0.044408 0.319423 0.044248 0.319954 0.043770 0.320592 0.043371 0.320911 0.042972 0.321443 0.042653 0.321656
1 0.121173 0.304877 0.148978 0.308317 0.127883 0.312704 0.109432 0.310210 0.109884 0.309608 0.111496 0.309435 0.115238 0.308833 0.117754 0.308489 0.119367 0.307715 0.120528 0.307543 0.121109 0.306941 0.121173 0.305221
1 0.121431 0.297995 0.121689 0.299544 0.121625 0.301780 0.121625 0.303844 0.149881 0.307457 0.167493 0.303500 0.121560 0.297909
1 0.197850 0.296688 0.184367 0.299956 0.179271 0.299182 0.179916 0.297978 0.181400 0.296430 0.182367 0.296344 0.183464 0.296344 0.184174 0.295225 0.197334 0.296516
1 0.228125 0.291784 0.212458 0.293662 0.210768 0.292489 0.210662 0.290564 0.211577 0.290094 0.213338 0.290001 0.226963 0.291925
1 0.304396 0.391730 0.296094 0.390131 0.289914 0.386811 0.288992 0.389024 0.288900 0.393206 0.288254 0.395051 0.303565 0.392222
1 0.323304 0.370700 0.319615 0.375988 0.315925 0.375619 0.310483 0.375373 0.305502 0.375496 0.300706 0.375988 0.296740 0.376603 0.293512 0.377218 0.291390 0.377956 0.289545 0.379432 0.289084 0.376234 0.287793 0.373160 0.286963 0.371192 0.287147 0.368978 0.287332 0.367256 0.287701 0.366641 0.322843 0.370700
1 0.455451 0.412352 0.452876 0.411207 0.452704 0.416015 0.453219 0.418533 0.452876 0.425630 0.453047 0.429980 0.453047 0.435016 0.454078 0.439824 0.454421 0.443487 0.454593 0.447150 0.458714 0.448066 0.455280 0.412581
1 0.326845 0.371143 0.336461 0.372516 0.335946 0.374348 0.335602 0.377324 0.334744 0.379385 0.332168 0.378698 0.327704 0.377553 0.322896 0.376637 0.325987 0.371143
1 0.320011 0.345445 0.337400 0.347747 0.337770 0.346021 0.337770 0.344541 0.337770 0.343883 0.330062 0.342321 0.329014 0.342814 0.328151 0.343061 0.326917 0.344294 0.326177 0.345199 0.320936 0.345445
1 0.341839 0.333277 0.340236 0.334017 0.339003 0.334675 0.338263 0.335908 0.336290 0.335908 0.334008 0.335908 0.332405 0.336484 0.332035 0.336566 0.331234 0.336895 0.331542 0.335579 0.331110 0.333935 0.329384 0.332291 0.329199 0.331386 0.341223 0.333360
0 -0.000033 0.230073 0.004302 0.230810 0.007531 0.232040 0.012880 0.234377 0.016754 0.237083 0.018784 0.238558 0.021920 0.240526 0.026255 0.241756 0.029114 0.242986 0.032711 0.245076 0.035940 0.247536 0.037139 0.248889 0.038430 0.250365 0.038338 0.252086 0.037600 0.253316 0.036124 0.253316 0.033541 0.253685 0.031420 0.254300 0.029299 0.254915 0.026900 0.256268 0.024133 0.257252 0.023119 0.257375 0.021366 0.257252 0.020444 0.257252 0.019890 0.258482 0.017400 0.259342 0.014725 0.259342 0.013065 0.259219 0.010667 0.257744 0.009744 0.256268 0.008453 0.253562 0.007069 0.253193 0.004763 0.253193 0.002089 0.253070 0.000152 0.252947 -0.000033 0.230318
0 0.000152 0.258236 0.033726 0.263893 0.036216 0.264385 0.039260 0.266844 0.045256 0.268074 0.046824 0.269058 0.046916 0.270780 0.046639 0.271764 0.047562 0.274961 0.050698 0.280004 0.053280 0.285046 0.054479 0.288121 0.055955 0.289227 0.056324 0.291564 0.058169 0.292056 0.058722 0.294639 0.058630 0.296606 0.058999 0.298943 0.059645 0.300419 0.059737 0.303124 0.058907 0.306445 0.058630 0.306445 0.058538 0.307921 0.058722 0.309397 0.058630 0.311364 0.058353 0.312963 0.057431 0.313209 0.055309 0.313701 0.053741 0.314316 0.053465 0.315300 0.052266 0.316038 0.050698 0.315792 0.049775 0.314931 0.052727 0.317513 0.054848 0.318005 0.055402 0.316776 0.055863 0.315300 0.056693 0.315546 0.056047 0.316776 0.056416 0.317636 0.056232 0.319235 0.055678 0.319850 0.054479 0.319973 0.053280 0.319850 0.052081 0.319112 0.050144 0.318251 0.049775 0.318743 0.048945 0.319112 0.048023 0.318866 0.046547 0.318005 0.045717 0.317390 0.044979 0.317268 0.044794 0.318005 0.044425 0.319112 0.043780 0.320096 0.042857 0.321080 0.041843 0.322064 0.041013 0.322433 0.040367 0.322679 0.038707 0.323171 0.036954 0.323294 0.035940 0.323048 0.032804 0.322556 0.032066 0.322187 0.030221 0.322064 0.025517 0.320465 0.024133 0.318989 0.023211 0.317759 0.022934 0.317759 0.022289 0.318497 0.021366 0.319481 0.020075 0.319850 0.018230 0.319973 0.017584 0.319850 0.016293 0.320219 0.015924 0.322187 0.015002 0.323663 0.014356 0.324646 0.013249 0.325999 0.011589 0.326737 0.009836 0.327352 0.008453 0.327475 0.005870 0.327967 0.003933 0.327967 0.001443 0.327475 0.000797 0.327352 -0.000125 0.326860 -0.000033 0.258605
0 0.046639 0.271026 0.052819 0.269796 0.057431 0.269181 0.066931 0.269673 0.074495 0.270657 0.083350 0.271641 0.090452 0.272994 0.099583 0.275207 0.105671 0.276806 0.108623 0.278036 0.112866 0.281848 0.116832 0.286768 0.119045 0.288735 0.119876 0.291564 0.120152 0.294762 0.121167 0.297836 0.121628 0.303001 0.121167 0.306445 0.120245 0.307552 0.116002 0.308413 0.112773 0.309151 0.110098 0.309397 0.109176 0.310380 0.107516 0.311856 0.105856 0.312717 0.102535 0.312348 0.100137 0.311856 0.099676 0.310872 0.099214 0.310012 0.097739 0.310380 0.094972 0.310503 0.092758 0.310626 0.091098 0.310626 0.090360 0.312717 0.089253 0.314193 0.085194 0.315546 0.082519 0.315177 0.079476 0.314439 0.078277 0.313578 0.075509 0.311364 0.073849 0.309889 0.059645 0.308413 0.058815 0.308536 0.058907 0.306814 0.059645 0.303985 0.060106 0.302018 0.060106 0.299927 0.059091 0.298943 0.058999 0.297590 0.058722 0.295008 0.058630 0.293655 0.058261 0.292179 0.056693 0.291687 0.056047 0.289596 0.054572 0.287998 0.052358 0.283078 0.050974 0.280004 0.049037 0.277298 0.047930 0.275084 0.046824 0.272871 0.046547 0.271026
0 0.017400 0.260695 0.021735 0.258728 0.025425 0.256760 0.029206 0.255161 0.034925 0.253808 0.038983 0.253316 0.044149 0.253808 0.049037 0.252824 0.056416 0.253316 0.059921 0.253316 0.068961 0.254792 0.076801 0.256145 0.079937 0.256760 0.082888 0.257252 0.087224 0.259711 0.089253 0.263401 0.091282 0.269550 0.092020 0.272010 0.092481 0.273486 0.089437 0.272748 0.081505 0.271395 0.075602 0.270657 0.070067 0.270042 0.064718 0.269427 0.059552 0.269181 0.056416 0.269304 0.051436 0.270042 0.047746 0.270780 0.046824 0.270903 0.046639 0.269427 0.045717 0.267828 0.042765 0.267336 0.039998 0.266844 0.038615 0.266721 0.037600 0.265246 0.035755 0.264508 0.029114 0.262663 0.025609 0.262540 0.019983 0.261187 0.017861 0.260695
0 0.052911 0.252824 0.056601 0.250365 0.060290 0.248889 0.061674 0.248151 0.065456 0.248151 0.073757 0.248889 0.076340 0.249012 0.081874 0.249012 0.087039 0.249135 0.096816 0.250488 0.099860 0.251718 0.102535 0.253316 0.104933 0.254300 0.107147 0.257621 0.109545 0.262171 0.111205 0.266107 0.111759 0.269673 0.111943 0.271887 0.113050 0.273609 0.113419 0.274592 0.111851 0.274961 0.108807 0.275330 0.106962 0.275945 0.105487 0.276683 0.104103 0.276560 0.092481 0.273486 0.092204 0.271518 0.090729 0.267090 0.089898 0.264139 0.088515 0.260695 0.087039 0.259342 0.084180 0.257744 0.079568 0.256391 0.073019 0.255284 0.068223 0.254792 0.063519 0.254054 0.059829 0.253316 0.056140 0.253193 0.053649 0.252824
0 0.102715 0.252819 0.109232 0.252819 0.113352 0.253019 0.118070 0.253918 0.123164 0.254417 0.127059 0.255016 0.130654 0.255216 0.131628 0.255216 0.132078 0.255915 0.132976 0.257213 0.134549 0.259111 0.136347 0.261608 0.137770 0.262906 0.138744 0.264005 0.138819 0.265802 0.139343 0.267400 0.137620 0.267600 0.135448 0.267700 0.134250 0.268599 0.131928 0.269298 0.130055 0.269498 0.128707 0.270097 0.127134 0.270397 0.126535 0.270796 0.124962 0.271196 0.123913 0.271795 0.122715 0.271695 0.121142 0.271695 0.120842 0.272494 0.119868 0.273193 0.119718 0.273593 0.118070 0.273992 0.116872 0.273593 0.114475 0.272794 0.112528 0.272194 0.112303 0.271995 0.111928 0.269598 0.111853 0.267201 0.110880 0.264804 0.109831 0.261508 0.108033 0.258112 0.106385 0.255616 0.105112 0.254417 0.103464 0.253718 0.102940 0.253019
0 0.106161 0.276689 0.108258 0.275590 0.112228 0.274691 0.116123 0.274691 0.119943 0.273892 0.121067 0.272294 0.122715 0.272094 0.124138 0.271995 0.128557 0.270397 0.131329 0.269498 0.134474 0.268399 0.136647 0.267600 0.139643 0.267301 0.142939 0.267800 0.148182 0.267600 0.151702 0.267500 0.155373 0.268100 0.158219 0.268699 0.161215 0.269598 0.165934 0.271295 0.171627 0.274691 0.174398 0.276289 0.177395 0.278087 0.178968 0.278886 0.180615 0.279785 0.181589 0.280284 0.182488 0.280683 0.182638 0.283280 0.183087 0.284778 0.183462 0.285977 0.183686 0.288374 0.183911 0.290970 0.184136 0.292668 0.184136 0.294466 0.183537 0.295664 0.182263 0.296363 0.181589 0.296563 0.180091 0.297562 0.179417 0.298461 0.178668 0.298561 0.177994 0.298760 0.176720 0.297961 0.175896 0.297562 0.175372 0.297762 0.174773 0.298561 0.174548 0.298860 0.173799 0.299459 0.172601 0.299759 0.171852 0.299959 0.170803 0.300258 0.169605 0.299959 0.168930 0.299659 0.168256 0.299060 0.167807 0.298261 0.167507 0.297961 0.167133 0.297462 0.166833 0.299759 0.166309 0.300758 0.164960 0.301157 0.163612 0.301457 0.162114 0.301157 0.161215 0.301057 0.159118 0.301057 0.157470 0.300258 0.157096 0.299759 0.156122 0.298760 0.155822 0.298161 0.155373 0.297961 0.121067 0.293667 0.120393 0.294366 0.120168 0.293167 0.119643 0.290771 0.118969 0.288573 0.117771 0.287874 0.116572 0.286476 0.115374 0.284778 0.113951 0.283180 0.112752 0.281782 0.111179 0.279884 0.109531 0.278386 0.107659 0.277188 0.106311 0.276888
0 0.134596 0.258698 0.137176 0.257149 0.139241 0.256031 0.142015 0.254999 0.145176 0.254397 0.148530 0.254397 0.153369 0.254827 0.156530 0.255171 0.158723 0.255773 0.161304 0.256289 0.166078 0.259558 0.170142 0.261966 0.173690 0.263084 0.175884 0.264117 0.176271 0.265235 0.174077 0.265751 0.171948 0.266697 0.169691 0.267729 0.168529 0.268159 0.165691 0.269278 0.164400 0.269966 0.162981 0.270396 0.156788 0.268245 0.154530 0.267901 0.150530 0.267299 0.147434 0.267299 0.144724 0.267213 0.141627 0.267213 0.139757 0.266955 0.138982 0.266267 0.138853 0.265923 0.138789 0.264203 0.138595 0.263687 0.137628 0.262998 0.136725 0.261794 0.136402 0.261278 0.135499 0.260332 0.134725 0.259386 0.134596 0.258956
0 0.157562 0.255085 0.157885 0.254053 0.159756 0.253795 0.164465 0.253795 0.172465 0.255515 0.176464 0.256031 0.180077 0.256891 0.185690 0.259386 0.187367 0.259902 0.190270 0.261622 0.191109 0.262482 0.191625 0.263773 0.191883 0.264289 0.190141 0.264203 0.187303 0.263773 0.185432 0.263945 0.184399 0.264203 0.182658 0.264461 0.180529 0.264375 0.179045 0.264375 0.178722 0.264375 0.176916 0.264891 0.176916 0.264891 0.176400 0.264977 0.175819 0.263859 0.173819 0.263084 0.172594 0.262482 0.169368 0.261536 0.168142 0.261020 0.166916 0.259988 0.164788 0.258526 0.162336 0.257149 0.161304 0.256117 0.159368 0.255687 0.157820 0.255429
0 0.163884 0.270224 0.166529 0.269536 0.169497 0.268245 0.172336 0.266869 0.175368 0.266181 0.178013 0.265235 0.181561 0.264461 0.185432 0.264547 0.188012 0.264375 0.194528 0.265493 0.199431 0.267213 0.202399 0.268331 0.204463 0.269106 0.208140 0.272890 0.209947 0.274525 0.211624 0.277191 0.213043 0.279170 0.213043 0.280632 0.213237 0.282696 0.213172 0.284417 0.212527 0.286395 0.212334 0.288373 0.210979 0.290266 0.209108 0.290610 0.207302 0.290782 0.205753 0.291126 0.203108 0.290954 0.201044 0.291212 0.200850 0.292932 0.199883 0.293965 0.198012 0.294567 0.196270 0.294739 0.195496 0.294911 0.191496 0.294395 0.190528 0.293534 0.189367 0.291728 0.188851 0.290954 0.188012 0.290094 0.185496 0.289406 0.183948 0.289750 0.183432 0.285793 0.182851 0.284331 0.182464 0.281922 0.182464 0.280804 0.175561 0.276933 0.172529 0.275041 0.169562 0.273062 0.167368 0.272116 0.165691 0.271600 0.163755 0.270396
0 0.235494 0.267385 0.237752 0.266869 0.240268 0.265579 0.240977 0.264633 0.244396 0.263256 0.246074 0.262396 0.248461 0.262482 0.250977 0.262654 0.253557 0.262654 0.256589 0.263170 0.259557 0.263945 0.261299 0.265235 0.264331 0.266439 0.267169 0.268934 0.269234 0.269880 0.271363 0.270138 0.271943 0.270998 0.272524 0.273320 0.272911 0.275643 0.273169 0.277191 0.273169 0.278912 0.272653 0.280374 0.271556 0.280976 0.270460 0.280976 0.268847 0.281320 0.267944 0.281492 0.266782 0.281664 0.265879 0.281664 0.265234 0.281750 0.264718 0.282094 0.263363 0.282868 0.262589 0.282954 0.262073 0.282954 0.260267 0.282610 0.258976 0.282610 0.258138 0.282352 0.257492 0.281922 0.257105 0.281148 0.256654 0.280804 0.248912 0.280546 0.249493 0.278568 0.249235 0.276675 0.248461 0.274095 0.248138 0.272116 0.246525 0.269364 0.244009 0.269450 0.240719 0.268848 0.239042 0.268762 0.237816 0.268418 0.236784 0.267987 0.236010 0.267729
0 0.228591 0.290524 0.229687 0.289578 0.230204 0.288201 0.234203 0.287943 0.235494 0.287513 0.236848 0.284073 0.236784 0.282008 0.235687 0.278912 0.234461 0.277535 0.231881 0.276589 0.227688 0.274697 0.226139 0.274095 0.223623 0.273751 0.222462 0.273407 0.222075 0.273320 0.221236 0.272718 0.219688 0.271342 0.218204 0.269708 0.215172 0.267643 0.212204 0.266955 0.207753 0.265235 0.205366 0.264805 0.203302 0.264805 0.200528 0.264289 0.197560 0.264289 0.195238 0.264289 0.193431 0.264375 0.192464 0.264547 0.195496 0.265493 0.200915 0.267643 0.204979 0.269794 0.207043 0.272030 0.209495 0.274439 0.210721 0.276245 0.212527 0.278654 0.213043 0.281148 0.213366 0.282868 0.212979 0.286223 0.212850 0.286825 0.216075 0.287341 0.216720 0.288546 0.218204 0.289922 0.220398 0.290610 0.221301 0.290438 0.222591 0.290266 0.224010 0.289750 0.224914 0.288890 0.225365 0.288115 0.225430 0.287857 0.226655 0.288546 0.227494 0.288546 0.227688 0.290180 0.228075 0.290266 0.228591 0.290266
0 0.237429 0.283040 0.238913 0.281148 0.238590 0.279084 0.237558 0.275127 0.235816 0.272718 0.233752 0.270826 0.230784 0.270052 0.229623 0.269364 0.229042 0.267557 0.227365 0.266095 0.223301 0.261536 0.221172 0.258440 0.218140 0.258181 0.214333 0.257665 0.212204 0.257579 0.209430 0.257407 0.206979 0.257493 0.205302 0.257493 0.203237 0.257837 0.200979 0.258181 0.198721 0.258612 0.195560 0.259300 0.194980 0.259988 0.193947 0.262568 0.193238 0.264289 0.198915 0.264547 0.201495 0.264375 0.204592 0.265149 0.206269 0.265235 0.208398 0.265579 0.210269 0.266697 0.214591 0.267987 0.216140 0.268676 0.219301 0.271514 0.221559 0.273234 0.225688 0.274267 0.228010 0.275127 0.231300 0.276503 0.234397 0.277535 0.236203 0.278740 0.236784 0.280976 0.237300 0.282180
0 0.234461 0.254397 0.226268 0.252074 0.221623 0.251386 0.217624 0.251902 0.216462 0.252074 0.215108 0.254053 0.214333 0.256547 0.213817 0.257321 0.217946 0.257579 0.221301 0.257923 0.224914 0.258698 0.226978 0.259042 0.228784 0.260418 0.232139 0.262740 0.233300 0.264375 0.234590 0.266525 0.235494 0.266869 0.237235 0.266611 0.238332 0.266267 0.237752 0.264805 0.236848 0.262138 0.235494 0.258784 0.234719 0.256461 0.234461 0.254827
0 0.221236 0.258612 0.224784 0.262568 0.226978 0.265923 0.228784 0.267213 0.229300 0.268245 0.229752 0.269708 0.231623 0.270310 0.233171 0.270654 0.234139 0.271342 0.235300 0.272288 0.236397 0.273579 0.237235 0.274955 0.237816 0.276159 0.238139 0.277191 0.238461 0.279170 0.238719 0.281406 0.238590 0.282524 0.238526 0.283729 0.239493 0.284847 0.240397 0.284761 0.240784 0.284245 0.241945 0.283126 0.242719 0.282782 0.244525 0.282438 0.246525 0.282696 0.247687 0.282782 0.248332 0.282180 0.248848 0.280804 0.249106 0.279342 0.249170 0.278223 0.249170 0.276245 0.248912 0.274611 0.248654 0.273062 0.246912 0.269794 0.245751 0.269278 0.244138 0.269536 0.240397 0.269020 0.237300 0.268590 0.234977 0.267299 0.234203 0.266267 0.230913 0.262224 0.228204 0.260332 0.226204 0.258956 0.223430 0.258784 0.221752 0.258181 0.221301 0.258267
0 0.288173 0.261176 0.290901 0.259853 0.293133 0.258663 0.296655 0.258398 0.301169 0.258597 0.303401 0.258861 0.306724 0.259919 0.309700 0.261176 0.311784 0.261771 0.313669 0.262300 0.314413 0.263094 0.314760 0.264747 0.314661 0.266665 0.315603 0.268980 0.315752 0.269708 0.315603 0.271560 0.315306 0.273676 0.315107 0.274933 0.314363 0.276851 0.313569 0.277314 0.311833 0.277644 0.311387 0.277710 0.310147 0.278239 0.307468 0.278041 0.305434 0.277975 0.304095 0.277776 0.302806 0.277776 0.300226 0.277578 0.298540 0.277247 0.294075 0.276520 0.291893 0.275462 0.291000 0.275396 0.287726 0.275329 0.284552 0.275065 0.283808 0.275197 0.283609 0.276189 0.281823 0.276784 0.280732 0.276983 0.279294 0.276388 0.278996 0.275660 0.278500 0.274470 0.278153 0.273411 0.277458 0.272948 0.277359 0.272155 0.277309 0.271493 0.277309 0.269509 0.277210 0.269179 0.277161 0.268054 0.278748 0.265276 0.279194 0.264483 0.279740 0.263358 0.280484 0.262697 0.281179 0.263358 0.281724 0.263954 0.284948 0.263888 0.285345 0.263888 0.286734 0.263557 0.286883 0.263491 0.287825 0.262102 0.288520 0.261308
0 0.794657 0.357484 0.796915 0.357312 0.798269 0.357312 0.800527 0.356451 0.802721 0.355935 0.805043 0.355677 0.806979 0.355935 0.810398 0.357139 0.813043 0.357914 0.816139 0.358602 0.819107 0.359376 0.821817 0.360924 0.822333 0.362559 0.823494 0.364623 0.826139 0.366429 0.829687 0.368064 0.831687 0.369698 0.832397 0.371590 0.831816 0.374257 0.831622 0.375977 0.830977 0.376923 0.829687 0.377267 0.828461 0.378214 0.828074 0.378386 0.826978 0.378214 0.825558 0.377784 0.825300 0.376923 0.825042 0.376235 0.823171 0.375891 0.822075 0.375547 0.821558 0.376235 0.820720 0.376665 0.818720 0.376923 0.817043 0.376837 0.816139 0.376063 0.815494 0.374945 0.815043 0.373913 0.800140 0.369096 0.800011 0.369354 0.799237 0.369956 0.797431 0.370042 0.796140 0.370042 0.795689 0.369268 0.795108 0.368236 0.794850 0.367203 0.794334 0.366773 0.793302 0.366085 0.792592 0.365397 0.792528 0.365225 0.792334 0.364107 0.792334 0.362817 0.792721 0.361354 0.793302 0.360236 0.793947 0.359118 0.794786 0.357656
0 0.595217 0.318465 0.596857 0.317190 0.598041 0.316522 0.600228 0.317190 0.605558 0.318344 0.607243 0.319073 0.608792 0.319802 0.609977 0.321259 0.609840 0.322717 0.610113 0.323932 0.610022 0.325025 0.609430 0.326058 0.608883 0.326847 0.608200 0.327151 0.607562 0.327637 0.607061 0.327819 0.606560 0.327941 0.605968 0.328305 0.605694 0.328791 0.604874 0.329945 0.604783 0.330431 0.604419 0.331281 0.604282 0.332071 0.604100 0.332860 0.604100 0.333286 0.604055 0.333650 0.603827 0.334136 0.603781 0.334379 0.602825 0.334622 0.602506 0.334318 0.601959 0.333589 0.601777 0.332921 0.601640 0.332557 0.601640 0.332557 0.600319 0.332435 0.599044 0.332374 0.598497 0.332435 0.597449 0.332557 0.596675 0.332678 0.596447 0.332921 0.595991 0.333468 0.595764 0.333528 0.594169 0.333346 0.594169 0.333286 0.594033 0.332496 0.593668 0.331949 0.593395 0.331281 0.593349 0.331220 0.593942 0.327090 0.593942 0.324418 0.594215 0.322596 0.593668 0.320956 0.595536 0.318465
0 0.614213 0.321199 0.613621 0.321684 0.612345 0.323021 0.611343 0.323932 0.610569 0.324904 0.610113 0.325389 0.609794 0.325875 0.609157 0.326604 0.608701 0.327090 0.607881 0.327576 0.607016 0.327880 0.606879 0.328001 0.605968 0.328609 0.605831 0.329034 0.605330 0.330127 0.605057 0.330977 0.604920 0.331463 0.604510 0.332617 0.604419 0.333711 0.604237 0.335472 0.604282 0.335715 0.604146 0.336808 0.604055 0.338995 0.604055 0.339724 0.604191 0.340939 0.605421 0.341424 0.605786 0.341607 0.606469 0.341789 0.607016 0.340756 0.607289 0.339967 0.607471 0.338995 0.608473 0.339724 0.609065 0.339906 0.610113 0.340453 0.610614 0.340878 0.610387 0.343125 0.610660 0.344218 0.611024 0.344887 0.612209 0.345251 0.612710 0.345494 0.613439 0.344826 0.614031 0.343247 0.614350 0.342275 0.622777 0.344947 0.626467 0.346041 0.626740 0.346830 0.626558 0.348106 0.627651 0.348956 0.629246 0.348774 0.629701 0.348166 0.630202 0.346709 0.630886 0.345433 0.631432 0.343793 0.631751 0.341424 0.632025 0.339299 0.632207 0.337294 0.632344 0.335654 0.631979 0.333893 0.631341 0.333407 0.631205 0.332617 0.630886 0.329884 0.630567 0.328487 0.630202 0.327029 0.629975 0.326058 0.628016 0.324721 0.626285 0.323871 0.624144 0.323021 0.621593 0.322474 0.618905 0.321927 0.616491 0.321199 0.614760 0.321016 0.614259 0.321259
0 0.510083 0.295023 0.509184 0.296372 0.508593 0.297272 0.508228 0.297834 0.508200 0.298771 0.507778 0.299933 0.507638 0.300833 0.507497 0.301470 0.507103 0.303494 0.507047 0.304731 0.507103 0.305968 0.508340 0.306868 0.509043 0.306418 0.509409 0.305256 0.509858 0.305331 0.510871 0.305893 0.511601 0.306268 0.511630 0.307168 0.512248 0.308067 0.512782 0.308105 0.513091 0.308067 0.513344 0.307805 0.513682 0.307055 0.514103 0.307093 0.515003 0.307355 0.515846 0.307655 0.517702 0.308217 0.520063 0.308854 0.520822 0.308629 0.521160 0.309417 0.521919 0.310204 0.522397 0.310166 0.522790 0.309379 0.523240 0.308292 0.523465 0.306868 0.523971 0.304694 0.523465 0.303607 0.522931 0.302557 0.522116 0.301283 0.521357 0.300233 0.520766 0.298846 0.520204 0.297347 0.519445 0.296185 0.518095 0.295435 0.516718 0.295435 0.515734 0.295135 0.514103 0.295098 0.512895 0.294910 0.511995 0.294648 0.511461 0.294648 0.510589 0.294648 0.509999 0.295173
0 
0 0.801010 0.478549 0.797366 0.482800 0.794632 0.485230 0.905328 0.521369 0.787344 0.514081 0.793949 0.516510 0.801238 0.526228 0.839275 0.558116 0.818320 0.558724 0.943070 0.569285 0.512982 0.312962 0.511703 0.315427 0.510636 0.316754 0.509783 0.317133 0.518456 0.315142 0.514191 0.317038 0.513196 0.319313 0.533669 0.320545 0.529617 0.319123 0.523006 0.314289 0.511753 0.475160 0.524227 0.520679 0.564931 0.520679 0.572152 0.503172 0.419841 0.500546 0.440850 0.569698