1 0.606990 0.574897 0.606509 0.575858 0.634376 0.619740 0.648070 0.621021 0.662483 0.624225 0.665606 0.625826 0.676897 0.629990 0.687227 0.635756 0.694434 0.640240 0.701881 0.645365 0.710770 0.654013 0.718938 0.663623 0.721340 0.666505 0.778275 0.665224 0.898631 0.662021 0.805181 0.584186 0.718938 0.581303 0.606509 0.575217
1 0.602975 0.672275 0.615268 0.687983 0.627561 0.699593 0.639343 0.709155 0.652148 0.715984 0.671613 0.720082 0.685955 0.722814 0.692101 0.726912 0.696199 0.733741 0.757154 0.834137 0.679808 0.844382 0.612195 0.852577 0.544581 0.859407 0.473894 0.866236 0.419599 0.868968 0.359157 0.871700 0.280274 0.877164 0.319203 0.669543 0.411403 0.670909 0.467748 0.672275 0.526141 0.672958 0.602975 0.673641
1 0.601071 0.664888 0.597727 0.651512 0.599585 0.643089 0.603672 0.632685 0.611475 0.625749 0.620022 0.622281 0.628568 0.619804 0.600700 0.575215 0.551652 0.571747 0.516725 0.570757 0.466191 0.568775 0.386675 0.564811 0.340600 0.562334 0.320535 0.663402 0.446126 0.665879 0.501862 0.665879 0.601443 0.666374
1 0.562890 0.514074 0.598383 0.570790 0.340992 0.557785 0.354268 0.497817 0.562890 0.514435
1 0.568038 0.514796 0.603531 0.570790 0.655010 0.575486 0.678852 0.575848 0.710010 0.576931 0.746316 0.578738 0.803213 0.580905 0.739271 0.527801 0.672891 0.523466 0.647423 0.521660 0.622497 0.519854 0.599196 0.517325 0.568309 0.515157
1 0.724597 0.672409 0.728411 0.683042 0.728758 0.695524 0.728064 0.706620 0.722863 0.714017 0.715235 0.718640 0.709341 0.722338 0.698939 0.724187 0.703793 0.735283 0.712115 0.748227 0.729451 0.775966 0.751642 0.812950 0.765164 0.832829 0.819948 0.826819 0.818214 0.818960 0.819254 0.816649 0.818907 0.811101 0.820988 0.807865 0.820641 0.800930 0.824455 0.786136 0.826189 0.782900 0.834857 0.774116 0.840058 0.762559 0.843872 0.755624 0.849766 0.752388 0.861555 0.747303 0.889640 0.738981 0.906977 0.731584 0.929167 0.723263 0.947891 0.716790 0.902816 0.666399 0.724250 0.673334
1 0.858785 0.999797 0.764291 0.845240 0.654876 0.860542 0.581041 0.868194 0.513326 0.874825 0.419597 0.881966 0.323572 0.888087 0.278429 0.891148 0.262744 0.998777
1 -0.000095 0.413569 0.102913 0.426182 -0.000095 0.487379
1 0.537869 0.472718 0.561872 0.511342 0.523592 0.508859 0.472277 0.504721 0.354747 0.495617 0.362403 0.456164 0.417857 0.461682 0.446619 0.463889 0.477036 0.467200 0.537663 0.472442
1 0.525868 0.453405 0.536421 0.470235 0.362817 0.453957 0.368611 0.426644 0.491313 0.440439 0.493382 0.442370 0.496693 0.445129 0.500417 0.446784 0.504142 0.447888 0.507246 0.449543 0.510970 0.450095 0.515522 0.451198 0.519868 0.452302 0.525661 0.453130
1 0.491246 0.438124 0.492627 0.433705 0.493731 0.431680 0.495941 0.430207 0.499117 0.429103 0.502293 0.428550 0.504778 0.428550 0.510578 0.428550 0.505193 0.420081 0.474123 0.416767 0.447886 0.413268 0.425240 0.410507 0.400108 0.407193 0.372766 0.403878 0.368900 0.424500 0.490693 0.438493
1 0.494284 0.401669 0.503950 0.418424 0.481718 0.416214 0.465423 0.414189 0.442639 0.411059 0.420545 0.408481 0.401765 0.406088 0.385056 0.404247 0.373180 0.402405 0.376633 0.386755 0.392651 0.388965 0.402869 0.390254 0.412259 0.391358 0.425240 0.393015 0.434906 0.394304 0.445124 0.396145 0.456862 0.397434 0.465838 0.398355 0.475504 0.399644 0.487103 0.401117 0.494422 0.402037
1 0.485446 0.386940 0.379670 0.372947 0.376909 0.385467 0.493870 0.400748 0.485446 0.387308
1 0.481165 0.379943 0.484618 0.385835 0.380223 0.371474 0.384504 0.361900 0.458657 0.372578 0.460038 0.372947 0.461971 0.374235 0.464181 0.375708 0.468047 0.376813 0.471085 0.377550 0.474675 0.378470 0.478680 0.379575 0.481165 0.379575
1 0.472169 0.364789 0.473721 0.367375 0.467999 0.366987 0.464992 0.367117 0.461985 0.368539 0.461015 0.369832 0.460143 0.371514 0.456166 0.371255 0.442102 0.369186 0.424159 0.366729 0.411939 0.364918 0.403306 0.363496 0.395935 0.362461 0.384878 0.360909 0.385557 0.352245 0.472072 0.364918
0 0.042375 0.322489 0.042204 0.324309 0.030426 0.339786 0.028719 0.342745 0.025305 0.343655 0.024281 0.345476 0.024281 0.349118 0.023939 0.350939 0.024963 0.351849 0.024963 0.353442 0.024963 0.359815 0.023256 0.365505 0.022744 0.370967 0.023598 0.375519 0.024451 0.375975 0.026329 0.382120 0.026500 0.383258 0.029402 0.385079 0.031791 0.385306 0.034010 0.386444 0.035205 0.389403 0.037083 0.393045 0.039644 0.395548 0.042716 0.397141 0.046472 0.397824 0.049886 0.397369 0.052958 0.396459 0.056372 0.393955 0.057396 0.392362 0.058933 0.391451 0.063371 0.390996 0.069857 0.391679 0.075832 0.392817 0.082318 0.393045 0.087269 0.393727 0.090171 0.395321 0.095462 0.395093 0.099388 0.395776 0.100413 0.396686 0.101608 0.399873 0.103315 0.403059 0.104851 0.404880 0.106216 0.406018 0.109289 0.405563 0.112362 0.405335 0.114922 0.405335 0.116458 0.404197 0.117824 0.402831 0.119702 0.399190 0.120385 0.395321 0.120897 0.389403 0.122262 0.388265 0.124652 0.386217 0.130456 0.383258 0.134894 0.380982 0.138991 0.378706 0.147355 0.375292 0.147697 0.379616 0.149062 0.381209 0.150940 0.381892 0.154012 0.382575 0.156744 0.381892 0.158621 0.380982 0.160499 0.377340 0.161694 0.371650 0.161353 0.369147 0.163060 0.368464 0.163572 0.365960 0.163913 0.362546 0.163572 0.360498 0.163913 0.356629 0.163913 0.351621 0.162718 0.347525 0.161182 0.344111 0.160158 0.342062 0.158792 0.339103 0.155890 0.336827 0.152135 0.335462 0.147867 0.334779 0.144965 0.331365 0.142405 0.330910 0.138991 0.327268 0.135918 0.324309 0.131480 0.321123 0.125847 0.319075 0.122262 0.318392 0.112191 0.315888 0.100583 0.313840 0.093585 0.313157 0.084538 0.312702 0.079587 0.312930 0.075490 0.313157 0.070711 0.314067 0.065931 0.315433 0.059786 0.317481 0.056031 0.319075 0.049203 0.321351 0.046813 0.321806 0.042375 0.322716
1 0.467270 0.356192 0.471465 0.363322 0.437818 0.358935 0.399974 0.353121 0.385824 0.351256 0.385824 0.343578 0.466858 0.356522
1 0.462774 0.348780 0.466361 0.355044 0.419467 0.347869 0.390084 0.343314 0.386240 0.342517 0.386753 0.336822 0.462603 0.348780
1 0.531448 0.359372 0.535634 0.364953 0.468753 0.355614 0.465592 0.349919 0.531277 0.359372
1 0.469436 0.356753 0.473963 0.364041 0.527007 0.371444 0.529825 0.368825 0.531790 0.366547 0.532730 0.366775 0.536317 0.366091 0.469436 0.356525
1 0.474817 0.365180 0.475842 0.367458 0.479003 0.367686 0.481394 0.368369 0.484555 0.368825 0.488313 0.370078 0.491815 0.371103 0.494463 0.372241 0.497111 0.373836 0.498478 0.375430 0.498648 0.376797 0.498734 0.377139 0.521882 0.379872 0.522309 0.377139 0.523248 0.375316 0.524871 0.373039 0.526152 0.372469 0.475159 0.365408
1 0.483615 0.379644 0.487373 0.386136 0.517611 0.390236 0.518636 0.387730 0.519319 0.385566 0.521113 0.382150 0.521369 0.380897 0.499161 0.378391 0.498648 0.378391 0.497282 0.379986 0.495061 0.380100 0.492755 0.380327 0.489594 0.379986 0.486690 0.379986 0.483871 0.379644
1 0.488142 0.387502 0.496428 0.401169 0.520344 0.403675 0.518807 0.401852 0.517867 0.400030 0.517440 0.399119 0.517355 0.396158 0.517782 0.394564 0.517953 0.392058 0.517782 0.391489 0.488142 0.387275
1 0.508481 0.420649 0.513148 0.427684 0.513554 0.428225 0.515177 0.428766 0.517612 0.428766 0.520453 0.429307 0.523700 0.430119 0.529179 0.431201 0.533846 0.433095 0.537701 0.434178 0.541151 0.435801 0.544804 0.438777 0.548050 0.441753 0.549674 0.443377 0.549674 0.443918 0.549268 0.444459 0.574227 0.446624 0.574836 0.445000 0.575445 0.440671 0.575445 0.438507 0.576054 0.436613 0.576459 0.434719 0.576459 0.433366 0.578083 0.430660 0.583968 0.429578 0.585794 0.428496 0.508886 0.420649
1 0.572842 0.448713 0.571478 0.450366 0.571354 0.451854 0.570734 0.453177 0.569866 0.454830 0.568502 0.457641 0.567386 0.459625 0.567758 0.461940 0.567758 0.464586 0.567510 0.466404 0.567510 0.468058 0.567758 0.470703 0.569618 0.472026 0.570610 0.474010 0.540476 0.471199 0.529440 0.453673 0.538740 0.453342 0.542956 0.453177 0.547421 0.451523 0.550025 0.449539 0.550769 0.446563 0.572346 0.448878
0 0.148891 0.320341 0.146076 0.322929 0.142874 0.325905 0.139768 0.327716 0.142291 0.330304 0.145009 0.330951 0.147920 0.334445 0.151996 0.335221 0.155975 0.336645 0.158984 0.338974 0.161216 0.343503 0.163060 0.348420 0.163836 0.351914 0.164128 0.355149 0.163836 0.359549 0.164128 0.362137 0.180529 0.362525 0.180917 0.365113 0.182567 0.367183 0.184605 0.367313 0.186934 0.366795 0.188584 0.364854 0.189458 0.362525 0.189943 0.360066 0.190525 0.358384 0.198968 0.353726 0.208479 0.348420 0.208867 0.350102 0.209450 0.352173 0.210323 0.352432 0.212944 0.352561 0.215079 0.352561 0.215661 0.351655 0.216826 0.348032 0.217408 0.344021 0.217408 0.341562 0.217893 0.339750 0.218572 0.336904 0.218961 0.334833 0.219543 0.331728 0.218864 0.329787 0.218572 0.325128 0.217796 0.321635 0.217699 0.319564 0.216923 0.316976 0.215079 0.314647 0.213429 0.314259 0.207703 0.308953 0.204306 0.306883 0.197998 0.305071 0.192466 0.304036 0.191399 0.301966 0.190234 0.302225 0.189458 0.303648 0.184702 0.303130 0.176259 0.302483 0.170727 0.302483 0.167330 0.303130 0.163060 0.305071 0.159663 0.307659 0.157819 0.309989 0.155781 0.311671 0.153937 0.313612 0.151996 0.316459 0.150541 0.315423 0.148503 0.315423 0.147726 0.315941 0.146756 0.317235 0.146270 0.318400 0.147047 0.319047 0.148891 0.319694
0 0.197859 0.283552 0.190138 0.287327 0.185505 0.289958 0.181387 0.292474 0.179156 0.292817 0.173323 0.294076 0.168862 0.295448 0.165687 0.296821 0.163457 0.298194 0.162513 0.299566 0.161741 0.300481 0.161398 0.302540 0.161655 0.304485 0.161569 0.305286 0.161827 0.305514 0.163114 0.304828 0.167060 0.302998 0.170234 0.302540 0.176583 0.302311 0.181215 0.302769 0.189365 0.303341 0.190309 0.301968 0.191167 0.301740 0.192454 0.303913 0.203692 0.306658 0.207810 0.309060 0.213215 0.314093 0.215017 0.314665 0.216561 0.316267 0.226770 0.316152 0.227885 0.317754 0.228915 0.319012 0.229773 0.319241 0.237322 0.319470 0.238609 0.317182 0.239038 0.314437 0.239896 0.314780 0.241612 0.315123 0.244700 0.314437 0.247274 0.313636 0.248990 0.312378 0.248990 0.309060 0.248303 0.306773 0.247617 0.305286 0.247789 0.303227 0.247017 0.300710 0.246502 0.296935 0.245815 0.296249 0.243671 0.292017 0.241183 0.288814 0.240925 0.287212 0.234062 0.285268 0.231660 0.284925 0.230373 0.284010 0.222395 0.283094 0.217934 0.282408 0.211328 0.281836 0.207038 0.281836 0.203178 0.282408 0.199746 0.282408 0.197344 0.283666
0 0.338152 0.267522 0.334743 0.273127 0.334402 0.274415 0.334459 0.275854 0.334346 0.277975 0.333891 0.278202 0.333948 0.279187 0.334175 0.280702 0.334914 0.281383 0.336164 0.281989 0.337300 0.282671 0.337981 0.282671 0.338834 0.281156 0.339004 0.281989 0.339118 0.283959 0.339118 0.285095 0.339856 0.285701 0.340595 0.286155 0.342583 0.286155 0.343663 0.285777 0.344344 0.285095 0.344799 0.284413 0.352866 0.285928 0.357922 0.286761 0.361501 0.286988 0.362183 0.286685 0.362751 0.287822 0.363035 0.288806 0.364114 0.289337 0.365591 0.289791 0.366671 0.289488 0.367750 0.289791 0.368489 0.289034 0.368829 0.288125 0.371556 0.288125 0.373090 0.288049 0.373772 0.286004 0.373829 0.284640 0.373545 0.283580 0.373317 0.282519 0.372181 0.281156 0.370306 0.279717 0.367977 0.278202 0.366727 0.278126 0.364398 0.277899 0.362183 0.274869 0.360990 0.273581 0.357638 0.271233 0.356388 0.270627 0.352695 0.269188 0.350025 0.268658 0.345594 0.268052 0.340538 0.267446 0.338152 0.267370
0 0.386168 0.320640 0.397479 0.322728 0.404178 0.323656 0.410878 0.324932 0.417490 0.326556 0.417751 0.326672 0.418708 0.328412 0.419317 0.330036 0.423320 0.331544 0.424973 0.330964 0.426278 0.330732 0.428714 0.327368 0.431585 0.327136 0.433151 0.326904 0.434978 0.326904 0.436023 0.327020 0.437328 0.326208 0.438198 0.324700 0.438285 0.323076 0.438459 0.320988 0.438633 0.319363 0.438024 0.317623 0.437763 0.315999 0.438024 0.313911 0.438372 0.312983 0.437937 0.311127 0.437154 0.309619 0.435675 0.306951 0.433325 0.304166 0.432281 0.302426 0.432629 0.301150 0.426626 0.298598 0.426713 0.297554 0.425408 0.297902 0.421232 0.296858 0.413053 0.295582 0.408616 0.294770 0.402612 0.294422 0.399741 0.294654 0.396609 0.296278 0.391910 0.299178 0.388952 0.300802 0.382166 0.300802 0.375031 0.301150 0.371290 0.302310 0.369724 0.303586 0.368854 0.305674 0.368158 0.307647 0.368071 0.310199 0.368158 0.312983 0.367897 0.314955 0.369202 0.316347 0.371203 0.317159 0.372943 0.318319 0.374074 0.319131 0.375379 0.319247 0.375814 0.320756 0.376684 0.322728 0.378076 0.324004 0.379817 0.324816 0.381470 0.324932 0.383210 0.324352 0.384776 0.322960 0.385733 0.322264 0.386168 0.320756
0 0.545609 0.365317 0.537595 0.366126 0.531402 0.367260 0.526909 0.372764 0.524845 0.373412 0.523266 0.375193 0.522416 0.377298 0.521566 0.380212 0.521445 0.381669 0.520230 0.383612 0.518045 0.388469 0.517923 0.391384 0.517680 0.393974 0.517195 0.396241 0.517316 0.398993 0.518045 0.401098 0.519138 0.402717 0.520352 0.404012 0.521688 0.404012 0.522052 0.405146 0.523509 0.406117 0.524359 0.406927 0.525452 0.408546 0.527516 0.409679 0.529459 0.410488 0.531766 0.411136 0.533588 0.411946 0.534316 0.412431 0.534559 0.414860 0.535652 0.417936 0.536623 0.420041 0.537838 0.420850 0.539781 0.421822 0.542938 0.422146 0.545731 0.421660 0.548038 0.420527 0.549981 0.418584 0.551074 0.417127 0.551195 0.416641 0.556052 0.417127 0.560424 0.417289 0.565524 0.417612 0.572809 0.418098 0.578274 0.418908 0.585924 0.420365 0.591874 0.420041 0.596610 0.420689 0.597581 0.424574 0.598552 0.425708 0.600860 0.425060 0.604381 0.423603 0.606567 0.423279 0.608874 0.422793 0.611667 0.422308 0.613488 0.422146 0.615674 0.421822 0.618467 0.421660 0.620167 0.420527 0.621624 0.419555 0.621503 0.417936 0.621624 0.415346 0.621988 0.413565 0.622474 0.410812 0.621745 0.409517 0.622353 0.408384 0.621138 0.406441 0.621624 0.402717 0.620410 0.401422 0.620410 0.400127 0.617374 0.397374 0.613367 0.395269 0.607660 0.393003 0.604260 0.392031 0.602438 0.390088 0.600860 0.389765 0.596124 0.384745 0.593210 0.381831 0.588838 0.377622 0.584952 0.374545 0.581917 0.372764 0.577059 0.370336 0.572445 0.368555 0.566981 0.367098 0.562852 0.366774 0.557752 0.365964 0.553381 0.365802 0.549616 0.365479 0.547795 0.365479 0.546945 0.364993 0.545731 0.364831 0.545366 0.365317
0 0.584054 0.429573 0.578227 0.430644 0.576218 0.433859 0.576017 0.436002 0.575013 0.438413 0.575214 0.440288 0.574410 0.446450 0.573003 0.448593 0.571597 0.449933 0.571195 0.451808 0.569990 0.454487 0.567177 0.459577 0.567779 0.464935 0.567177 0.467078 0.567779 0.470293 0.568985 0.471632 0.570592 0.473507 0.573003 0.477526 0.577022 0.482616 0.582849 0.489313 0.585260 0.492260 0.589881 0.494939 0.595908 0.495743 0.598922 0.497082 0.602941 0.496814 0.605151 0.497350 0.606557 0.501369 0.607964 0.504048 0.609772 0.506994 0.612384 0.510209 0.615800 0.509673 0.621024 0.511013 0.623837 0.509941 0.626047 0.508602 0.629663 0.505923 0.632677 0.501904 0.633883 0.499761 0.645737 0.500565 0.656185 0.503244 0.667638 0.505119 0.676679 0.505923 0.685721 0.506727 0.692552 0.508334 0.696369 0.508066 0.702598 0.509138 0.705612 0.510209 0.710434 0.510477 0.711840 0.512888 0.714653 0.516371 0.717265 0.518246 0.722288 0.519050 0.726508 0.519586 0.730124 0.516639 0.733942 0.512620 0.734946 0.512888 0.735549 0.511281 0.737558 0.510745 0.740371 0.508870 0.741778 0.507262 0.741577 0.506191 0.745193 0.496814 0.745796 0.491189 0.743586 0.486902 0.743787 0.482616 0.742380 0.479133 0.739568 0.475383 0.734946 0.470025 0.730325 0.465203 0.726307 0.460648 0.722489 0.458505 0.718672 0.457434 0.712443 0.455558 0.706415 0.454219 0.700388 0.452612 0.696168 0.451808 0.693356 0.447789 0.688333 0.443235 0.682908 0.438681 0.676277 0.433055 0.671254 0.430644 0.666030 0.427965 0.660806 0.426090 0.656185 0.423411 0.647545 0.421000 0.647144 0.422071 0.634686 0.421268 0.624238 0.421000 0.611379 0.422607 0.606557 0.423411 0.598520 0.425554 0.592493 0.427429 0.586666 0.428501 0.583853 0.430108
0 0.999616 0.708941 0.952583 0.716466 0.940354 0.719602 0.923422 0.726500 0.893321 0.737788 0.883914 0.740297 0.862279 0.747195 0.844877 0.755347 0.838762 0.765381 0.834529 0.774161 0.827945 0.781686 0.824652 0.787957 0.822771 0.793601 0.820419 0.801753 0.821360 0.809906 0.819008 0.811787 0.819479 0.818685 0.818068 0.819313 0.819949 0.826211 0.826063 0.840634 0.831237 0.850041 0.835000 0.856312 0.843466 0.869481 0.850521 0.878261 0.854283 0.884532 0.860868 0.891430 0.868393 0.905227 0.876389 0.913379 0.889088 0.929057 0.901787 0.945362 0.912134 0.960413 0.921071 0.971073 0.928596 0.977972 0.939884 0.990514 0.953142 1.000438 1.000646 1.001693
0 0.185240 0.426070 0.187979 0.428626 0.194553 0.428626 0.204687 0.427896 0.214274 0.428991 0.226873 0.430452 0.241116 0.433009 0.244951 0.433009 0.250429 0.434104 0.253442 0.435200 0.257276 0.437026 0.262755 0.437391 0.269602 0.438852 0.276450 0.441043 0.283571 0.443600 0.288501 0.445426 0.290145 0.447617 0.290419 0.450904 0.293979 0.457112 0.293432 0.462225 0.293432 0.465512 0.293979 0.472451 0.293432 0.479389 0.293706 0.485233 0.292610 0.489250 0.292610 0.495093 0.291240 0.506415 0.290419 0.511527 0.288501 0.514084 0.284941 0.514814 0.282202 0.514814 0.280284 0.514084 0.279463 0.511893 0.269054 0.529057 0.259955 0.542867 0.254871 0.551904 0.252047 0.557176 0.249788 0.561318 0.249223 0.569602 0.248093 0.580523 0.244704 0.593702 0.240750 0.597844 0.234820 0.600104 0.231430 0.599727 0.229736 0.597091 0.225782 0.592573 0.220981 0.594455 0.212508 0.597844 0.203188 0.598974 0.191609 0.598974 0.178618 0.599727 0.162238 0.597091 0.134843 0.593702 0.112249 0.592196 0.106318 0.589560 0.100387 0.583912 0.099258 0.578263 0.097846 0.570732 0.099540 0.566213 0.099258 0.561318 0.100670 0.557176 0.098975 0.547385 0.098411 0.540607 0.097563 0.530064 0.097281 0.527051 0.097563 0.523285 0.098411 0.519143 0.103212 0.517260 0.105753 0.515754 0.107166 0.512365 0.110837 0.505587 0.112814 0.504081 0.113661 0.499939 0.119027 0.487136 0.122699 0.480358 0.123546 0.477345 0.128912 0.470190 0.133148 0.464542 0.135690 0.461153 0.137949 0.460023 0.146704 0.452492 0.157436 0.443831 0.164497 0.436300 0.171840 0.432158 0.178335 0.428769 0.185114 0.426509
0 0.878096 0.417771 0.877543 0.419140 0.876359 0.419771 0.875727 0.420403 0.875254 0.420824 0.874701 0.421561 0.874701 0.423561 0.874227 0.425245 0.874227 0.425666 0.875017 0.427351 0.875175 0.428930 0.875648 0.430403 0.876043 0.431351 0.877227 0.431877 0.878885 0.432403 0.879991 0.432509 0.880385 0.431772 0.881017 0.431035 0.884649 0.432298 0.888122 0.433667 0.891044 0.435246 0.893728 0.435456 0.894912 0.435140 0.895228 0.439035 0.896886 0.439141 0.898386 0.439246 0.899491 0.439351 0.900912 0.438825 0.902097 0.437772 0.906439 0.438509 0.908728 0.438614 0.913150 0.439667 0.917334 0.440614 0.920097 0.440404 0.922782 0.441035 0.923413 0.443035 0.924834 0.444509 0.927124 0.444509 0.928545 0.444720 0.929492 0.444193 0.930203 0.442720 0.930440 0.440614 0.931071 0.440614 0.933598 0.440614 0.935572 0.437877 0.936993 0.435772 0.936361 0.434403 0.937151 0.432509 0.936993 0.429772 0.936993 0.426719 0.935887 0.423456 0.934308 0.420929 0.932493 0.418929 0.930045 0.416824 0.928387 0.416087 0.922940 0.415140 0.919229 0.413666 0.915045 0.412613 0.911492 0.411350 0.908097 0.410613 0.905018 0.410192 0.903281 0.410613 0.900439 0.411350 0.897675 0.412403 0.893965 0.414192 0.892623 0.414403 0.891044 0.414403 0.890096 0.414824 0.890096 0.415666 0.889859 0.415982 0.887017 0.416298 0.882991 0.416403 0.879991 0.416719 0.878806 0.417140 0.878096 0.417455
0 1.000010 0.408152 1.000167 0.433381 0.996247 0.432266 0.992170 0.431011 0.989608 0.430453 0.988720 0.431708 0.987622 0.432196 0.986420 0.432266 0.985061 0.432126 0.984068 0.431499 0.983493 0.430453 0.980409 0.430523 0.978580 0.429687 0.974189 0.428363 0.970478 0.427108 0.968387 0.426551 0.967289 0.426899 0.965930 0.426620 0.964885 0.425714 0.963735 0.424739 0.963683 0.423066 0.963160 0.421812 0.963108 0.419860 0.963317 0.418048 0.964728 0.416236 0.965146 0.413797 0.967394 0.412403 0.970321 0.411358 0.974659 0.411288 0.977377 0.411149 0.977639 0.409406 0.979050 0.409615 0.981141 0.408082 0.984434 0.407316 0.988093 0.406619 0.991908 0.406688 0.996351 0.407664 0.999906 0.408361
0 0.979834 0.395747 0.981141 0.397768 0.981768 0.398813 0.982500 0.399510 0.982291 0.402367 0.981925 0.403901 0.980409 0.404737 0.979416 0.404876 0.978580 0.405852 0.977796 0.406619 0.976698 0.406131 0.975391 0.406061 0.974973 0.404946 0.974659 0.404737 0.970478 0.403622 0.969119 0.403482 0.968387 0.404249 0.966505 0.403622 0.965355 0.403064 0.963160 0.402925 0.962533 0.401531 0.961487 0.401531 0.957933 0.401113 0.955790 0.400416 0.954274 0.401949 0.953333 0.401043 0.952445 0.399998 0.952288 0.398604 0.952811 0.396792 0.954274 0.395607 0.956104 0.395189 0.959606 0.395119 0.961383 0.394841 0.963578 0.392959 0.965983 0.393029 0.968857 0.393238 0.970687 0.393586 0.973248 0.393865 0.976018 0.394701 0.979625 0.395956
0 0.810302 0.367821 0.809129 0.370556 0.808661 0.370947 0.807957 0.372432 0.806668 0.373291 0.805261 0.372979 0.803269 0.372276 0.803152 0.371260 0.802331 0.370478 0.800807 0.370322 0.797994 0.369619 0.796236 0.368759 0.794419 0.368915 0.793716 0.368915 0.792368 0.369775 0.791196 0.370322 0.789262 0.369228 0.788910 0.368603 0.788675 0.367353 0.787034 0.366493 0.785393 0.366259 0.784866 0.367040 0.783987 0.368447 0.782991 0.367743 0.782170 0.366884 0.782053 0.365946 0.782053 0.365165 0.780822 0.365008 0.779298 0.364149 0.779357 0.361726 0.780470 0.360242 0.781174 0.358053 0.782815 0.356412 0.784573 0.355084 0.786507 0.354537 0.789437 0.354771 0.793305 0.355318 0.796763 0.356412 0.799342 0.357506 0.801393 0.358835 0.803327 0.360789 0.805379 0.364149 0.807488 0.364930 0.808602 0.366102 0.810126 0.368212
1 0.999731 0.547393 0.916067 0.539714 1.000034 0.587002
1 0.999428 0.535268 0.951836 0.513038 0.851500 0.502125 0.914248 0.537693 0.999731 0.543755
1 0.999731 0.519505 0.956686 0.513847 0.999731 0.533247
1 0.975607 0.497377 0.999939 0.512124 0.999718 0.517728 0.951717 0.511239 0.920085 0.496492 0.923845 0.495607 0.924066 0.493248 0.923845 0.490593 0.922076 0.489119 0.975164 0.497377
1 0.917209 0.496492 0.945966 0.510059 0.849963 0.500326 0.802405 0.473192 0.876950 0.482925 0.881817 0.485579 0.887568 0.488234 0.895089 0.491183 0.902610 0.493248 0.908803 0.494722 0.916545 0.496492
1 0.923082 0.474803 0.974078 0.495310 0.921436 0.487906 0.917579 0.486020 0.908709 0.482249 0.904467 0.480364 0.900096 0.477964 0.894440 0.475907 0.887498 0.474022 0.879656 0.471622 0.875286 0.470937 0.872972 0.471108 0.871429 0.472308 0.850989 0.462538 0.922850 0.474365
1 0.880685 0.455682 0.921950 0.473508 0.847904 0.460824 0.827986 0.450953 0.831144 0.450274 0.831959 0.448508 0.831959 0.447149 0.880761 0.456115
1 0.870573 0.473639 0.869656 0.477306 0.871082 0.479480 0.873120 0.481246 0.800682 0.472009 0.766144 0.450817 0.847140 0.461820 0.870471 0.473775
1 0.843268 0.460326 0.825133 0.451360 0.816779 0.450274 0.811685 0.448372 0.807610 0.446606 0.800885 0.445112 0.796708 0.443074 0.793448 0.441172 0.732217 0.432071 0.765023 0.449866 0.842759 0.460054
1 0.879538 0.454485 0.844797 0.439406 0.780815 0.428131 0.794772 0.434788 0.799357 0.433973 0.804553 0.435467 0.808119 0.436282 0.811583 0.437912 0.816473 0.438863 0.820956 0.439950 0.824114 0.441308 0.828801 0.444025 0.831348 0.445655 0.879131 0.454077
1 0.843268 0.438455 0.815455 0.426501 0.759623 0.416585 0.776841 0.426230 0.842250 0.437912
1 0.792327 0.435739 0.791308 0.437505 0.792531 0.439950 0.731198 0.430984 0.700837 0.415770 0.777147 0.427180 0.792124 0.436282
1 0.759827 0.419302 0.772257 0.425007 0.699818 0.414547 0.682397 0.403544 0.734764 0.411423 0.738228 0.413596 0.742303 0.415226 0.747907 0.416856 0.753408 0.417672 0.757178 0.417807 0.759725 0.419302
1 0.658862 0.391726 0.681276 0.402185 0.733949 0.410064 0.734458 0.408570 0.734662 0.407619 0.725085 0.402593 0.723659 0.401642 0.709192 0.399876 0.696660 0.397703 0.684332 0.396073 0.673635 0.393491 0.665790 0.392812 0.659066 0.391590
1 0.703181 0.391590 0.721010 0.400012 0.703894 0.397974 0.694826 0.396480 0.684536 0.394986 0.675469 0.392948 0.659371 0.390910 0.640116 0.381673 0.703384 0.391861
1 0.627278 0.374066 0.638689 0.380722 0.699207 0.389824 0.685453 0.383575 0.627584 0.374066
1 0.738100 0.393038 0.690636 0.384277 0.702643 0.390319 0.755885 0.400288 0.737874 0.393340
1 0.788397 0.412975 0.755545 0.400439 0.708421 0.392434 0.724960 0.401043 0.787717 0.412824
1 0.812979 0.424152 0.787830 0.413277 0.758038 0.409048 0.762909 0.411918 0.763815 0.413730 0.764155 0.415392 0.764155 0.416751 0.812186 0.424152
1 0.999663 0.469585 0.984338 0.464012 0.926942 0.454167 0.965671 0.468842 0.999802 0.473485
1 0.999802 0.475343 0.967482 0.470142 0.999245 0.482587 0.999663 0.482959
1 0.989493 0.464198 0.999663 0.465684 0.999802 0.468470 0.989214 0.464198
1 0.960655 0.452496 0.960934 0.453982 0.981134 0.461412 0.999663 0.464569 0.999663 0.459183 0.994369 0.456396 0.961213 0.452310
1 0.958566 0.443951 0.992558 0.455096 0.959819 0.450638 0.956197 0.448781 0.952993 0.447109 0.949232 0.445623 0.947003 0.444508 0.943520 0.443951 0.940316 0.443394 0.937529 0.442651 0.934743 0.441536 0.930842 0.441722 0.930703 0.440793 0.933907 0.440422 0.934604 0.440236 0.935022 0.440050 0.958148 0.444137
1 0.975980 0.460854 0.958426 0.454910 0.951461 0.453424 0.947281 0.452496 0.940455 0.450267 0.936276 0.448223 0.931957 0.446923 0.891696 0.439307 0.924991 0.452867 0.975004 0.460483
1 0.874117 0.422830 0.834541 0.415683 0.864536 0.426784 0.874915 0.428609 0.874687 0.427696 0.874459 0.426632 0.874003 0.425719 0.873775 0.424807 0.874117 0.424047 0.874231 0.423286 0.874231 0.422830
1 0.874231 0.420853 0.859518 0.414770 0.846858 0.413250 0.822908 0.408536 0.816521 0.407167 0.834199 0.415379 0.873660 0.421005
1 0.865791 0.416747 0.874573 0.420549 0.876968 0.419028 0.877310 0.418116 0.865905 0.416291