0 0.530667 0.343960 0.531506 0.341379 0.531506 0.338369 0.533635 0.336390 0.538086 0.335014 0.539893 0.334584 0.544473 0.332175 0.549634 0.330197 0.553827 0.329853 0.558150 0.330627 0.563633 0.331401 0.568343 0.332519 0.572084 0.333466 0.572923 0.334756 0.574213 0.338025 0.575504 0.340777 0.575697 0.343444 0.576020 0.346454 0.575762 0.348777 0.574923 0.350153 0.572988 0.350841 0.571504 0.350841 0.570343 0.350841 0.570085 0.352475 0.568730 0.352905 0.566343 0.352992 0.564988 0.352561 0.562020 0.351701 0.561182 0.350841 0.560666 0.349895 0.545247 0.348003 0.544860 0.348777 0.541957 0.348949 0.540086 0.348777 0.539312 0.347744 0.538086 0.348175 0.536602 0.347917 0.535699 0.347056 0.535248 0.346454 0.534151 0.346024 0.532087 0.345508 0.530667 0.344476
0 0.692200 0.366205 0.693061 0.363908 0.693022 0.357225 0.692239 0.354301 0.692161 0.352839 0.690046 0.351481 0.685308 0.350019 0.679669 0.348714 0.676262 0.348087 0.673090 0.347983 0.671171 0.348923 0.668038 0.350489 0.665218 0.351638 0.664357 0.352003 0.661616 0.352317 0.659266 0.352943 0.657739 0.353935 0.656838 0.354875 0.656251 0.356441 0.656016 0.358634 0.655742 0.359835 0.655585 0.360619 0.657700 0.361872 0.658483 0.363177 0.659971 0.364639 0.661420 0.364221 0.662516 0.363020 0.664592 0.363543 0.665297 0.364639 0.667568 0.365631 0.668782 0.365422 0.670035 0.364378 0.678768 0.366049 0.679081 0.367250 0.680961 0.367354 0.681901 0.366258 0.684799 0.366362 0.685582 0.368346 0.686913 0.368921 0.688793 0.369182 0.689889 0.367459 0.690477 0.366832 0.692357 0.366258
0 0.788096 0.381681 0.784106 0.379594 0.781076 0.377709 0.778197 0.375150 0.773602 0.371043 0.770319 0.369898 0.765471 0.369157 0.763906 0.368551 0.757845 0.369898 0.753401 0.371043 0.751028 0.370437 0.750169 0.371918 0.749715 0.374005 0.748957 0.379190 0.750977 0.380739 0.752593 0.382153 0.753957 0.383230 0.771683 0.385654 0.780369 0.387809 0.781530 0.389156 0.783651 0.389896 0.785318 0.389088 0.788399 0.389290 0.789358 0.385452 0.787793 0.382557 0.787692 0.381614
0 0.885828 0.389466 0.883799 0.390525 0.880843 0.391936 0.878020 0.392466 0.876564 0.393230 0.875947 0.394230 0.875373 0.396406 0.875153 0.397877 0.875329 0.398936 0.876035 0.400230 0.877491 0.400288 0.878682 0.399877 0.884593 0.401053 0.885784 0.402112 0.887240 0.402406 0.889931 0.402994 0.891783 0.401818 0.897783 0.402876 0.898003 0.403994 0.899371 0.404406 0.900827 0.404582 0.902062 0.402229 0.902988 0.400583 0.903076 0.398700 0.903297 0.396406 0.902106 0.393877 0.901047 0.391819 0.897915 0.391113 0.893548 0.389760 0.888784 0.389290 0.886137 0.389113
0 0.600085 0.542295 0.588293 0.554649 0.580712 0.560826 0.577974 0.561668 0.576290 0.567284 0.575447 0.572618 0.569972 0.583849 0.565761 0.595361 0.563866 0.611926 0.563655 0.621753 0.566814 0.628492 0.567867 0.633265 0.570183 0.634669 0.572710 0.642250 0.577132 0.645338 0.579870 0.652638 0.582397 0.654885 0.597558 0.677346 0.609561 0.686050 0.622196 0.691385 0.624512 0.700651 0.630409 0.707389 0.636726 0.710758 0.645570 0.712162 0.653151 0.709074 0.660522 0.701774 0.665365 0.694754 0.686002 0.690543 0.746017 0.683243 0.773603 0.680435 0.776972 0.687735 0.786027 0.691666 0.794029 0.689420 0.800557 0.683243 0.808138 0.673977 0.819720 0.668081 0.826879 0.643092 0.826879 0.634388 0.824984 0.624000 0.815719 0.611926 0.809191 0.605749 0.794239 0.593957 0.777814 0.581884 0.758230 0.569249 0.747701 0.564195 0.742858 0.562791 0.717378 0.544541 0.696741 0.533310 0.673788 0.532468 0.659890 0.533029 0.638832 0.534995 0.620301 0.537802 0.608930 0.540610 0.599243 0.542576
1 0.114058 0.754116 -0.000738 0.985126 -0.000207 0.999298 0.516375 1.001424 0.511592 0.981582 0.515843 0.949695 0.524878 0.910012 0.537633 0.884502 0.562081 0.863243 0.579619 0.854740 0.542416 0.740653 0.371817 0.749865 0.233105 0.753408 0.114058 0.755534
1 1.000142 0.914755 0.942414 0.919886 0.901620 0.928610 0.842352 0.940412 0.783470 0.953753 0.738442 0.965042 0.742291 0.977358 0.746139 0.991212 0.748448 0.999936 1.000142 0.999936
1 0.850049 0.713092 0.999757 0.899361 0.917783 0.909624 0.851204 0.923478 0.781546 0.938359 0.730745 0.949648 0.717660 0.929636 0.695724 0.900900 0.669939 0.876783 0.645693 0.862415 0.611504 0.852533 0.590535 0.852533 0.551642 0.738896 0.628076 0.734838 0.722434 0.726721 0.849261 0.712742
1 0.540266 0.732172 0.449891 0.738706 0.364689 0.741972 0.251176 0.744513 0.145830 0.745239 0.118337 0.745602 0.196462 0.613125 0.299630 0.615666 0.383472 0.616391 0.447986 0.616391 0.502973 0.615666
1 0.479563 0.543801 0.240016 0.535454 0.197823 0.608769 0.501340 0.611310
1 0.507538 0.611678 0.563590 0.612340 0.565574 0.595805 0.574502 0.573319 0.576983 0.563067 0.584671 0.557115 0.594096 0.547856 0.485465 0.544218
1 0.427925 0.495938 0.433629 0.503213 0.440574 0.507181 0.451486 0.510819 0.459671 0.512472 0.469344 0.513795 0.478768 0.540250 0.241169 0.532644 0.269691 0.486348
1 0.635880 0.506183 0.654622 0.532575 0.620087 0.537629 0.599660 0.541841 0.597555 0.544368 0.596712 0.544929 0.484473 0.541279 0.475208 0.514044 0.487421 0.512360 0.496476 0.510114 0.501320 0.507306 0.504057 0.504779 0.505321 0.501690 0.505742 0.500567
1 0.600503 0.474175 0.633774 0.504779 0.505321 0.498321 0.503004 0.493829 0.499846 0.489336 0.491844 0.484844 0.483842 0.481475 0.474366 0.479229 0.466153 0.478105 0.462784 0.478105 0.458361 0.465190
1 0.458572 0.477263 0.443832 0.479229 0.438778 0.481475 0.433934 0.484563 0.432039 0.488494 0.429512 0.492986 0.271577 0.484282 0.290740 0.452836 0.454782 0.464628
1 0.302944 0.427031 0.291783 0.450612 0.454042 0.462288 0.446487 0.439623
1 0.445801 0.438020 0.304317 0.425886 0.313074 0.410090 0.439963 0.421537
1 0.445114 0.422223 0.449922 0.438707 0.575608 0.449467 0.550883 0.431839
1 0.450093 0.440538 0.458163 0.463432 0.599303 0.472819 0.575608 0.450612
1 0.975667 0.609727 0.999877 0.609727 1.000221 0.624608
1 1.000221 0.559589 1.000049 0.606751 0.970688 0.606064 0.882947 0.555011
1 0.995241 0.557300 0.951629 0.536696 0.941326 0.535780 0.925358 0.530972 0.910248 0.526165 0.903037 0.522273 0.815468 0.516778 0.880543 0.553179
1 0.957467 0.526622 0.959699 0.529370 0.959870 0.532346 0.959699 0.534406 0.954891 0.536696 0.999019 0.557300 1.000049 0.557071 1.000049 0.529828
1 0.869726 0.495716 0.894967 0.508078 0.899603 0.506705 0.910935 0.508078 0.917116 0.509223 0.929651 0.512886 0.940468 0.517465 0.949912 0.521815 0.954204 0.524562 0.999877 0.527538 0.950083 0.503500
1 0.892048 0.508994 0.891361 0.512199 0.892906 0.514260 0.894795 0.516320 0.899946 0.520212 0.813751 0.515176 0.766017 0.487016 0.863201 0.495029
1 0.696579 0.446531 0.725169 0.462023 0.812620 0.470177 0.777303 0.454888
1 0.786324 0.456315 0.817818 0.470992 0.889063 0.478943 0.851606 0.463042
1 0.729603 0.464673 0.765073 0.485670 0.859098 0.492600 0.816595 0.472012
1 0.821641 0.472623 0.864296 0.493620 0.947466 0.501570 0.889981 0.480166
1 0.993688 0.490283 0.999938 0.493497 1.000206 0.490997
1 0.951992 0.474925 0.992081 0.489330 1.000027 0.489687 1.000206 0.479211
1 0.946992 0.436206 0.977807 0.447268 1.000030 0.449638 1.000030 0.442790
1 0.976721 0.447531 0.944917 0.435942 0.807879 0.416477 0.836470 0.428181
1 0.805888 0.416236 0.835410 0.428557 0.654699 0.405028 0.647316 0.394726