1 -0.000505 0.878148 0.258849 0.893029 0.258317 0.921374 0.258317 0.943341 0.261506 0.963182 0.268947 0.987984 0.273730 1.000030 0.000558 0.999322
1 0.884764 0.922700 0.936550 1.000676 0.472264 1.000080 0.482978 0.984604 0.493692 0.956628 0.498157 0.928057 0.499050 0.913176
1 0.413303 0.673040 0.404821 0.770659 0.416428 0.774230 0.432946 0.782563 0.447232 0.792683 0.466875 0.809944 0.481160 0.833159 0.491428 0.859349 0.497232 0.890897 0.499464 0.899230 0.876696 0.909944 0.750803 0.713516
1 0.000161 0.614421 0.393830 0.670338 0.388081 0.769093 0.362715 0.770897 0.336674 0.780818 0.313676 0.793444 0.294398 0.814187 0.280870 0.833126 0.272077 0.851164 0.262607 0.875965 0.000161 0.861986
1 0.124346 0.510716 0.002917 0.607144 0.394435 0.662501 0.402471 0.588097 0.391757 0.585120 0.376578 0.576192 0.366310 0.566668 0.360507 0.555358 0.359614 0.548811
1 0.473884 0.568133 0.471979 0.573940 0.464357 0.582651 0.451019 0.589184 0.441491 0.590636 0.431147 0.591362 0.420531 0.591725 0.413998 0.665404 0.748275 0.707506 0.681038 0.601524
1 0.429032 0.492975 0.428117 0.518590 0.431776 0.520542 0.437631 0.522981 0.448974 0.527128 0.460135 0.533715 0.466356 0.539814 0.468734 0.544205 0.472760 0.551767 0.473491 0.559818 0.474223 0.563965 0.678775 0.597630 0.636694 0.532007
1 0.431959 0.464921 0.430678 0.490048 0.634864 0.529080 0.606688 0.484681 0.464709 0.455895 0.463246 0.459066 0.459586 0.461994 0.454463 0.465165 0.448974 0.465897 0.441656 0.465897
1 0.410474 0.489733 0.409421 0.516406 0.398892 0.517529 0.385204 0.519775 0.374886 0.523706 0.366042 0.531849 0.362672 0.538306 0.360356 0.544203 0.127034 0.507702 0.192945 0.452671
1 0.238641 0.415328 0.195472 0.450425 0.411316 0.485802 0.413422 0.459690 0.402682 0.454636 0.395312 0.450705 0.392364 0.446774 0.389837 0.442563
1 0.419485 0.415874 0.417515 0.426904 0.407930 0.427429 0.401103 0.428654 0.395457 0.431105 0.392174 0.434607 0.390861 0.439859 0.240388 0.413423 0.270982 0.388563
1 0.294748 0.369131 0.272032 0.387338 0.419222 0.414124 0.421192 0.393115
1 0.435598 0.419170 0.435185 0.430928 0.442212 0.432030 0.449928 0.434969 0.458746 0.439195 0.461640 0.442502 0.464120 0.446911 0.465085 0.453525 0.605076 0.482735 0.584270 0.450402
1 0.438078 0.396022 0.436425 0.417333 0.583168 0.448381 0.567736 0.424865
1 0.440007 0.379120 0.438354 0.395103 0.566633 0.423579 0.554921 0.405024
1 0.440421 0.378385 0.441936 0.370853 0.446621 0.371955 0.453786 0.371955 0.459298 0.371771 0.460538 0.370302 0.542934 0.388489 0.553544 0.404105
1 0.442901 0.354318 0.442763 0.357258 0.451995 0.360014 0.454337 0.361483 0.456680 0.363688 0.459298 0.366995 0.460262 0.370302 0.541970 0.387755 0.531636 0.375446
1 0.443329 0.345055 0.442910 0.352999 0.531776 0.374034 0.529174 0.365754
1 0.444252 0.336775 0.443581 0.344160 0.528251 0.364523 0.523552 0.356467
1 0.517678 0.347964 0.522713 0.355460 0.444420 0.336328 0.444924 0.333531 0.448700 0.334314 0.452979 0.333978 0.456840 0.333866 0.457259 0.333195
1 0.457930 0.332300 0.516755 0.346957 0.513147 0.341139 0.454993 0.326929 0.456672 0.328943 0.458098 0.332076
1 0.505678 0.333642 0.512643 0.340244 0.446098 0.324468 0.446770 0.318314
1 0.945445 0.643671 0.999871 0.695295 1.000008 0.652122
1 0.875485 0.453948 0.906459 0.460804 0.996748 0.503106 0.962263 0.497421
1 0.963768 0.498591 0.999758 0.504945 0.999758 0.517987
1 0.872852 0.514810 0.896803 0.531697 0.900566 0.531363 0.907086 0.532533 0.916241 0.535208 0.923639 0.537884 0.929909 0.540392 0.934925 0.539890 0.941823 0.537048 0.955491 0.533871
1 0.852286 0.491067 0.850280 0.493742 0.848022 0.495582 0.845891 0.496418 0.869215 0.512469 0.957749 0.533035 0.916993 0.506450
1 0.852662 0.476521 0.852161 0.479029 0.852286 0.480199 0.852411 0.483543 0.852411 0.486218 0.852411 0.490231 0.915614 0.504945 0.874106 0.481704
1 0.854669 0.469164 0.872977 0.480533 0.852913 0.475350
1 0.758395 0.489464 0.801444 0.524057 0.897107 0.544349 0.894933 0.542030 0.894208 0.539325 0.893339 0.535846 0.894208 0.532174 0.894353 0.531594 0.869278 0.514008
1 0.802458 0.525797 0.900586 0.546669 0.901745 0.547442 0.897977 0.548601 0.895948 0.550147 0.893773 0.553046 0.891599 0.555365 0.888990 0.558071 0.885801 0.563289 0.883627 0.571792 0.882758 0.575851 0.858842 0.572372
1 0.653994 0.404781 0.671970 0.418740 0.741206 0.435333 0.740021 0.432963 0.740119 0.431119 0.741502 0.430197 0.742885 0.429802 0.733403 0.423481
1 0.736465 0.435596 0.733897 0.436650 0.731724 0.437308 0.728959 0.437703 0.727971 0.439020 0.726983 0.441127 0.725206 0.442839 0.724514 0.443629 0.694884 0.437177 0.672464 0.419925
1 0.728465 0.413999 0.727378 0.415053 0.725502 0.415053 0.723033 0.415316 0.734687 0.423349 0.768169 0.431909 0.771231 0.430855 0.776268 0.429407 0.780318 0.428485 0.781602 0.428222
1 0.730638 0.407678 0.730045 0.409258 0.728959 0.413209 0.782392 0.427432 0.760564 0.415711
1 0.730539 0.401620 0.730440 0.403859 0.730539 0.407151 0.759379 0.414526 0.740811 0.404386
1 0.730539 0.398328 0.739230 0.403069 0.730638 0.400830
1 0.695575 0.438230 0.722243 0.459301 0.721946 0.457193 0.721946 0.454955 0.723033 0.452584 0.723329 0.449292 0.723625 0.444551
1 0.623651 0.380814 0.636830 0.391239 0.641874 0.391996 0.642379 0.389810 0.642694 0.387792 0.643387 0.385606
1 0.610410 0.371229 0.622769 0.380225 0.643892 0.384681 0.644712 0.383252 0.646540 0.380057
1 0.591966 0.356166 0.594830 0.361838 0.597946 0.362287 0.597525 0.361164 0.595630 0.359255 0.595588 0.356447
1 0.576973 0.344149 0.583922 0.349315 0.591124 0.350888 0.589776 0.348585 0.587881 0.346957
1 0.570613 0.338870 0.576636 0.343644 0.587586 0.346114 0.587796 0.343475
1 0.048297 0.348663 -0.000154 0.361794 -0.000154 0.338860
1 -0.000022 0.313649 0.101868 0.333783 0.050529 0.347088 0.000109 0.337284
1 0.120645 0.303145 0.122352 0.306121 0.123008 0.310148 0.122483 0.314175 0.121433 0.317676 0.144148 0.322228 0.175135 0.314000
1 0.096748 0.286163 0.097535 0.287214 0.102525 0.288965 0.111454 0.293166 0.118544 0.297718 0.119332 0.300869 0.119988 0.302270 0.176973 0.313124 0.202446 0.306472
1 0.100674 0.286002 0.127927 0.281964 0.224221 0.300998 0.203197 0.305958
1 0.131993 0.281618 0.154488 0.278850 0.241178 0.295807 0.224653 0.300075
1 0.146701 0.270083 0.145750 0.271351 0.142808 0.271582 0.142116 0.272736 0.140645 0.274927 0.153709 0.277811 0.166081 0.276081 0.162447 0.275274 0.158122 0.274005 0.157429 0.272390
1 0.147047 0.264199 0.147480 0.265468 0.147566 0.267314 0.147307 0.269506 0.157949 0.271582 0.158987 0.270544 0.162015 0.269621 0.168071 0.268929 0.173003 0.269621
1 0.252630 0.284743 0.251135 0.285312 0.249800 0.285099 0.248572 0.285953 0.247557 0.286024 0.245795 0.288730 0.258077 0.291293 0.270893 0.288516
1 0.271374 0.277836 0.271160 0.280044 0.270092 0.281610 0.282481 0.284244 0.292040 0.282037
1 0.271267 0.273564 0.271480 0.276839 0.293375 0.281824 0.301385 0.280044
1 0.304168 0.276207 0.305961 0.275430 0.306230 0.273995 0.316763 0.275848 0.311026 0.277880
1 0.306005 0.271246 0.306454 0.273219 0.317794 0.275729 0.321873 0.274175
1 0.010522 0.233757 0.000185 0.234756 0.000185 0.230761
1 0.032993 0.227465 0.032919 0.229463 0.031196 0.230761 0.028499 0.230961 0.026552 0.231061 0.031945 0.232559 0.035990 0.231460 0.039660 0.230661 0.044004 0.230362
1 0.032844 0.222272 0.033518 0.223870 0.033143 0.226766 0.045727 0.230062 0.053667 0.230861 0.061457 0.231560 0.071794 0.233857 0.074116 0.234157 0.075239 0.233358
1 0.037413 0.222272 0.037488 0.221373 0.037488 0.220474 0.047075 0.220974 0.083704 0.230162 0.076588 0.232759 0.072468 0.231860
1 0.068498 0.222472 0.055614 0.222172 0.084827 0.229862 0.086999 0.229063 0.089921 0.228464
1 0.052618 0.215581 0.051420 0.216979 0.067824 0.221773 0.076213 0.222072
0 1.000029 0.540214 0.990043 0.536820 0.975945 0.533426 0.963218 0.532904 0.953428 0.534470 0.938743 0.538648 0.933456 0.540475 0.929540 0.541258 0.925624 0.542825 0.914072 0.544130 0.905456 0.547002 0.897233 0.549351 0.893512 0.552484 0.890771 0.556922 0.887051 0.561361 0.885680 0.566060 0.882352 0.576503 0.884505 0.581463 0.888813 0.586423 0.902128 0.594516 0.908002 0.599999 0.920729 0.609919 0.935414 0.618535 0.946966 0.625323 0.949120 0.626889 0.950882 0.631849 0.953428 0.634199 0.956561 0.635765 0.961651 0.637593 0.967917 0.634721 0.971833 0.631588 0.975749 0.628978 1.000224 0.632110
0 0.757033 0.436391 0.748934 0.435864 0.739748 0.435469 0.734020 0.436391 0.729378 0.437971 0.727699 0.439420 0.726217 0.440868 0.724933 0.442976 0.724242 0.445478 0.723649 0.448375 0.722958 0.452062 0.722464 0.454301 0.722069 0.456803 0.722958 0.459568 0.725328 0.461807 0.728489 0.464309 0.731847 0.466811 0.734909 0.469050 0.736884 0.470894 0.741427 0.472737 0.745773 0.474713 0.749032 0.475635 0.750415 0.476030 0.750613 0.479717 0.752588 0.483009 0.755354 0.484853 0.759996 0.486170 0.764440 0.485643 0.767601 0.483536 0.768885 0.481956 0.822120 0.494071 0.821231 0.497232 0.822515 0.499470 0.826170 0.502104 0.829627 0.502368 0.833182 0.502236 0.837528 0.501182 0.838713 0.496705 0.846220 0.496442 0.852146 0.491306 0.852541 0.482351 0.851849 0.478532 0.853923 0.468523 0.853034 0.464836 0.850368 0.463387 0.847602 0.461149 0.839602 0.453116 0.833874 0.448902 0.827651 0.444292 0.824886 0.442185 0.824293 0.439420 0.819157 0.439947 0.810564 0.435601 0.801972 0.431650 0.788934 0.429016 0.780144 0.428753 0.772144 0.430860 0.761280 0.434942 0.756934 0.436391
0 0.878550 0.423476 0.881687 0.425713 0.886064 0.428631 0.890368 0.432813 0.890805 0.437093 0.891097 0.442053 0.890587 0.445166 0.888617 0.448278 0.884970 0.449056 0.882125 0.450418 0.879645 0.450612 0.878040 0.449445 0.875997 0.446430 0.870891 0.445652 0.866733 0.444388 0.864618 0.445944 0.863305 0.446041 0.861116 0.445652 0.858855 0.444290 0.856667 0.443123 0.855937 0.441470 0.855062 0.438746 0.835367 0.428145 0.834272 0.430576 0.831792 0.431257 0.829020 0.429896 0.826686 0.428048 0.825446 0.425519 0.826321 0.421823 0.823258 0.419878 0.823914 0.417154 0.825154 0.413167 0.826394 0.409763 0.828947 0.404900 0.830625 0.402371 0.834199 0.400134 0.836971 0.399258 0.842734 0.399939 0.846235 0.401009 0.847184 0.400134 0.848716 0.401495 0.855573 0.403538 0.862575 0.406067 0.868995 0.409276 0.871912 0.411805 0.874247 0.415306 0.876727 0.420753 0.877748 0.420656 0.878478 0.421823 0.878186 0.423282
0 0.788973 0.388949 0.792401 0.387587 0.797872 0.386225 0.804000 0.386809 0.812389 0.389143 0.817057 0.391477 0.822017 0.393715 0.827051 0.397508 0.827853 0.400426 0.828728 0.404705 0.826832 0.408401 0.826102 0.410541 0.824060 0.416376 0.823330 0.418322 0.821945 0.419294 0.820486 0.419489 0.818808 0.419002 0.817422 0.416474 0.815525 0.415987 0.809763 0.414431 0.809763 0.414431 0.808304 0.415598 0.806553 0.415987 0.804729 0.415696 0.803635 0.415209 0.802103 0.413945 0.801666 0.413167 0.800061 0.410152 0.785545 0.404316 0.784304 0.404900 0.781824 0.404705 0.780001 0.403441 0.780292 0.401009 0.779125 0.399258 0.779855 0.394979 0.781678 0.391283 0.783794 0.389824 0.785617 0.389046 0.789119 0.388754
0 0.786014 0.388729 0.784048 0.385722 0.781850 0.383871 0.779769 0.382637 0.779653 0.381481 0.778959 0.380633 0.777976 0.379245 0.775952 0.375544 0.772829 0.373077 0.766757 0.370532 0.762073 0.368990 0.757158 0.368065 0.752590 0.367834 0.749583 0.369915 0.747559 0.371303 0.746171 0.374696 0.745477 0.378088 0.745592 0.380402 0.745708 0.383794 0.745882 0.385876 0.746749 0.387109 0.749583 0.388112 0.750508 0.387572 0.751202 0.386107 0.762189 0.391350 0.762362 0.393740 0.763230 0.395051 0.765254 0.396208 0.767104 0.396208 0.768781 0.395976 0.770111 0.394589 0.774853 0.396285 0.777571 0.397133 0.778612 0.398598 0.779132 0.397750 0.780000 0.395360 0.780578 0.393278 0.782024 0.390810 0.784279 0.389654 0.786014 0.388574
0 0.713036 0.361357 0.715406 0.359892 0.719397 0.358350 0.721825 0.357964 0.725006 0.355574 0.727492 0.355266 0.733796 0.356808 0.740041 0.358735 0.743626 0.360817 0.744609 0.363978 0.745650 0.367757 0.746055 0.370764 0.746113 0.373385 0.745824 0.375081 0.745419 0.377780 0.744841 0.379014 0.744089 0.380247 0.742585 0.380479 0.740793 0.380556 0.739925 0.380016 0.739578 0.379168 0.737381 0.377857 0.733275 0.376469 0.730037 0.375621 0.729459 0.376623 0.726914 0.376701 0.726625 0.376238 0.725758 0.374465 0.724717 0.373539 0.720495 0.372460 0.719975 0.371380 0.719339 0.369761 0.717430 0.365135 0.716274 0.363516 0.713093 0.361280
0 0.719658 0.358210 0.717941 0.351948 0.712235 0.349255 0.707892 0.348245 0.704256 0.347235 0.701326 0.348312 0.698700 0.349524 0.697690 0.350265 0.695468 0.350265 0.693145 0.351342 0.692640 0.353295 0.692994 0.353968 0.697690 0.355248 0.703700 0.357133 0.707892 0.358749 0.712689 0.361038 0.715972 0.359557 0.719557 0.358008
0 0.694458 0.350601 0.695064 0.347302 0.695266 0.343935 0.692842 0.339693 0.689509 0.337000 0.685671 0.335653 0.680116 0.334239 0.677743 0.334239 0.674510 0.335788 0.671884 0.336933 0.669763 0.337943 0.668400 0.339155 0.667592 0.341848 0.667693 0.343935 0.668046 0.345753 0.668299 0.346561 0.669612 0.346629 0.671985 0.347504 0.674460 0.348312 0.677288 0.348985 0.680419 0.349861 0.683550 0.351207 0.684560 0.351746 0.685772 0.353362 0.687590 0.353362 0.689358 0.353362 0.691428 0.353093 0.692691 0.352285 0.692893 0.351207 0.694711 0.350399
0 0.672844 0.336259 0.670723 0.332758 0.669561 0.330738 0.668248 0.329660 0.664511 0.328044 0.660370 0.327236 0.658350 0.327102 0.655825 0.327573 0.653805 0.329391 0.652795 0.330940 0.651785 0.333431 0.651331 0.335317 0.651432 0.337202 0.651836 0.338481 0.652442 0.340165 0.653654 0.340703 0.654512 0.339895 0.659057 0.341377 0.659461 0.343127 0.660067 0.344137 0.661734 0.344811 0.662895 0.344474 0.663703 0.343599 0.667339 0.344541 0.667339 0.341781 0.668400 0.339289 0.669561 0.338010 0.672844 0.336259
0 0.618931 0.311789 0.620402 0.312825 0.621056 0.314514 0.621179 0.316695 0.620280 0.317839 0.619258 0.317022 0.617745 0.316858
0 0.645299 0.312879 0.644032 0.314351 0.643623 0.316422 0.644645 0.316477 0.646076 0.316368 0.648856 0.317349 0.650818 0.318330 0.652903 0.322473 0.654293 0.322364 0.655888 0.322091 0.655765 0.319366 0.654171 0.317403 0.652944 0.315986 0.651636 0.314623 0.649674 0.313697 0.646526 0.313043 0.645422 0.313043
0 0.644236 0.316913 0.642315 0.318930 0.641170 0.320074 0.640516 0.322473 0.639903 0.325961 0.640516 0.326997 0.641416 0.326724 0.641620 0.326125 0.643133 0.326833 0.643133 0.327924 0.643950 0.328360 0.644604 0.327924 0.644686 0.327215 0.647711 0.328632 0.647630 0.329450 0.648243 0.329886 0.648938 0.329940 0.649388 0.329395 0.649878 0.329286 0.650777 0.329940 0.651309 0.330540 0.652086 0.330540 0.652454 0.329504 0.653067 0.327869 0.653517 0.323672 0.651636 0.321001 0.650818 0.318766 0.649224 0.317676 0.647425 0.316967 0.645790 0.316749 0.644277 0.317131
0 0.651618 0.291779 0.650229 0.289596 0.649088 0.285363 0.648145 0.284636 0.644227 0.283644 0.638969 0.282519 0.638126 0.283313 0.637134 0.286951 0.637580 0.288339 0.638572 0.289265 0.651618 0.292175
0 0.699153 0.303097 0.697796 0.300301 0.693912 0.298986 0.689102 0.298410 0.687992 0.300301 0.698845 0.302768
0 0.725421 0.311318 0.727702 0.308030 0.735903 0.309345 0.737753 0.311318 0.740219 0.313949
0 0.752120 0.314771 0.754340 0.311318 0.760629 0.312387 0.762972 0.313209 0.764267 0.314113 0.765007 0.315840 0.769139 0.318306 0.769077 0.319129
0 0.728761 0.395278 0.722905 0.392920 0.718816 0.389826 0.711081 0.383049 0.702462 0.378187 0.693290 0.375240 0.683566 0.372588 0.678814 0.373325 0.671079 0.376566 0.664891 0.378481 0.660913 0.378923 0.652073 0.378187 0.647211 0.379513 0.645664 0.380986 0.643343 0.385259 0.642238 0.388500 0.642238 0.391889 0.643011 0.393952 0.646769 0.395867 0.647542 0.397341 0.650857 0.398961 0.653288 0.399551 0.658592 0.401319 0.659255 0.402350 0.661355 0.404707 0.662902 0.406328 0.666438 0.407654 0.669311 0.407949 0.671632 0.407507 0.673621 0.405444 0.674615 0.403971 0.708539 0.413400 0.708208 0.416052 0.710528 0.417968 0.713291 0.418410 0.717490 0.417820 0.718705 0.416642 0.719921 0.414284 0.726441 0.414874 0.728761 0.413547 0.729866 0.408391 0.730198 0.406033 0.729866 0.401466 0.730087 0.396604 0.728098 0.394983
0 0.715722 0.386290 0.718816 0.384670 0.719258 0.380692 0.719921 0.371999 0.717158 0.364927 0.709534 0.359917 0.700362 0.356528 0.689975 0.354318 0.684671 0.355350 0.677599 0.358296 0.676383 0.358296 0.673400 0.358002 0.668869 0.357854 0.665885 0.358149 0.664449 0.359622 0.664007 0.361390 0.664338 0.363011 0.664338 0.365958 0.664338 0.368315 0.664338 0.373030 0.665996 0.374798 0.667322 0.376419 0.667985 0.377745 0.673400 0.375977 0.678151 0.373767 0.682350 0.372588 0.683676 0.372588 0.691853 0.375093 0.700362 0.378187 0.708429 0.380986 0.712738 0.384228 0.715832 0.385996
0 0.685997 0.354466 0.684339 0.351814 0.676383 0.348572 0.670306 0.347099 0.666106 0.346215 0.662460 0.347688 0.659808 0.349456 0.653841 0.350046 0.648095 0.349456 0.650415 0.351519 0.652515 0.352992 0.654062 0.354466 0.657266 0.358149 0.664338 0.360654 0.665664 0.358591 0.670858 0.358444 0.676383 0.358296 0.679256 0.357707 0.683897 0.355939 0.686439 0.354760
0 0.614723 0.348278 0.609198 0.347688 0.603341 0.347983 0.601463 0.348867 0.598590 0.350782 0.597264 0.352992 0.596380 0.355350 0.595938 0.358002 0.596601 0.360064 0.600358 0.362569 0.601573 0.363748 0.604778 0.366253 0.607209 0.368021 0.609640 0.369347 0.613618 0.369936 0.615496 0.369936 0.618038 0.368168 0.645111 0.375240 0.645885 0.377155 0.646879 0.378481 0.649310 0.379071 0.652294 0.378334 0.655609 0.378334 0.660471 0.378039 0.662018 0.377597 0.663123 0.374798 0.664117 0.371999 0.664117 0.369641 0.664117 0.362127 0.663565 0.361243 0.657045 0.358591 0.652073 0.352992 0.644559 0.349014 0.640138 0.346657 0.629972 0.344889 0.625884 0.344594 0.621906 0.345626 0.616601 0.347099 0.614502 0.347688
0 0.659697 0.349014 0.656603 0.347099 0.653841 0.343857 0.651078 0.340616 0.646769 0.336933 0.639696 0.334723 0.634392 0.333544 0.631519 0.332955 0.627762 0.332365 0.628315 0.333986 0.630746 0.335312 0.634724 0.337080 0.639696 0.339290 0.645222 0.342384 0.645885 0.344889 0.647653 0.348572 0.649421 0.349751 0.652183 0.349604 0.658150 0.349898 0.659808 0.349014
0 0.649089 0.351224 0.647211 0.349014 0.645222 0.342826 0.636160 0.338111 0.629530 0.334870 0.624889 0.333397 0.619806 0.332807 0.615938 0.332365 0.611408 0.333544 0.607098 0.335901 0.603010 0.335754 0.597706 0.335312 0.593838 0.335901 0.592181 0.336491 0.590744 0.337522 0.589749 0.339437 0.589086 0.341795 0.588202 0.344299 0.587981 0.347099 0.589749 0.348867 0.592402 0.350488 0.593507 0.351961 0.594943 0.352992 0.596380 0.353729 0.598369 0.351224 0.600468 0.349456 0.603452 0.348278 0.611629 0.347541 0.614060 0.348278 0.616270 0.347099 0.625442 0.344594 0.632845 0.345478 0.639475 0.346510 0.649200 0.350930
0 0.614944 0.330008 0.619475 0.330008 0.623784 0.328829 0.626657 0.327651 0.632293 0.328093 0.638149 0.330155 0.642569 0.331187 0.646437 0.335312 0.651852 0.339437 0.652183 0.341353 0.649973 0.340174 0.646437 0.336933 0.640249 0.335459 0.632403 0.333397 0.627983 0.332071 0.628204 0.333839 0.622348 0.332955 0.617375 0.332660 0.615275 0.332365 0.615275 0.330155
0 0.624955 0.328162 0.620226 0.322108 0.617452 0.319082 0.611840 0.316812 0.605787 0.315635 0.599986 0.314374 0.597779 0.314794 0.595067 0.316391 0.600049 0.318493 0.602445 0.319923 0.605724 0.321856 0.609948 0.323201 0.611588 0.324547 0.615245 0.329843 0.618272 0.329843 0.622307 0.329339 0.624703 0.328078
0 0.621046 0.322781 0.619848 0.317484 0.615182 0.315467 0.608561 0.313533 0.602003 0.312440 0.597148 0.312440 0.594500 0.313869 0.592734 0.315803 0.593995 0.316812 0.596328 0.315467 0.600238 0.314037 0.605408 0.315467 0.612155 0.317232 0.618650 0.319250 0.620731 0.322193
0 0.614993 0.332449 0.615119 0.330095 0.612407 0.326060 0.610011 0.323622 0.606417 0.322108 0.598788 0.320427 0.594500 0.319838 0.590338 0.319082 0.583276 0.320595 0.578043 0.322445 0.573692 0.322529 0.569278 0.322865 0.567197 0.323370 0.565810 0.325051 0.564927 0.328666 0.565242 0.331861 0.566377 0.333626 0.569593 0.333879 0.571296 0.336905 0.573313 0.338587 0.576718 0.340016 0.579178 0.339091 0.580565 0.337662 0.590023 0.339848 0.591032 0.337326 0.596139 0.336065 0.599670 0.335644 0.607174 0.335812 0.611903 0.332954 0.614867 0.332365
0 0.567260 0.318241 0.563162 0.318830 0.562090 0.320259 0.561270 0.324967 0.561964 0.327657 0.564675 0.329423 0.564738 0.327405 0.565747 0.325051 0.567197 0.323117 0.577601 0.322865 0.581258 0.322024 0.585357 0.320259 0.590401 0.319082 0.598346 0.320091 0.604147 0.321268 0.599670 0.318409 0.593806 0.316476 0.589708 0.315551 0.585924 0.314794 0.582646 0.314710 0.574385 0.318157 0.571485 0.318157 0.567008 0.318073
0 0.551496 0.308405 0.548659 0.308152 0.547839 0.311431 0.546830 0.314122 0.546326 0.316980 0.550992 0.318998 0.552379 0.321268 0.553388 0.322865 0.557045 0.323874 0.558559 0.323790 0.559252 0.322697 0.561900 0.322865 0.562531 0.320427 0.563477 0.318661 0.566756 0.318157 0.574070 0.317821 0.576529 0.317064 0.575646 0.315719 0.572746 0.312440 0.569530 0.309666 0.564107 0.307480 0.559252 0.307059 0.555784 0.307480 0.551623 0.308573
0 0.582267 0.314458 0.577790 0.311263 0.573187 0.308993 0.570224 0.308320 0.567702 0.308573 0.569782 0.310002 0.572998 0.312776 0.576340 0.316896 0.582141 0.314542
0 0.589455 0.315635 0.590275 0.311936 0.588825 0.309750 0.584474 0.306555 0.579808 0.305714 0.575710 0.306387 0.571863 0.307480 0.571422 0.308068 0.573376 0.308741 0.576592 0.310759 0.578610 0.312104 0.582141 0.314374 0.586933 0.314962 0.589708 0.315299
0 0.579367 0.305798 0.577097 0.303865 0.573061 0.302603 0.569278 0.302015 0.566819 0.302351 0.568521 0.304873 0.569719 0.305294 0.570665 0.306639 0.571422 0.307312 0.574070 0.306471 0.578862 0.305714
0 0.571165 0.308029 0.571165 0.307518 0.569201 0.305411 0.566950 0.303431 0.563070 0.300237 0.555023 0.297172 0.549083 0.295703 0.545299 0.296469 0.548029 0.297300 0.552436 0.299152 0.556843 0.299854 0.560771 0.301387 0.562639 0.304580 0.563837 0.307071 0.567333 0.308348 0.571117 0.308029
0 0.541515 0.296661 0.538066 0.300174 0.536821 0.304197 0.534953 0.306752 0.536821 0.309370 0.538928 0.310392 0.540797 0.312691 0.542473 0.313777 0.543623 0.314544 0.545970 0.314927 0.546784 0.314160 0.548796 0.308476 0.552101 0.308285 0.559334 0.306816 0.563645 0.307454 0.561202 0.301323 0.556268 0.299790 0.551766 0.298641 0.546545 0.296916 0.541802 0.296469
0 0.554592 0.296852 0.553586 0.295000 0.546161 0.292573 0.542090 0.291679 0.539360 0.291743 0.536198 0.293212 0.534186 0.293723 0.529205 0.294170 0.527097 0.294234 0.525852 0.294745 0.525181 0.296789 0.524415 0.299599 0.527337 0.301387 0.528438 0.302409 0.529061 0.303686 0.530019 0.304836 0.531360 0.305027 0.533564 0.303942 0.535815 0.304964 0.536917 0.302856 0.537779 0.299790 0.541515 0.296022 0.548652 0.296022 0.554209 0.296789
0 0.375777 0.317129 0.369036 0.320223 0.357102 0.325085 0.353013 0.327148 0.347599 0.327148 0.338427 0.326706 0.333454 0.328179 0.329145 0.330831 0.325719 0.332599 0.322957 0.336135 0.321299 0.341439 0.319531 0.343207 0.319199 0.346007 0.319641 0.349396 0.320636 0.350722 0.321962 0.352932 0.322625 0.357352 0.323730 0.359414 0.325940 0.361330 0.329145 0.362950 0.330802 0.363245 0.331355 0.363393 0.332018 0.366781 0.334891 0.370759 0.337764 0.372380 0.342073 0.373264 0.345720 0.373264 0.347709 0.371054 0.350582 0.366192 0.398982 0.374295 0.400640 0.375474 0.401303 0.379452 0.403181 0.384462 0.409259 0.386819 0.415447 0.386230 0.418099 0.384756 0.420640 0.380336 0.421635 0.376800 0.423292 0.372675 0.427602 0.343207 0.417436 0.329653 0.414784 0.327295 0.407380 0.324348 0.392462 0.320223 0.384838 0.318455 0.375556 0.317424
0 0.430583 0.293025 0.425414 0.290628 0.421594 0.286134 0.417175 0.281740 0.411407 0.278843 0.402119 0.276546 0.392306 0.274649 0.386464 0.275348 0.383917 0.275248 0.383693 0.276946 0.380172 0.279642 0.378674 0.281840 0.378674 0.283737 0.377925 0.286833 0.377401 0.289729 0.377475 0.292526 0.379573 0.292626 0.382644 0.292326 0.389984 0.289230 0.395378 0.287233 0.402793 0.287233 0.409759 0.288132 0.420021 0.290429 0.429983 0.292726
0 0.425414 0.340065 0.427811 0.338467 0.428111 0.334073 0.430133 0.310902 0.424590 0.306508 0.415227 0.299617 0.410733 0.296820 0.403243 0.295123 0.397550 0.294523 0.392756 0.295422 0.387962 0.298019 0.384367 0.299517 0.381146 0.300216 0.377101 0.300016 0.370884 0.300715 0.365865 0.301514 0.359873 0.308505 0.359124 0.311701 0.359349 0.314897 0.360472 0.318792 0.363319 0.321788 0.367963 0.320790 0.375977 0.317294 0.382869 0.318093 0.389011 0.319292 0.400846 0.322388 0.414703 0.327182 0.419122 0.331476 0.425489 0.340065
0 0.377700 0.292626 0.370884 0.292925 0.367888 0.293025 0.365566 0.294124 0.364143 0.296521 0.363693 0.298318 0.363618 0.299817 0.365341 0.301315 0.370060 0.300915 0.375678 0.300516 0.381670 0.299817 0.389310 0.298418 0.391782 0.295822 0.399347 0.294523 0.409759 0.296221 0.413954 0.298518 0.427362 0.308106 0.430208 0.310503 0.432455 0.293425 0.430433 0.292726 0.418223 0.290129 0.409010 0.287732 0.400396 0.286933 0.395677 0.287333 0.390359 0.289230 0.384367 0.291028 0.381745 0.292226 0.377700 0.292526
0 0.458650 0.295742 0.454093 0.299705 0.450461 0.306661 0.449338 0.312649 0.451254 0.315466 0.454027 0.316171 0.456207 0.320045 0.458122 0.321982 0.461820 0.322863 0.464395 0.322599 0.465320 0.321454 0.487707 0.327442 0.489557 0.329995 0.493321 0.330876 0.496755 0.330964 0.498472 0.328498 0.502500 0.328674 0.504614 0.328498 0.505670 0.324272 0.504746 0.318812 0.501840 0.313353 0.489028 0.304900 0.479585 0.299089 0.474103 0.296447 0.464197 0.294774 0.458056 0.296095
0 0.471660 0.285616 0.476084 0.285176 0.484472 0.286409 0.492726 0.288346 0.497217 0.289755 0.501312 0.293981 0.503359 0.299793 0.503425 0.304196 0.502236 0.307277 0.501246 0.309831 0.500123 0.311680 0.496028 0.309831 0.490349 0.305781 0.483349 0.300850 0.477339 0.297504 0.472452 0.295919 0.464858 0.295038 0.460697 0.295038 0.457131 0.296359 0.455414 0.297504 0.454886 0.295390 0.455084 0.291516 0.457659 0.290019 0.464528 0.289931 0.471594 0.285881
0 0.489557 0.287289 0.488500 0.283855 0.484802 0.282711 0.478000 0.280597 0.471792 0.279981 0.467169 0.281654 0.462943 0.282975 0.458980 0.283415 0.456735 0.284296 0.455348 0.287201 0.455282 0.288962 0.456273 0.290459 0.459442 0.290107 0.463537 0.290107 0.465782 0.288698 0.471792 0.285616 0.475556 0.284824 0.482754 0.286233 0.489755 0.287377
0 0.092611 0.284792 0.086834 0.279715 0.085784 0.277789 0.084339 0.277089 0.082895 0.276914 0.077512 0.273587 0.070815 0.267285 0.062674 0.262908 0.054009 0.259582 0.043767 0.256780 0.030111 0.253804 0.014618 0.253454 0.003982 0.253804 0.000174 0.253979 0.000174 0.303174 0.061230 0.316829 0.063462 0.319806 0.066745 0.320506 0.070815 0.325233 0.080006 0.326808 0.082764 0.326808 0.086309 0.323307 0.087885 0.322432 0.104823 0.322082 0.112307 0.320681 0.118215 0.320331 0.120841 0.318055 0.122942 0.313328 0.122942 0.310352 0.122548 0.305975 0.119266 0.302474 0.118347 0.298797 0.108893 0.291970 0.099570 0.287243 0.091824 0.284091
0 0.000043 0.238048 0.004507 0.236822 0.014224 0.237173 0.020001 0.237698 0.027091 0.234897 0.041272 0.231045 0.051120 0.231045 0.061230 0.232096 0.075148 0.235247 0.082501 0.237348 0.092218 0.242425 0.100358 0.247852 0.105479 0.251353 0.109549 0.252754 0.110206 0.255730 0.110600 0.258706 0.111388 0.262383 0.113226 0.268335 0.113226 0.271486 0.110075 0.272712 0.104823 0.274112 0.102328 0.275688 0.099833 0.277964 0.095763 0.278314 0.092874 0.277964 0.086178 0.276914 0.081845 0.275863 0.077774 0.272712 0.071209 0.267635 0.063200 0.263608 0.056766 0.260807 0.043767 0.257131 0.033000 0.253804 0.025647 0.253629 0.012254 0.253629 0.000174 0.254154
0 0.075280 0.234722 0.079219 0.232796 0.086965 0.229470 0.098914 0.229470 0.109549 0.231745 0.117953 0.233496 0.131608 0.236122 0.137123 0.238398 0.138567 0.239799 0.139355 0.243475 0.141719 0.246977 0.144607 0.250303 0.145789 0.254505 0.146183 0.258006 0.145658 0.261157 0.147233 0.263958 0.147102 0.267460 0.146183 0.271136 0.142769 0.271836 0.141719 0.273412 0.140143 0.275863 0.137780 0.276563 0.133315 0.276738 0.130952 0.274988 0.128851 0.272187 0.125306 0.271486 0.124649 0.274112 0.123074 0.276038 0.119003 0.277089 0.111650 0.276914 0.110469 0.274638 0.110075 0.273762 0.112569 0.272012 0.113095 0.269386 0.112569 0.266409 0.111125 0.261332 0.109681 0.253279 0.106004 0.252404 0.101803 0.249077 0.091955 0.242425 0.084077 0.238223 0.080532 0.237348 0.075280 0.234897
0 0.228069 0.232526 0.238659 0.235350 0.239148 0.236219 0.240940 0.249362 0.237274 0.248384 0.232060 0.247298 0.227580 0.247189
0 0.176420 0.258812 0.173161 0.264677 0.173568 0.268913 0.173813 0.271846 0.173487 0.273149 0.174139 0.274562 0.175116 0.275648 0.179434 0.277494 0.180656 0.279232 0.182204 0.281622 0.185625 0.284120 0.188965 0.283794 0.191980 0.282382 0.192957 0.279124 0.194505 0.281405 0.198171 0.282599 0.201104 0.281079 0.226276 0.284555 0.227987 0.288574 0.229128 0.290746 0.232223 0.292810 0.236541 0.292484 0.238659 0.290637 0.239311 0.289768 0.243954 0.290529 0.245991 0.288139 0.248028 0.285858 0.251368 0.284555 0.253078 0.282382 0.253404 0.278472 0.252182 0.275865 0.251856 0.268370 0.248028 0.262070 0.243873 0.257834 0.237600 0.254684 0.225869 0.252403 0.213079 0.250991 0.207376 0.251534 0.200289 0.253924 0.196867 0.256639 0.195320 0.257508 0.190921 0.256965 0.184648 0.257291 0.180330 0.257725 0.175849 0.258486
0 0.215279 0.251100 0.218211 0.248819 0.224647 0.246972 0.234097 0.247732 0.241429 0.249796 0.248842 0.254250 0.256907 0.261962 0.260980 0.263374 0.265543 0.265872 0.269127 0.268370 0.270919 0.272281 0.271571 0.278037 0.270512 0.280644 0.267416 0.282599 0.263099 0.282056 0.260410 0.281948 0.259351 0.283143 0.255441 0.283794 0.252753 0.283468 0.253649 0.280536 0.253323 0.277929 0.251775 0.274887 0.251612 0.268044 0.249575 0.263700 0.245828 0.259463 0.241755 0.256639 0.236704 0.254793 0.230350 0.252946 0.221226 0.252294 0.215360 0.251534
0 0.239148 0.236653 0.247620 0.236762 0.257477 0.238717 0.263099 0.241541 0.263913 0.245994 0.259270 0.245560 0.254952 0.246320 0.252508 0.247298 0.249575 0.249362 0.247457 0.251317 0.246317 0.252186 0.240940 0.249470
0 0.247376 0.252946 0.253323 0.247189 0.259514 0.246320 0.265054 0.246320 0.275644 0.248710 0.281998 0.250665 0.285909 0.254575 0.291123 0.260875 0.298780 0.262396 0.303424 0.265112 0.305135 0.268370 0.305868 0.272932 0.304646 0.275865 0.301061 0.275865 0.296092 0.277603 0.292507 0.276843 0.288597 0.276734 0.285909 0.273693 0.283628 0.273584 0.270267 0.270651 0.268638 0.268153 0.265868 0.266524 0.261795 0.263700 0.257803 0.262396 0.256826 0.261527 0.254626 0.259463 0.251042 0.256205 0.247539 0.252838
0 0.260500 0.239930 0.264143 0.238079 0.270678 0.238156 0.276634 0.239005 0.284151 0.241549 0.289819 0.245019 0.290165 0.246715 0.292132 0.248411 0.293057 0.250416 0.293057 0.252806 0.290455 0.252343 0.287274 0.252189 0.284209 0.252421 0.281896 0.250724 0.277675 0.248720 0.270851 0.247332 0.264027 0.246098 0.262987 0.241163 0.260731 0.240238
0 0.264027 0.238079 0.264143 0.237154 0.266688 0.234070 0.270099 0.233453 0.277096 0.234455 0.283689 0.236691 0.287795 0.238156 0.290512 0.241549 0.294213 0.243168 0.298146 0.246098 0.301268 0.247717 0.301153 0.248797 0.299707 0.250724 0.296931 0.251341 0.294618 0.252266 0.293404 0.252421 0.293577 0.250878 0.292479 0.249028 0.290975 0.247023 0.290512 0.246638 0.289645 0.245096 0.286696 0.243168 0.281318 0.240778 0.275882 0.238696 0.269695 0.238002 0.263854 0.237925
0 0.284151 0.252806 0.288257 0.257201 0.290744 0.260671 0.296295 0.262213 0.299707 0.262752 0.303466 0.264911 0.305258 0.268844 0.316188 0.270694 0.317460 0.272005 0.319195 0.272545 0.321797 0.273238 0.323648 0.271928 0.325672 0.272930 0.327291 0.270617 0.331223 0.270540 0.334288 0.268998 0.335097 0.266993 0.334693 0.263755 0.333767 0.259668 0.330413 0.258049 0.327117 0.255813 0.321161 0.252266 0.317229 0.250570 0.312140 0.249876 0.307398 0.249491 0.303119 0.249491 0.298261 0.251110 0.295370 0.252035 0.293115 0.252883 0.289819 0.252960 0.284209 0.252883
0 0.301842 0.249699 0.301842 0.248717 0.306147 0.244789 0.310566 0.244336 0.320877 0.245695 0.327109 0.248415 0.331925 0.252947 0.335041 0.256271 0.338723 0.257479 0.342689 0.260954 0.343085 0.264731 0.342009 0.267752 0.338836 0.269339 0.334474 0.271152 0.333398 0.270396 0.334871 0.268886 0.335154 0.266846 0.334021 0.259897 0.331245 0.258310 0.326543 0.255666 0.321954 0.252116 0.317251 0.250530 0.311926 0.249926 0.306431 0.249623 0.301842 0.249850
0 0.283883 0.236404 0.288075 0.234591 0.293230 0.234214 0.300425 0.235800 0.306147 0.238066 0.308187 0.239199 0.310170 0.243505 0.309660 0.244185 0.305411 0.244713 0.304391 0.246300 0.302975 0.247735 0.301389 0.247962 0.299179 0.246753 0.295157 0.244109 0.292947 0.242372 0.291248 0.241767 0.290058 0.240408 0.287962 0.238217 0.283996 0.236631
0 0.298726 0.235196 0.302068 0.233912 0.306827 0.233534 0.317195 0.235800 0.322067 0.237160 0.322747 0.241163 0.322520 0.242901 0.320934 0.245620 0.319404 0.245393 0.312266 0.244562 0.310340 0.244260 0.309943 0.242296 0.307904 0.238670 0.299122 0.235347
0 0.324256 0.246837 0.329520 0.246577 0.341411 0.249047 0.345944 0.251451 0.349940 0.255610 0.353157 0.257429 0.354668 0.260678 0.354522 0.264252 0.352377 0.267567 0.349014 0.268021 0.348088 0.268801 0.345018 0.268151 0.342971 0.266202 0.343166 0.264837 0.342679 0.261198 0.340729 0.258924 0.338682 0.257364 0.335417 0.256065 0.334003 0.255220 0.329081 0.250086 0.324305 0.246902
0 0.354619 0.263148 0.355935 0.264122 0.358518 0.262823 0.361052 0.263343 0.364269 0.262563 0.364269 0.260483 0.363782 0.258534 0.363684 0.256844 0.362417 0.255285 0.358031 0.253205 0.354814 0.251451 0.350964 0.248007 0.347747 0.245927 0.344482 0.244628 0.339803 0.243718 0.336391 0.243068 0.333955 0.243393 0.331177 0.244758 0.329422 0.246707 0.332931 0.247032 0.338097 0.248267 0.342776 0.249436 0.346626 0.252231 0.350135 0.255220 0.354180 0.257819 0.355155 0.263538
0 0.000024 0.229699 0.003488 0.230418 0.006798 0.229802 0.008799 0.228468 0.012186 0.230623 0.016650 0.232060 0.023346 0.232470 0.031120 0.230212 0.032891 0.228057 0.032352 0.223336 0.029658 0.218513 0.027272 0.214716 0.020191 0.211534 0.014495 0.208763 0.010107 0.207224 0.005643 0.203632 0.000101 0.198911
0 0.000024 0.188033 0.007183 0.185775 0.013494 0.184954 0.023808 0.187520 0.035816 0.191317 0.042127 0.195422 0.046668 0.198090 0.052518 0.201579 0.055597 0.202811 0.056059 0.206813 0.057367 0.208969 0.057598 0.211226 0.057290 0.213690 0.055597 0.215229 0.052364 0.215024 0.051595 0.215742 0.050286 0.216974 0.048978 0.217795 0.045668 0.218000 0.044667 0.216974 0.043051 0.214921 0.039433 0.213690 0.036277 0.213690 0.035508 0.215537 0.033583 0.216563 0.030351 0.215947 0.028195 0.214613 0.026810 0.213176 0.024886 0.211740 0.024270 0.210919 0.013571 0.208045 0.008106 0.205274 0.001564 0.199937 0.000101 0.199014
0 0.057498 0.212802 0.068817 0.215757 0.069688 0.217551 0.071746 0.219556 0.075782 0.220506 0.077761 0.219979 0.078711 0.218923 0.080453 0.218607 0.082194 0.218290 0.081956 0.216179 0.081798 0.214068 0.083777 0.212169 0.085439 0.210375 0.086152 0.208580 0.086468 0.206681 0.081956 0.203620 0.078394 0.199610 0.066284 0.191694 0.060506 0.190850 0.051799 0.188106 0.045466 0.185573 0.039292 0.184623 0.031535 0.183462 0.028369 0.183462 0.026232 0.184518 0.024807 0.187051 0.029952 0.189478 0.035335 0.190533 0.041034 0.195071 0.048949 0.199715 0.055361 0.202565 0.056311 0.206470 0.058052 0.209003 0.057814 0.212063
0 0.086864 0.203831 0.086310 0.207947 0.084885 0.211324 0.082036 0.213435 0.081877 0.216918 0.083223 0.219556 0.084727 0.220401 0.085043 0.224095 0.085835 0.225467 0.087339 0.227155 0.090109 0.228000 0.092326 0.227155 0.094067 0.225678 0.098737 0.225678 0.099054 0.227894 0.101270 0.228422 0.102616 0.228422 0.103961 0.227788 0.116388 0.231271 0.118605 0.233276 0.123512 0.234121 0.125887 0.233593 0.130320 0.234648 0.132378 0.235387 0.134040 0.234332 0.135465 0.234226 0.139660 0.233804 0.139818 0.231166 0.138235 0.227472 0.136414 0.224411 0.133802 0.221245 0.128182 0.218712 0.123275 0.214596 0.115043 0.208897 0.110531 0.207208 0.101824 0.206047 0.095492 0.205098 0.089159 0.204148 0.086627 0.204148
0 0.109344 0.206681 0.106098 0.204359 0.097946 0.200982 0.088526 0.198660 0.082194 0.198449 0.078949 0.198871 0.081719 0.203515 0.085043 0.206364 0.085993 0.206575 0.086785 0.203937 0.093117 0.203937 0.103961 0.206047 0.108552 0.206575
0 0.099291 0.200876 0.101507 0.200454 0.111164 0.201931 0.117655 0.203409 0.124700 0.205625 0.125491 0.207631 0.129686 0.212696 0.129924 0.215757 0.126362 0.216285 0.124304 0.215757 0.119555 0.211219 0.113935 0.208158 0.110056 0.207103 0.105386 0.203831 0.099054 0.201193
0 0.113935 0.202143 0.115913 0.201826 0.129291 0.205098 0.133644 0.205731 0.135939 0.210797 0.135385 0.218396 0.130161 0.215757 0.129765 0.211958 0.125095 0.206997 0.124620 0.205414
0 0.126283 0.216918 0.129449 0.215757 0.136019 0.219029 0.137285 0.216918 0.141322 0.216074 0.141718 0.232327 0.140451 0.232643 0.140135 0.231166 0.137918 0.227155 0.134436 0.220823 0.129607 0.219134 0.126362 0.216812
0 0.152245 0.207736 0.144567 0.203092 0.138552 0.201193 0.131269 0.199293 0.123275 0.198765 0.121454 0.198871 0.118763 0.201826 0.124937 0.203831 0.131269 0.204992 0.133486 0.205625 0.135860 0.210375 0.136652 0.215124 0.139739 0.216179 0.140451 0.213963 0.141718 0.212274 0.144409 0.209530 0.152008 0.207419
0 0.239513 0.236808 0.245421 0.236808 0.247099 0.236808 0.248339 0.235641 0.251184 0.234863 0.252278 0.232918 0.252132 0.230195 0.251111 0.225721 0.249944 0.223192 0.247172 0.221149 0.239658 0.218912 0.233166 0.218134 0.230030 0.217745 0.227112 0.218523 0.223319 0.219788 0.220693 0.220857 0.217045 0.221052 0.219307 0.222414 0.222516 0.223581 0.225288 0.225137 0.226528 0.227179 0.228352 0.231653 0.234552 0.234182 0.239002 0.235447 0.239513 0.236808
0 0.214711 0.221149 0.210553 0.216578 0.207489 0.214925 0.202821 0.213077 0.195526 0.212396 0.187940 0.211715 0.183928 0.211520 0.181666 0.211909 0.181010 0.213466 0.183271 0.214925 0.187137 0.215703 0.214200 0.221052