0 0.000013 0.332302 0.004632 0.333328 0.006787 0.333431 0.011097 0.335894 0.012329 0.336510 0.013560 0.338768 0.014792 0.341641 0.015946 0.343283 0.016562 0.346259 0.017024 0.347388 0.017486 0.349133 0.017870 0.351083 0.017947 0.351801 0.017409 0.353341 0.016716 0.353956 0.015330 0.354469 0.014484 0.355393 0.014176 0.356009 0.013098 0.357548 0.012021 0.358472 0.009635 0.358575 0.008095 0.358061 0.007095 0.357651 0.006479 0.357035 0.005709 0.355804 0.005401 0.354777 0.000090 0.355496
0 0.291973 0.385559 0.293498 0.383817 0.294369 0.382293 0.296274 0.382002 0.296383 0.379752 0.296655 0.376485 0.296111 0.375251 0.296111 0.371985 0.295458 0.369880 0.293117 0.367049 0.292300 0.366178 0.290122 0.365379 0.286311 0.364726 0.283263 0.363564 0.278798 0.363274 0.275423 0.363274 0.272320 0.363492 0.269761 0.364435 0.267365 0.365815 0.263990 0.367484 0.260887 0.368500 0.257566 0.369009 0.253755 0.370315 0.252230 0.371622 0.251033 0.373364 0.250978 0.374598 0.250924 0.376703 0.250652 0.378373 0.250978 0.379244 0.252720 0.379752 0.254626 0.380115 0.255551 0.380478 0.256695 0.382438 0.258219 0.383018 0.260125 0.382801 0.261159 0.382220 0.261758 0.381494 0.261758 0.381857 0.263173 0.382946 0.264208 0.382946 0.265133 0.382438 0.266277 0.381857 0.266277 0.381857 0.283263 0.382801 0.284351 0.384615 0.285658 0.385559 0.287781 0.385196 0.289796 0.385124 0.292028 0.385486
0 0.421920 0.398353 0.421187 0.400417 0.420372 0.401069 0.417521 0.401503 0.415403 0.401069 0.414425 0.400308 0.413122 0.397701 0.412715 0.396398 0.410189 0.396398 0.408723 0.395638 0.407745 0.393682 0.407582 0.390207 0.408641 0.387708 0.409945 0.384341 0.413855 0.383363 0.418906 0.382277 0.422490 0.382603 0.426889 0.379996 0.431289 0.378041 0.434629 0.376738 0.440739 0.376955 0.447174 0.377498 0.453203 0.378041 0.456787 0.379888 0.458254 0.381843 0.460697 0.384667 0.462164 0.388034 0.462408 0.389338 0.462001 0.390315 0.461919 0.392596 0.461919 0.394334 0.462327 0.396398 0.462001 0.400200 0.460697 0.401069 0.458091 0.401177 0.455239 0.401503 0.455158 0.403567 0.453854 0.404653 0.450759 0.405413 0.449292 0.405196 0.447337 0.404110 0.445789 0.400200 0.422083 0.398136
0 0.909817 0.522626 0.910321 0.525535 0.911076 0.528109 0.912586 0.529675 0.915020 0.530458 0.916782 0.530682 0.919467 0.530235 0.921985 0.528668 0.923495 0.526878 0.924418 0.525424 0.927859 0.518710 0.930209 0.513899 0.929537 0.512557 0.930041 0.507969 0.929202 0.507634 0.930880 0.505172 0.930712 0.501815 0.930712 0.497340 0.928446 0.491410 0.925593 0.487046 0.922488 0.483018 0.916363 0.480781 0.912083 0.479326 0.906041 0.477983 0.895468 0.475298 0.889174 0.474179 0.882041 0.472613 0.874405 0.472501 0.869957 0.473732 0.865342 0.475522 0.860979 0.478207 0.857035 0.480333 0.852671 0.482907 0.850573 0.484473 0.847720 0.485927 0.843105 0.487382 0.839832 0.488837 0.837398 0.490962 0.835384 0.492864 0.832867 0.497452 0.831776 0.499242 0.831356 0.500585 0.830517 0.504053 0.830517 0.507074 0.833119 0.509424 0.835888 0.510654 0.838070 0.514011 0.840923 0.515242 0.843189 0.515913 0.844447 0.515242 0.849650 0.516808 0.855188 0.518822 0.859468 0.520165 0.862321 0.520612 0.863244 0.522403 0.864923 0.525312 0.866601 0.526542 0.868447 0.526654 0.872391 0.526654 0.873566 0.524752 0.873566 0.524752 0.876251 0.520612 0.909901 0.522962
1 0.947941 0.501671 0.999904 0.505671 1.000024 0.518632
1 0.943861 0.501511 0.999304 0.519752 0.930420 0.514472 0.764032 0.501566 0.745187 0.483270 0.836119 0.491808 0.944433 0.501810
1 0.985568 0.582544 0.999839 0.589375 0.999656 0.583276
1 1.000022 0.615477 0.922080 0.612306 1.000022 0.655729
1 0.857678 0.575957 0.919702 0.610354 0.999656 0.613038 0.999656 0.590594 0.978982 0.580836
1 0.457894 0.800724 0.463209 0.817023 0.472775 0.831195 0.488719 0.848202 0.505726 0.865209 0.519544 0.869460 0.541334 0.874421 0.548243 0.875129 0.578005 0.999846 -0.000226 0.998429 -0.000226 0.972918 0.122541 0.797181
1 0.618396 0.797181 0.618927 0.816314 0.616802 0.834029 0.611487 0.845367 0.604578 0.852454 0.595543 0.860248 0.586508 0.865209 0.573753 0.869460 0.560467 0.873712 0.590760 0.999846 1.000068 0.999569 1.000068 0.925165 0.869573 0.777500
1 0.763962 0.673191 0.863638 0.772226 0.615409 0.790186 0.607712 0.774792 0.599630 0.761450 0.584621 0.748109 0.570766 0.740412 0.554217 0.734254 0.535744 0.729636 0.524968 0.728610 0.512268 0.673191
1 0.494180 0.600839 0.510344 0.668573 0.759343 0.669599 0.698152 0.606996
1 0.485329 0.558249 0.494180 0.597760 0.695458 0.605457 0.646197 0.565432
1 0.478786 0.556709 0.488792 0.597247 0.258266 0.586984 0.289439 0.545933
1 0.489177 0.600839 0.504571 0.668060 0.216702 0.660363 0.256726 0.590576
1 0.504956 0.673191 0.517271 0.728610 0.506496 0.730662 0.492641 0.736820 0.477247 0.748622 0.466471 0.761964 0.461468 0.780437 0.458004 0.790699 0.123714 0.786985 0.214063 0.662977