1 0.136377 0.793402 -0.000209 0.988271 0.000322 1.000318 0.566330 1.000318 0.521156 0.830250 0.363311 0.819620 0.247984 0.807574 0.136908 0.794110
0 0.703605 0.741131 0.672432 0.746776 0.662811 0.747289 0.648956 0.751394 0.648186 0.753446 0.637410 0.761143 0.627404 0.769354 0.620092 0.770380 0.618553 0.774485 0.617013 0.781156 0.608931 0.798602 0.604313 0.809378 0.601234 0.820154 0.599695 0.830930 0.601234 0.837088 0.600080 0.845811 0.601619 0.854021 0.605468 0.865823 0.612010 0.872494 0.613549 0.884809 0.617783 0.888914 0.625095 0.901230 0.633947 0.918676 0.644338 0.935610 0.661271 0.956135 0.671662 0.964345 0.684362 0.969477 0.687056 0.980766 0.692059 0.989489 0.701296 0.997186 0.712072 0.997186 0.720923 0.995134 0.729005 0.985897 0.734393 0.979226 0.737857 0.972042 0.760057 0.965343 0.800072 0.960987 0.859415 0.957721 0.871937 0.955543 0.874931 0.954817 0.878742 0.965343 0.889086 0.971150 0.896980 0.971876 0.906235 0.970424 0.911407 0.964617 0.916579 0.959535 0.918485 0.956269 0.920390 0.951188 0.934001 0.946106 0.938356 0.938121 0.941079 0.919611 0.943256 0.908722 0.941623 0.900012 0.938356 0.890575 0.936995 0.879324 0.929646 0.873516 0.924201 0.863717 0.918213 0.856458 0.907869 0.848836 0.895347 0.837221 0.883370 0.826696 0.873025 0.816896 0.862954 0.811089 0.847165 0.798023 0.835732 0.788223 0.825660 0.782053 0.813683 0.777697 0.804156 0.771527 0.789456 0.759913 0.774484 0.749750 0.768496 0.746121 0.758152 0.742854 0.743452 0.741402 0.721675 0.741040 0.703981 0.741040
1 0.698675 0.741224 0.692723 0.743208 0.673129 0.745853 0.658248 0.747507 0.650560 0.749822 0.646592 0.753790 0.632455 0.764041 0.627246 0.769002 0.620054 0.769663 0.616830 0.781898 0.604181 0.809015 0.601453 0.818274 0.599717 0.828195 0.525560 0.824557 0.496790 0.721713
1 0.210372 0.686174 0.138883 0.787927 0.258936 0.802406 0.327710 0.808841 0.403422 0.816081 0.518347 0.822918 0.491501 0.721566 0.375671 0.709099 0.278844 0.696229 0.211277 0.686174
1 0.433760 0.651154 0.438068 0.659247 0.445313 0.665513 0.453145 0.669951 0.461760 0.673606 0.479382 0.678305 0.490151 0.716683 0.387747 0.707023 0.298069 0.695275 0.212308 0.681960 0.256951 0.624786
1 0.284363 0.585626 0.259888 0.622698 0.433564 0.648544 0.436893 0.642539 0.438655 0.639145 0.446292 0.634185 0.456082 0.631574 0.464501 0.631052 0.468026 0.631052 0.463718 0.613560
1 0.455690 0.583015 0.462935 0.611472 0.286909 0.583798 0.301202 0.556908
1 0.454907 0.581449 0.301986 0.554820 0.314908 0.537589 0.449033 0.561346
1 0.719487 0.739422 0.665961 0.681721 0.520417 0.664107 0.518367 0.668966 0.515178 0.673521 0.506978 0.677165 0.499462 0.678380 0.491945 0.679595 0.484657 0.679291 0.496273 0.718164
1 0.467802 0.614605 0.471902 0.631915 0.479190 0.632523 0.492401 0.636774 0.501740 0.640722 0.508800 0.645885 0.515633 0.652566 0.517911 0.656818 0.519278 0.660766 0.664139 0.679291 0.625418 0.638293
1 0.453908 0.562977 0.459147 0.582413 0.593986 0.604887 0.565971 0.582110
1 0.459602 0.584539 0.466663 0.611871 0.622913 0.636167 0.594442 0.606101
1 0.951450 0.760192 1.000094 0.797254 0.999883 0.762719
1 0.863217 0.702352 0.948081 0.758226 0.999883 0.757945 1.000094 0.728745 0.989565 0.728464 0.975877 0.723410 0.964506 0.715830
1 0.908702 0.677083 0.944922 0.697860 0.943869 0.702352 0.948923 0.705441 0.955030 0.708810 0.958820 0.712741 0.861743 0.700106 0.803623 0.663044
1 0.755822 0.631878 0.802991 0.661640 0.903227 0.674837 0.849529 0.645636
1 0.998409 0.707126 0.990618 0.703756 0.978825 0.700949 0.966822 0.698702 0.957978 0.696737 0.948923 0.695333 0.945554 0.695333 0.913756 0.677925 0.985774 0.690560 1.000515 0.698702 1.000304 0.707687 0.998830 0.707406
1 0.855847 0.647321 0.908702 0.675398 0.983458 0.688595 0.929128 0.659113
1 0.721689 0.609999 0.806583 0.624148 0.846103 0.644152 0.754073 0.630734
1 0.815549 0.626343 0.852141 0.645127 0.926424 0.657569 0.885440 0.637321
1 0.852941 0.593559 0.827095 0.581289 0.663013 0.547872 0.677307 0.562231
1 0.999821 0.621396 0.854732 0.593618 0.830179 0.581713 0.968819 0.609160
0 0.295605 0.423879 0.295605 0.426201 0.294814 0.429684 0.296239 0.431056 0.299721 0.432217 0.301225 0.434328 0.303046 0.435278 0.305183 0.435700 0.307003 0.435700 0.308191 0.434433 0.331066 0.439077 0.332333 0.441188 0.335103 0.442454 0.337003 0.442560 0.338903 0.441399 0.339615 0.440766 0.344681 0.440977 0.346264 0.439921 0.347214 0.437177 0.347135 0.434750 0.346818 0.430951 0.346264 0.427679 0.343810 0.423246 0.339694 0.421347 0.334707 0.419869 0.328850 0.417969 0.320301 0.416703 0.316106 0.417547 0.311753 0.419025 0.307083 0.420819 0.304391 0.420924 0.299405 0.421663 0.297584 0.422824 0.295843 0.423879
0 0.511792 0.475635 0.511725 0.471396 0.511319 0.463009 0.507599 0.460484 0.503946 0.458680 0.498197 0.457057 0.492785 0.455523 0.489336 0.456155 0.483857 0.458319 0.481219 0.459582 0.479393 0.459672 0.475402 0.460213 0.472561 0.461566 0.471749 0.463280 0.471682 0.464723 0.471208 0.467699 0.473102 0.468420 0.476416 0.469232 0.477296 0.470765 0.478175 0.472389 0.480204 0.473381 0.482436 0.473020 0.483180 0.472028 0.501173 0.475275 0.502255 0.477800 0.504081 0.478882 0.505772 0.478702 0.507599 0.477168 0.508275 0.476357 0.509899 0.476176 0.510778 0.475725 0.511792 0.475275
0 0.758934 0.521587 0.756894 0.522569 0.754005 0.523929 0.752645 0.524458 0.749869 0.524760 0.747830 0.525515 0.746810 0.526422 0.746583 0.527781 0.746244 0.530123 0.746583 0.531407 0.747150 0.532012 0.748510 0.532918 0.749133 0.533522 0.750096 0.533749 0.751002 0.533522 0.751569 0.533522 0.754742 0.534127 0.755138 0.535033 0.755875 0.535864 0.757064 0.536166 0.758707 0.536166 0.759274 0.535562 0.759727 0.534958 0.764373 0.536166 0.764713 0.537450 0.765166 0.537903 0.766525 0.537148 0.767319 0.536770 0.771398 0.537601 0.771908 0.538659 0.772417 0.539037 0.773097 0.539263 0.774287 0.539490 0.775760 0.538508 0.776496 0.537450 0.777233 0.535788 0.777516 0.534278 0.777630 0.531407 0.776780 0.529594 0.775250 0.526875 0.773777 0.525062 0.767772 0.523249 0.762560 0.522041 0.758877 0.521587
0 0.907368 0.560261 0.905829 0.563340 0.905290 0.565701 0.905598 0.568472 0.906214 0.570524 0.908754 0.571243 0.911217 0.569806 0.916990 0.571756 0.917682 0.573603 0.920145 0.574527 0.922224 0.574834 0.924148 0.575245 0.926303 0.574629 0.927150 0.573090 0.934770 0.574629 0.937464 0.577503 0.939080 0.578324 0.941081 0.576579 0.942313 0.572987 0.942313 0.567240 0.941774 0.565290 0.939080 0.562006 0.936232 0.560672 0.930459 0.558414 0.925148 0.557388 0.920761 0.556772 0.917682 0.556875 0.916143 0.558619 0.912448 0.559440 0.908369 0.560056
0 0.948470 0.568985 0.945700 0.570421 0.944391 0.574527 0.943621 0.578119 0.946469 0.580684 0.950164 0.581505 0.952473 0.583250 0.955475 0.585508 0.957399 0.586329 0.960478 0.586329 0.966559 0.588073 0.971408 0.588997 0.973332 0.589613 0.976103 0.589818 0.977411 0.586739 0.976565 0.583866 0.973871 0.579453 0.969714 0.576374 0.961863 0.571756 0.955860 0.570114 0.951011 0.568677 0.947316 0.568882