0 -0.000132 0.767258 0.090940 0.774996 0.128440 0.788092 0.157011 0.802377 0.160583 0.798806 0.175761 0.799401 0.185583 0.805353 0.193172 0.810711 0.188708 0.819639 0.211922 0.838687 0.233797 0.845234 0.270404 0.852972 0.310583 0.865472 0.325761 0.873211 0.343172 0.889877 0.357458 0.912496 0.361922 0.922615 0.364154 0.926782 0.366386 0.933925 0.369065 0.936901 0.372190 0.955949 0.373529 0.994639 0.372190 1.001187 -0.000132 0.999996
0 0.474109 0.999113 0.475002 0.974708 0.478127 0.955661 0.486609 0.933637 0.495984 0.911613 0.512502 0.890780 0.534823 0.877685 0.561163 0.869351 0.593752 0.862804 0.651788 0.858637 0.703573 0.858637 0.756252 0.863399 0.796430 0.881851 0.826341 0.904470 0.844645 0.910423 0.869645 0.922327 0.891966 0.938994 0.921430 0.965185 0.955805 1.000304
0 0.531147 0.878720 0.516669 0.873492 0.509731 0.864241 0.505206 0.856198 0.473232 0.839708 0.461468 0.828849 0.454832 0.804718 0.453927 0.774151 0.453324 0.748813 0.456944 0.724280 0.461468 0.713823 0.465691 0.709801 0.465993 0.702964 0.468708 0.695322 0.472026 0.685670 0.475947 0.679235 0.479869 0.677626 0.508223 0.677626 0.537784 0.668376 0.552866 0.664756 0.576695 0.663147 0.605050 0.664756 0.639738 0.671996 0.655424 0.679235 0.675935 0.697333 0.691922 0.713823 0.708512 0.719052 0.731739 0.727498 0.753758 0.738759 0.771254 0.753238 0.791162 0.774151 0.804133 0.792250 0.811372 0.805120 0.812880 0.814370 0.818310 0.829653 0.820421 0.833273 0.820723 0.845741 0.820120 0.852578 0.816801 0.857806 0.813483 0.867459 0.810769 0.873492 0.800211 0.883546 0.781208 0.873492 0.758585 0.864241 0.721785 0.860220 0.685588 0.859013 0.633102 0.859817 0.593889 0.862633 0.563725 0.869470 0.539593 0.875905
0 1.000060 0.605389 0.973823 0.600951 0.955613 0.601734 0.945627 0.604084 0.927222 0.608783 0.925264 0.607217 0.922914 0.606956 0.922131 0.607217 0.920956 0.611133 0.917040 0.613221 0.908033 0.615310 0.897068 0.617137 0.887670 0.618965 0.883754 0.621837 0.880034 0.627058 0.877488 0.633585 0.874747 0.646899 0.876313 0.651076 0.879838 0.655515 0.888257 0.662564 0.894915 0.667002 0.904117 0.672223 0.923502 0.684754 0.933096 0.691020 0.935837 0.694414 0.938774 0.699113 0.945627 0.702768 0.953264 0.705379 0.959725 0.703290 0.965991 0.698069 0.967557 0.694414 1.001039 0.695980
0 1.000060 0.577716 0.974019 0.569623 0.961487 0.567534 0.949739 0.566490 0.939362 0.568579 0.928984 0.571711 0.936816 0.575105 0.943278 0.577977 0.957180 0.583721 0.961291 0.589464 0.966774 0.600951 0.974998 0.600951 0.992032 0.604084 1.000060 0.605650
0 0.928397 0.571711 0.903334 0.563357 0.886103 0.560224 0.875726 0.559963 0.863978 0.563618 0.849684 0.569884 0.846747 0.571189 0.837545 0.571450 0.825796 0.572495 0.820706 0.572756 0.818160 0.575627 0.816006 0.578760 0.813461 0.583198 0.812286 0.591553 0.811307 0.595208 0.810328 0.597035 0.811307 0.601734 0.819531 0.607217 0.827363 0.612699 0.833433 0.617660 0.844398 0.623925 0.852034 0.629147 0.857125 0.636718 0.862020 0.639589 0.868677 0.640634 0.874160 0.636979 0.876313 0.634368 0.878663 0.630974 0.881796 0.624970 0.886887 0.619748 0.902942 0.616615 0.915865 0.613483 0.921152 0.611133 0.922523 0.606956 0.925264 0.607217 0.926634 0.608261 0.943278 0.604084 0.955222 0.601734 0.967361 0.601473 0.960508 0.587898 0.956592 0.583198 0.937012 0.575366
0 1.000272 0.544686 0.992374 0.540107 0.978294 0.533925 0.965244 0.530949 0.954599 0.529118 0.947044 0.527973 0.935711 0.530262 0.930732 0.531636 0.924722 0.530720 0.921288 0.530720 0.917511 0.531865 0.913905 0.535528 0.913390 0.539191 0.913047 0.544457 0.913733 0.547204 0.914592 0.551096 0.916824 0.552927 0.920258 0.554530 0.924036 0.554759 0.926268 0.552927 0.935540 0.556132 0.955801 0.566435 0.961467 0.567808 0.971941 0.569411 0.979667 0.571242 0.991343 0.575363 0.996494 0.576737 0.999928 0.575821
0 0.966267 0.448969 0.961460 0.445763 0.956480 0.444848 0.950127 0.444390 0.947037 0.446221
0 0.908575 0.439353 0.901879 0.434317 0.895354 0.431798 0.889001 0.432485 0.887112 0.435232
0 0.819633 0.424243 0.816542 0.419207 0.814653 0.416917 0.808300 0.415773 0.797655 0.413941 0.795938 0.414170 0.794736 0.417833
0 0.767092 0.466139 0.767778 0.462476 0.768465 0.459500 0.765890 0.453776 0.760052 0.451029 0.754901 0.449884 0.746831 0.448969 0.742881 0.450800 0.739619 0.450800 0.737215 0.451945 0.735842 0.454463 0.735670 0.456295 0.736013 0.459958 0.737902 0.461102 0.740993 0.461789 0.742366 0.459958 0.746487 0.462247 0.746487 0.463621 0.748719 0.464307 0.749921 0.463163 0.750780 0.463621 0.750436 0.465223 0.752669 0.465910 0.754729 0.466139 0.755931 0.464994 0.759193 0.465452 0.760223 0.466368 0.761082 0.468199 0.762627 0.469115 0.764344 0.468428 0.765546 0.467284 0.767778 0.465681
0 0.886425 0.539628 0.890718 0.538712 0.897930 0.541459 0.903596 0.541688 0.907717 0.541002 0.910636 0.540315 0.911837 0.538712 0.912009 0.531386 0.909777 0.525663 0.902566 0.520168 0.899990 0.515589 0.892092 0.508263 0.883678 0.505058 0.873548 0.501853 0.863417 0.499564 0.856892 0.499335 0.852085 0.502082 0.849509 0.504372 0.847449 0.508035 0.846419 0.513987 0.854489 0.517421 0.863932 0.520626 0.872174 0.524060 0.877840 0.530470 0.884537 0.539628
0 0.902216 0.562660 0.902741 0.557758 0.902478 0.552155 0.898014 0.548654 0.891711 0.545153 0.886853 0.542001 0.881601 0.535349 0.871097 0.524144 0.855472 0.517667 0.845362 0.514165 0.834857 0.512415 0.828555 0.512940 0.825272 0.513640 0.817132 0.517842 0.810567 0.522218 0.809122 0.525545 0.808334 0.529221 0.807678 0.532373 0.806890 0.534473 0.806496 0.537800 0.806627 0.541651 0.807678 0.544803 0.809254 0.546903 0.809647 0.549704 0.810567 0.551455 0.812799 0.553556 0.815162 0.554957 0.818051 0.555832 0.821596 0.553731 0.825666 0.555832 0.828818 0.555307 0.833151 0.557408 0.831706 0.560734 0.834332 0.566161 0.837352 0.567912 0.841685 0.568262 0.844836 0.566861 0.847463 0.564060 0.849038 0.561784 0.861118 0.564936 0.869521 0.562134 0.877793 0.559859 0.888954 0.560909
0 0.834857 0.512064 0.832231 0.503486 0.824879 0.499634 0.815031 0.495083 0.803739 0.491931 0.792447 0.490531 0.788902 0.490181 0.783256 0.492281 0.775771 0.494732 0.772489 0.496483 0.766711 0.497008 0.760278 0.496658 0.757520 0.497709 0.756995 0.498234 0.760803 0.501035 0.765267 0.503136 0.772883 0.509088 0.778397 0.512415 0.782862 0.515916 0.786013 0.522744 0.786669 0.525895 0.787457 0.527471 0.795729 0.529746 0.800719 0.531147 0.804133 0.531147 0.805446 0.530447 0.808203 0.530447 0.810829 0.522744 0.825272 0.513115 0.829080 0.512064
0 0.727189 0.492281 0.728240 0.490531 0.736249 0.489130 0.745309 0.488605 0.755026 0.484403 0.760409 0.483178 0.771438 0.485279 0.778004 0.487204 0.785619 0.491231 0.779579 0.493682 0.772883 0.496483 0.766449 0.497008 0.760540 0.496833 0.756207 0.498234 0.749248 0.495783 0.741239 0.493332 0.732704 0.492281
0 0.779054 0.523969 0.786801 0.526945 0.785882 0.522919 0.782599 0.516091 0.773539 0.509613 0.757783 0.499634 0.749248 0.496133 0.738481 0.493507 0.730341 0.492632 0.726139 0.492982 0.716160 0.495783 0.712221 0.496308 0.704868 0.497183 0.695808 0.497884 0.692526 0.498234 0.690293 0.499810 0.689243 0.502436 0.687799 0.506462 0.686223 0.510314 0.687273 0.513465 0.691344 0.516441 0.694626 0.518542 0.701848 0.521168 0.701979 0.516441 0.703030 0.514340 0.705656 0.512239 0.706181 0.507688 0.707625 0.505237 0.716160 0.504711 0.727583 0.501035 0.735199 0.499810 0.744521 0.501560 0.761853 0.508038 0.769338 0.512940 0.773014 0.517317
0 0.707757 0.505237 0.706181 0.507863 0.705656 0.512590 0.702505 0.515216 0.702373 0.519592 0.701717 0.523094 0.702636 0.527120 0.708807 0.531322 0.712484 0.534298 0.714716 0.536924 0.720887 0.539025 0.724563 0.540951 0.726533 0.544277 0.730341 0.547604 0.734017 0.548829 0.738613 0.549704 0.741501 0.548654 0.743865 0.546378 0.744127 0.545328 0.784700 0.553556 0.784963 0.555832 0.786144 0.557758 0.788376 0.558808 0.792447 0.560559 0.795335 0.560559 0.797568 0.558983 0.799668 0.556707 0.801507 0.556357 0.802820 0.553556 0.805052 0.545853 0.803739 0.543402 0.803607 0.540951 0.800194 0.535349 0.792841 0.530972 0.785488 0.527120 0.778135 0.524144 0.770125 0.513815 0.761853 0.508738 0.752137 0.504536 0.737562 0.500160 0.729553 0.500335 0.719836 0.503311 0.715504 0.504536
0 0.746253 0.487801 0.745776 0.485384 0.741197 0.482459 0.735760 0.479406 0.729369 0.471394 0.724790 0.467578 0.716682 0.464525 0.709909 0.464017 0.702850 0.464780 0.697317 0.466815 0.701515 0.468341 0.703995 0.469613 0.704758 0.471902 0.704853 0.479406 0.709146 0.481696 0.713343 0.483476 0.718303 0.486529 0.720688 0.488691 0.722501 0.492507 0.726698 0.492634 0.728033 0.491108 0.736905 0.489073 0.745299 0.488055
0 0.722787 0.493524 0.721737 0.491108 0.720497 0.488182 0.713152 0.483349 0.704758 0.479279 0.698748 0.471521 0.692548 0.467578 0.686252 0.463635 0.671371 0.459947 0.660687 0.458929 0.653629 0.459311 0.649050 0.462745 0.645902 0.465797 0.644853 0.470249 0.642849 0.474192 0.642659 0.480424 0.642754 0.483095 0.645806 0.486656 0.648859 0.488310 0.651053 0.491871 0.654201 0.493397 0.656872 0.494923 0.659066 0.497594 0.662023 0.499248 0.665934 0.500774 0.669082 0.500647 0.671276 0.497849 0.672611 0.496704 0.689782 0.500774 0.691976 0.498739 0.700370 0.497721 0.712866 0.496195
0 0.704567 0.478898 0.704567 0.471521 0.703804 0.469613 0.697604 0.466433 0.691976 0.462363 0.682818 0.457657 0.676141 0.455495 0.667269 0.453206 0.662881 0.452951 0.655727 0.455368 0.648764 0.458929 0.641895 0.459565 0.634741 0.459692 0.630449 0.462109 0.628922 0.464144 0.627491 0.469740 0.628255 0.473937 0.629590 0.476100 0.632929 0.478643 0.635123 0.480933 0.640083 0.485003 0.642754 0.487292 0.646093 0.488055 0.645616 0.486529 0.642468 0.482713 0.642945 0.474319 0.644853 0.469231 0.645806 0.465416 0.653438 0.459311 0.670322 0.459438 0.685489 0.463508 0.696745 0.470376 0.699130 0.471775 0.701419 0.474955
0 0.702564 0.464525 0.699988 0.462618 0.695314 0.457657 0.687969 0.453969 0.680815 0.451934 0.675378 0.451425 0.678907 0.452824 0.682437 0.454986 0.685584 0.458039 0.685966 0.458929 0.689114 0.460201 0.692357 0.462490 0.697222 0.466306
0 0.685584 0.458929 0.681387 0.454223 0.673661 0.450535 0.664980 0.448245 0.655250 0.446338 0.651244 0.447101 0.645425 0.449390 0.638461 0.452188 0.633024 0.452061 0.626824 0.453079 0.623676 0.455114 0.621005 0.458293 0.620051 0.460583 0.620051 0.463890 0.620528 0.466815 0.623294 0.468214 0.624439 0.469104 0.625107 0.471012 0.626347 0.472284 0.627778 0.472793 0.627778 0.471521 0.627778 0.469867 0.627968 0.467196 0.629018 0.463890 0.630830 0.462236 0.634646 0.459565 0.646474 0.459056 0.649241 0.458166 0.659734 0.453842 0.662977 0.452951 0.670608 0.453714 0.679002 0.456513
0 0.651530 0.446846 0.651339 0.442776 0.649050 0.441250 0.644662 0.439215 0.644471 0.438070 0.642563 0.438070 0.640465 0.437943 0.632356 0.435781 0.625488 0.434509 0.621673 0.435272 0.617285 0.437180 0.612611 0.439088 0.609558 0.439342 0.604598 0.440105 0.599542 0.440996 0.597348 0.442395 0.596489 0.445320 0.595345 0.448627 0.595059 0.452570 0.598970 0.454096 0.600019 0.455495 0.600973 0.457021 0.603071 0.458420 0.604979 0.459056 0.607173 0.460583 0.608604 0.461473 0.611847 0.462236 0.613374 0.460837 0.615186 0.459311 0.615854 0.458929 0.620242 0.459819 0.621673 0.457403 0.625011 0.454350 0.627682 0.452824 0.636554 0.451679 0.638080 0.451934 0.647237 0.449009 0.651530 0.446719
0 0.261992 0.514045 0.248270 0.516240 0.221923 0.518924 0.208018 0.522339 0.195028 0.526974 0.188441 0.531853 0.181854 0.538196 0.179842 0.542587 0.176914 0.546734 0.176914 0.550393 0.175268 0.554052 0.174719 0.557956 0.175268 0.567958 0.173804 0.569665 0.175451 0.576496 0.181671 0.583570 0.188807 0.586498 0.193381 0.587230 0.196125 0.592353 0.199053 0.597232 0.202895 0.600891 0.206737 0.603330 0.214787 0.605038 0.222655 0.600647 0.225765 0.597720 0.227961 0.594060 0.338470 0.608941 0.339568 0.615284 0.345057 0.622602 0.351278 0.625774 0.359694 0.626262 0.365549 0.623334 0.369940 0.619431 0.373599 0.612600 0.377075 0.613088 0.392078 0.610405 0.399214 0.608697 0.409460 0.609917 0.410191 0.604550 0.411838 0.601379 0.416046 0.595280 0.418242 0.585522 0.419523 0.574788 0.420071 0.565518 0.417510 0.560151 0.416778 0.552833 0.416595 0.546490 0.414034 0.541611 0.410008 0.540635 0.402507 0.536976 0.391163 0.530633 0.375795 0.521119 0.365366 0.514533 0.337738 0.505506 0.311026 0.501603 0.297487 0.501603 0.283581 0.505506 0.271872 0.510629
0 0.232352 0.517704 0.231803 0.509654 0.232718 0.505262 0.236743 0.498920 0.244061 0.492821 0.252478 0.488186 0.264004 0.484283 0.283581 0.480380 0.297670 0.479160 0.308647 0.475745 0.325297 0.470378 0.343593 0.467938 0.355486 0.468670 0.374514 0.473793 0.389517 0.481111 0.401409 0.489894 0.418059 0.496724 0.418608 0.505750 0.419340 0.510385 0.421352 0.517216 0.421169 0.526974 0.419706 0.533073 0.417693 0.540635 0.414766 0.542099 0.407081 0.539172 0.391895 0.532097 0.378722 0.523315 0.364268 0.514289 0.338104 0.505994 0.313953 0.501847 0.305354 0.501603 0.293644 0.502579 0.283947 0.505506 0.266017 0.513069 0.259064 0.514777 0.243330 0.516484
0 0.367573 0.429953 0.362146 0.430499 0.353545 0.431045 0.345866 0.432137 0.340234 0.434594 0.338801 0.438144 0.337060 0.442513 0.337162 0.446199 0.338903 0.450704 0.343203 0.453844 0.346992 0.454254 0.347913 0.457121 0.348835 0.459715 0.350780 0.462172 0.352419 0.463810 0.357743 0.464902 0.361429 0.463537 0.363477 0.461080 0.364296 0.458895 0.410577 0.466950 0.412523 0.470363 0.414775 0.473503 0.419178 0.474049 0.424810 0.473776 0.426960 0.468452 0.434742 0.467633 0.441397 0.467906 0.443343 0.464493 0.444162 0.454800 0.443957 0.443741 0.443752 0.436915 0.440271 0.430499 0.429110 0.428314 0.412727 0.423536 0.400338 0.421625 0.389484 0.421079 0.380781 0.424628
0 0.348733 0.431045 0.349961 0.429543 0.352214 0.422307 0.357436 0.419987 0.365832 0.418758 0.372999 0.418485 0.380269 0.416847 0.387232 0.412478 0.392966 0.409611 0.402795 0.409747 0.421226 0.412751 0.432694 0.415208 0.434332 0.416027 0.436790 0.419577 0.438837 0.427632 0.439042 0.430635 0.422762 0.426676 0.414775 0.424492 0.400952 0.421761 0.391328 0.420942 0.385389 0.422034 0.376788 0.426403 0.366651 0.430226
0 0.365218 0.418485 0.366651 0.415891 0.367573 0.412751 0.372180 0.410020 0.378529 0.409884 0.386515 0.410157 0.392454 0.407563 0.399212 0.404286 0.417847 0.405652 0.424400 0.408792 0.431056 0.414389 0.418871 0.412341 0.401157 0.409747 0.393375 0.409338 0.383955 0.414662 0.380167 0.416847 0.372590 0.417802
0 0.407920 0.404412 0.414046 0.400943 0.423109 0.399825 0.433514 0.403629 0.439892 0.406538 0.446353 0.410566 0.448283 0.415041 0.448367 0.420076 0.448283 0.425223 0.448283 0.427908 0.446017 0.429251 0.442241 0.430034 0.439724 0.431041 0.439388 0.430258 0.438213 0.424887 0.436032 0.418622 0.434185 0.415601 0.430241 0.413699 0.425290 0.408999 0.417402 0.405643
0 0.386186 0.409671 0.386857 0.403517 0.390885 0.401615 0.401291 0.400272 0.408256 0.400943 0.416899 0.397587 0.424367 0.396915 0.433850 0.398594 0.443668 0.401727 0.445850 0.409782 0.439640 0.406090 0.426885 0.401167 0.419249 0.399825 0.414130 0.400832 0.407752 0.404748 0.398941 0.403852
0 0.519304 0.536709 0.503021 0.537197 0.483992 0.538172 0.475393 0.540612 0.471185 0.542807 0.467892 0.547199 0.464415 0.552809 0.462403 0.557444 0.460024 0.560616 0.459292 0.565739 0.458744 0.571838 0.458378 0.579644 0.458012 0.587206 0.459658 0.592817 0.463318 0.597208 0.468075 0.604039 0.469538 0.607698 0.469904 0.610382 0.474844 0.611114 0.476674 0.619408 0.479052 0.627214 0.482163 0.631117 0.485822 0.633801 0.492409 0.635996 0.499727 0.635265 0.505765 0.632825 0.510522 0.626238 0.512718 0.622823 0.604931 0.635752 0.606211 0.642339 0.607858 0.645510 0.612249 0.651121 0.620117 0.654293 0.629997 0.655756 0.636400 0.650389 0.639694 0.644535 0.641889 0.640631 0.647744 0.639656 0.651403 0.635996 0.665308 0.633313 0.670614 0.632093 0.672993 0.626482 0.672261 0.620872 0.675371 0.607942 0.678848 0.603551 0.679762 0.600380 0.681592 0.588182 0.679579 0.582815 0.678482 0.574033 0.675188 0.566959 0.672261 0.564519 0.670797 0.557688 0.674639 0.547930 0.668968 0.540368 0.659636 0.532318 0.652684 0.529146 0.644268 0.528414 0.641706 0.524267 0.622678 0.520608 0.598527 0.516461 0.577120 0.513046 0.567240 0.513046 0.559556 0.515485 0.551689 0.515729 0.546932 0.515729 0.537417 0.522072 0.523329 0.534269
0 0.605480 0.517681 0.605114 0.514509 0.603467 0.512314 0.601454 0.512558 0.597246 0.506947 0.595600 0.500116 0.591025 0.497189 0.580048 0.492554 0.569070 0.488407 0.545468 0.484016 0.526623 0.482552 0.516377 0.486455 0.502106 0.492310 0.487652 0.491090 0.470636 0.492310 0.459841 0.495237 0.456182 0.498165 0.452706 0.507435 0.450876 0.517437 0.451608 0.528414 0.454901 0.531830 0.462037 0.536221 0.469538 0.538172 0.472649 0.540856 0.483444 0.538904 0.490945 0.537197 0.518938 0.537441 0.533575 0.525487 0.547114 0.515729 0.558458 0.514997 0.567972 0.513046
0 0.499981 0.414746 0.500288 0.411060 0.501107 0.406554 0.505203 0.404780 0.512472 0.404507 0.518309 0.401503 0.523121 0.400138 0.536637 0.402322 0.544623 0.406145 0.547388 0.412698 0.547286 0.418022 0.546774 0.424712 0.542064 0.424439 0.537661 0.427579 0.531005 0.425531 0.522916 0.423756 0.513087 0.421435 0.506738 0.417613 0.500288 0.414609
0 0.562952 0.486966 0.564590 0.482188 0.562747 0.478638 0.562952 0.474406 0.561825 0.468809 0.561211 0.467170 0.556194 0.463894 0.550767 0.459798 0.544111 0.455293 0.531108 0.448740 0.518821 0.446829 0.506841 0.446009 0.500083 0.447784 0.489229 0.453245 0.481243 0.453928 0.472847 0.454474 0.467932 0.456795 0.466396 0.459389 0.465065 0.463348 0.464758 0.471266 0.464553 0.474679 0.471208 0.480277 0.478581 0.483280 0.485236 0.486420 0.490561 0.484372 0.493530 0.483690 0.514520 0.487103 0.526398 0.482598 0.543292 0.483553
0 0.471004 0.438637 0.466806 0.442596 0.467727 0.449150 0.467420 0.452836 0.468444 0.454883 0.469058 0.455839 0.472744 0.454747 0.488820 0.453518 0.499366 0.447375 0.506431 0.446009 0.525886 0.447648 0.530698 0.448876 0.543600 0.454883 0.545647 0.455976 0.545750 0.452153 0.545750 0.449286 0.544828 0.446283 0.541552 0.438910 0.535511 0.437955 0.534077 0.434951 0.537456 0.434405 0.538480 0.432221 0.537968 0.429354 0.534077 0.426487 0.518718 0.422528 0.508377 0.421162 0.502233 0.422118 0.501107 0.423483 0.501107 0.426214 0.504895 0.429354 0.508070 0.430173 0.504998 0.431675 0.498342 0.431948 0.484622 0.435497 0.476533 0.438091
0 0.504998 0.421026 0.496090 0.416384 0.482164 0.414473 0.470492 0.414200 0.469263 0.416794 0.467420 0.424849 0.465577 0.429627 0.464655 0.433040 0.465270 0.436453 0.467113 0.438364 0.469570 0.438910 0.470901 0.437818 0.478581 0.437818 0.487284 0.434678 0.500288 0.431811 0.505203 0.431538 0.507762 0.430173 0.503155 0.427852 0.500697 0.426350 0.501516 0.422528
0 0.465372 0.429627 0.461686 0.425804 0.464246 0.418978 0.467113 0.413381 0.469570 0.408329 0.473768 0.405872 0.484519 0.407237 0.493735 0.411606 0.498547 0.416657 0.493837 0.416521 0.485543 0.414746 0.476123 0.414609 0.470696 0.414336 0.468341 0.421708 0.466396 0.428262
0 0.505203 0.419524 0.502643 0.419797 0.498138 0.417476 0.494042 0.412152 0.484315 0.407647 0.478273 0.406418 0.472949 0.406145 0.469161 0.408193 0.464041 0.418568 0.461481 0.426487 0.459433 0.421708 0.458614 0.416657 0.461072 0.410650 0.464143 0.402186 0.474997 0.400957 0.486772 0.403961 0.494451 0.407783 0.499878 0.413790
0 0.000248 0.335885 0.001278 0.338175 0.002309 0.342067 0.002480 0.345730 0.002995 0.348935 0.001622 0.351682 0.000248 0.353056
0 0.106704 0.331307 0.101210 0.332909 0.101210 0.339548 0.101725 0.343440 0.106704 0.343898 0.111855 0.344585 0.113572 0.347103 0.116320 0.347103 0.117522 0.345501 0.124561 0.347561 0.130743 0.349393 0.134348 0.350766 0.136924 0.349393 0.138984 0.347561 0.138984 0.345043 0.138641 0.339091 0.134864 0.334054 0.131601 0.330162 0.124046 0.327415 0.114431 0.326957 0.110997 0.326728
0 0.090392 0.353285 0.091938 0.347561 0.090736 0.341151 0.087302 0.334283 0.084039 0.329246 0.071677 0.325583 0.058799 0.323752 0.049012 0.322836 0.038710 0.322836 0.027892 0.325583 0.023085 0.328102 0.015186 0.329017 0.008490 0.329933 0.004369 0.332222 0.004197 0.336572 0.004884 0.339548 0.006258 0.342983 0.007803 0.342983 0.009177 0.344356 0.011237 0.346874 0.014843 0.348706 0.017934 0.348477 0.020853 0.346646 0.022226 0.344814 0.046265 0.350309 0.054678 0.349393 0.067556 0.350080 0.073050 0.350537 0.081636 0.352827
0 0.000076 0.362213 0.006429 0.363129 0.013984 0.364045 0.021711 0.369768 0.032013 0.374805 0.036306 0.376865 0.037851 0.383962 0.041285 0.389915 0.042315 0.398385 0.033043 0.394951 0.022570 0.393349 0.010379 0.392662 0.000076 0.393349
0 0.000248 0.393807 0.011924 0.393120 0.024973 0.394036 0.036306 0.396554 0.044376 0.398614 0.056910 0.404796 0.068758 0.412580 0.075798 0.417158 0.090221 0.423798 0.093655 0.430895 0.096230 0.439365 0.096745 0.444402 0.096574 0.451270 0.091938 0.455620 0.085070 0.458367 0.070647 0.462488 0.050042 0.464548 0.033559 0.465464 0.031155 0.470501 0.026519 0.472103 0.018105 0.472103 0.011065 0.470272 0.003682 0.466151 -0.000439 0.461572
0 0.041285 0.379613 0.035791 0.375034 0.034589 0.367250 0.036306 0.362213 0.037336 0.357406 0.040942 0.355345 0.045578 0.351682 0.053820 0.349622 0.069960 0.350309 0.080605 0.352140 0.092968 0.354200 0.102755 0.360840 0.110825 0.367708 0.121814 0.372973 0.112886 0.372516 0.103957 0.373202 0.098978 0.375034 0.086100 0.374805 0.074767 0.374118 0.063435 0.375721 0.059314 0.381444 0.057597 0.384191 0.054506 0.383047 0.052274 0.386023 0.048153 0.386023 0.043002 0.385336 0.040083 0.380299
0 0.056895 0.384122 0.049862 0.387180 0.048945 0.389422 0.049403 0.394722 0.050321 0.401653 0.063928 0.409399 0.074630 0.417145 0.089307 0.423465 0.092059 0.427542 0.124929 0.434065 0.126764 0.437938 0.129669 0.439976 0.133185 0.442219 0.138383 0.441811 0.140830 0.439569 0.143276 0.437734 0.153978 0.437326 0.163151 0.436919 0.175076 0.434065 0.176299 0.429376 0.175382 0.423465 0.174312 0.415718 0.173242 0.408788 0.161775 0.403080 0.152449 0.400634 0.139912 0.390237 0.131962 0.383103 0.124929 0.379026 0.109182 0.375153 0.096645 0.373726 0.079675 0.373522 0.067750 0.374133 0.063775 0.376172
0 0.101996 0.373726 0.117438 0.372299 0.125541 0.372910 0.144499 0.376376 0.156424 0.381064 0.164833 0.387587 0.172783 0.394926 0.185625 0.401653 0.193270 0.406545 0.193423 0.411642 0.195257 0.416738 0.194951 0.421222 0.190976 0.425707 0.184861 0.427338 0.176146 0.427746 0.173394 0.408788 0.159788 0.402468 0.152296 0.400634 0.137007 0.387587 0.128140 0.381064 0.121872 0.379026
0 0.097716 0.356602 0.100468 0.355787 0.108112 0.350895 0.118661 0.349060 0.131656 0.350895 0.142358 0.352322 0.151990 0.354768 0.160246 0.357622 0.163304 0.362718 0.167126 0.367610 0.167279 0.374541 0.159023 0.376376 0.151837 0.378618 0.141441 0.375356 0.122483 0.372910 0.120037 0.372706 0.108876 0.366999
0 0.343407 0.393320 0.349745 0.392401 0.353466 0.390013 0.354155 0.387073 0.353190 0.381194 0.349470 0.379173 0.340238 0.373295 0.333211 0.370355 0.326873 0.369620 0.321637 0.369620 0.313921 0.372560 0.305240 0.373295 0.300142 0.374029 0.297111 0.376050 0.295733 0.378439 0.296146 0.380643 0.297387 0.383583 0.299453 0.384134 0.300969 0.385052 0.303174 0.386889 0.305378 0.387257 0.308409 0.387073 0.310476 0.385603 0.332384 0.389829 0.334038 0.392768 0.341340 0.395157 0.343132 0.393687
0 0.213337 0.366681 0.212786 0.360434 0.210030 0.354004 0.197078 0.350330 0.182059 0.347942 0.168418 0.348309 0.161805 0.350330 0.153124 0.354556 0.160564 0.357495 0.165387 0.365211 0.167178 0.367416 0.167040 0.374213 0.176134 0.375683 0.178063 0.374764 0.183299 0.365211 0.186468 0.363741 0.203416 0.364660
0 0.152848 0.378806 0.159462 0.376234 0.168556 0.374397 0.181646 0.375683 0.193771 0.378071 0.200660 0.381378 0.208928 0.387808 0.213750 0.391666 0.220502 0.393871 0.230973 0.399015 0.235658 0.403975 0.237174 0.409119 0.236623 0.413161 0.236347 0.416835 0.230284 0.419591 0.219675 0.421061 0.216781 0.421428 0.214715 0.423633 0.209616 0.424735 0.203967 0.422714 0.200660 0.419775 0.195700 0.417570 0.193082 0.409303 0.193220 0.407833 0.178615 0.397178 0.171587 0.394238 0.160840 0.384134 0.153537 0.379541
0 0.178201 0.375499 0.183437 0.365762 0.186468 0.364109 0.202038 0.364476 0.214301 0.366864 0.223809 0.369804 0.230147 0.374397 0.236898 0.379725 0.241307 0.383766 0.249988 0.388359 0.253019 0.393871 0.254673 0.401219 0.253157 0.404894 0.249575 0.406547 0.247370 0.407833 0.242823 0.408568 0.239103 0.408568 0.236898 0.407833 0.235658 0.403975 0.229871 0.397545 0.217608 0.393136 0.212510 0.391482 0.203416 0.384317 0.197353 0.379173 0.190878 0.377704 0.182059 0.375683
0 0.224084 0.368702 0.233316 0.366313 0.234143 0.365027 0.241721 0.363558 0.248059 0.365211 0.259633 0.367416 0.266247 0.370906 0.273136 0.377336 0.278648 0.380092 0.284986 0.382848 0.288844 0.386155 0.288982 0.389645 0.289395 0.393871 0.289671 0.396443 0.288155 0.398280 0.283608 0.399933 0.280301 0.400117 0.278923 0.400484 0.274101 0.401954 0.270932 0.402322 0.267349 0.401219 0.265420 0.399382 0.263353 0.396443 0.253708 0.395157 0.252055 0.391482 0.249437 0.388727 0.240067 0.383215 0.231662 0.376050
1 0.069038 0.690986 0.003136 0.766100 0.045122 0.770351 0.090296 0.773894 0.157260 0.802239 0.163107 0.797279 0.176925 0.799405 0.193931 0.810743 0.188085 0.818537 0.213596 0.839796 0.245483 0.847591 0.285343 0.857511 0.316699 0.868140 0.337426 0.880187 0.346993 0.892942 0.360279 0.915618 0.417146 0.921287 0.425118 0.791610 0.394293 0.783106 0.371971 0.769643 0.359748 0.751927 0.354965 0.730669
1 0.169146 0.603437 0.075035 0.685483 0.357069 0.724495 0.361593 0.713234 0.369134 0.701973 0.381502 0.691918 0.399600 0.684277 0.419810 0.681059 0.432177 0.682668 0.433686 0.641242
1 0.571368 0.662670 0.549275 0.665100 0.529003 0.670566 0.508048 0.677551 0.479805 0.677551 0.474338 0.678766 0.468416 0.694862 0.452473 0.688180 0.437668 0.684232 0.440629 0.642930
1 0.466392 0.548539 0.462615 0.556552 0.460554 0.558613 0.459009 0.561818 0.458322 0.571433 0.457979 0.583796 0.444414 0.581048 0.446646 0.545563
1 0.330782 0.462138 0.325121 0.470117 0.333370 0.467961 0.341942 0.467098 0.353588 0.467529 0.359735 0.469255 0.374939 0.474431 0.388526 0.480038 0.400172 0.488665 0.447403 0.495566 0.446918 0.488449 0.440286 0.486508 0.432846 0.483920 0.425243 0.480254 0.422817 0.477019
1 0.450638 0.488018 0.450153 0.496429 0.456138 0.497076 0.460181 0.495135 0.471666 0.492978 0.485576 0.491037 0.499972 0.491684 0.469239 0.486508 0.465843 0.487586 0.460505 0.488449 0.452579 0.488665
1 0.403731 0.490821 0.418612 0.497076 0.418935 0.504624 0.425729 0.502683 0.436081 0.503114 0.446594 0.503546 0.447241 0.497507
1 0.421513 0.520834 0.429929 0.523761 0.438711 0.526200 0.445298 0.527908 0.443102 0.542057 0.419134 0.539374 0.420781 0.532299
1 0.944084 0.713665 0.999887 0.755878 0.999887 0.720346
1 0.828433 0.568726 0.838138 0.570883 0.831991 0.571530
1 0.756939 0.574549 0.799480 0.605389 0.820184 0.608624 0.810802 0.602154 0.810155 0.597625 0.811934 0.592881 0.812420 0.583823
1 0.824389 0.567864 0.829888 0.571961 0.820992 0.572608 0.816787 0.576059 0.812743 0.582745 0.755807 0.573040 0.723619 0.549748
1 0.654172 0.499342 0.672481 0.511715 0.687027 0.514056 0.686150 0.511047 0.687404 0.505529
1 0.806151 0.538775 0.802150 0.538775 0.804046 0.541021 0.804046 0.542706 0.804888 0.544110 0.805309 0.547760 0.804888 0.549164 0.809100 0.549725 0.809100 0.546917 0.806994 0.544671 0.805941 0.539617
1 0.603263 0.461692 0.612405 0.468495 0.624522 0.470762 0.624522 0.469487 0.620483 0.467219 0.619420 0.465235
1 0.028506 0.478488 0.000232 0.487748 0.000232 0.473859
1 0.096463 0.438806 0.096711 0.446742 0.096215 0.451372 0.089518 0.457324 0.095719 0.458647 0.140609 0.446412
1 0.289719 0.393656 0.289798 0.396611 0.286077 0.399355 0.290035 0.399989 0.299534 0.395767
1 0.254733 0.400727 0.253545 0.404843 0.252595 0.405688 0.263360 0.407799 0.276896 0.404210
1 0.039766 0.386294 0.041952 0.390283 0.042528 0.397340 0.049776 0.398721 0.048856 0.388902 0.048856 0.387675
1 0.003293 0.348095 0.002717 0.350396 0.001106 0.353311 0.021702 0.357760 0.039651 0.355459