0 0.000094 0.273300 0.018857 0.273731 0.024679 0.273516 0.038266 0.276104 0.041501 0.276319 0.045707 0.274378 0.047971 0.276104 0.058162 0.279339 0.069161 0.283005 0.081615 0.288181 0.088732 0.292926 0.093747 0.294220 0.096335 0.297670 0.097790 0.300043 0.098761 0.302846 0.099893 0.308022 0.099731 0.309963 0.100702 0.315355 0.101834 0.317512 0.102319 0.322256 0.101510 0.328295 0.100055 0.331314 0.098275 0.333902 0.096496 0.336059 0.096173 0.342097 0.094717 0.345764 0.093423 0.349214 0.089379 0.351587 0.086144 0.352018 0.083556 0.352018 0.081292 0.350508 0.079998 0.348352 0.078866 0.345548 0.025326 0.366036 0.024032 0.371644 0.022253 0.376604 0.019989 0.378761 0.017563 0.380055 0.013357 0.381349 0.008666 0.381349 0.004299 0.380486 0.003005 0.379839 0.000417 0.376820 -0.000230 0.375094
1 0.000255 0.389113 0.022091 0.392563 0.000094 0.399465
0 0.380492 0.249165 0.384778 0.249102 0.387415 0.248098 0.389534 0.247093 0.393537 0.246402 0.397869 0.247156 0.404886 0.249228 0.408700 0.252242 0.412044 0.255758 0.414822 0.256763 0.418166 0.257893 0.422357 0.260028 0.423063 0.260969 0.424241 0.262979 0.424193 0.264800 0.424146 0.267248 0.423393 0.268818 0.422498 0.269760 0.420850 0.270325 0.419202 0.269948 0.418684 0.270765 0.417224 0.270890 0.415858 0.270953 0.414775 0.270639 0.413786 0.270137 0.413033 0.268944 0.412279 0.268316 0.392407 0.263921 0.390664 0.264674 0.388733 0.264800 0.387085 0.264172 0.386332 0.263293 0.385343 0.262037 0.379315 0.259525 0.378467 0.257767 0.378986 0.255758 0.379645 0.253812 0.379880 0.251237 0.380351 0.249479
0 0.999986 0.437595 0.992607 0.440054 0.990577 0.438825 0.989286 0.439685 0.989194 0.440300 0.989840 0.441899 0.986796 0.442514 0.979601 0.442637 0.975727 0.442883 0.973606 0.443990 0.972222 0.445958 0.971208 0.447064 0.970470 0.448417 0.969824 0.451000 0.969640 0.453706 0.969363 0.455919 0.970562 0.459855 0.972960 0.460224 0.974344 0.460839 0.976188 0.460839 0.977295 0.459855 0.983106 0.462683 0.984951 0.463790 0.991684 0.466496 0.993898 0.467480 0.995374 0.469324 0.997034 0.470554 0.998971 0.471415 0.999801 0.471538 0.999893 0.471415
0 0.921158 0.730770 0.925374 0.740029 0.937279 0.746312 0.944967 0.745320 0.958856 0.736722 0.968777 0.725479 0.981673 0.709275 0.986634 0.695055 0.983162 0.686127 0.982417 0.675876 0.978697 0.669262 0.968529 0.656365 0.949927 0.639831 0.926118 0.621643 0.907765 0.608746 0.890652 0.598825 0.878251 0.592542 0.862626 0.579315 0.847001 0.568071 0.827408 0.555836 0.805582 0.547238 0.792189 0.545915 0.778052 0.545915 0.761187 0.545915 0.739610 0.547899 0.725225 0.550545 0.706872 0.555505 0.690007 0.559473 0.680582 0.561788 0.674878 0.563111 0.669421 0.566418 0.666941 0.572040 0.664709 0.578984 0.661981 0.586590 0.660493 0.589235 0.657021 0.593204 0.653052 0.601140 0.649828 0.605108 0.647844 0.611391 0.645612 0.617344 0.644620 0.625611 0.646108 0.629579 0.645364 0.635532 0.646356 0.638508 0.649332 0.641484 0.653052 0.650082 0.660741 0.664632 0.670414 0.681497 0.687031 0.705968 0.698935 0.714235 0.722993 0.721841 0.737378 0.724817 0.737130 0.733085 0.741594 0.743667 0.748042 0.749288 0.756227 0.751272 0.770116 0.751272 0.779292 0.744328 0.786237 0.736391 0.792933 0.727132 0.793677 0.723164 0.921654 0.730770
0 0.558679 0.388928 0.557510 0.390204 0.553896 0.393605 0.547306 0.399274 0.544436 0.403101 0.543267 0.408203 0.541885 0.411746 0.539972 0.415289 0.538483 0.419399 0.536889 0.424076 0.536358 0.428328 0.536039 0.433288 0.536145 0.437540 0.536995 0.440516 0.538058 0.441791 0.539972 0.444767 0.540928 0.445618 0.541991 0.447035 0.544436 0.451287 0.547412 0.453413 0.551451 0.456672 0.557191 0.459932 0.563037 0.462766 0.564844 0.467301 0.567395 0.472829 0.575048 0.476797 0.579512 0.477506 0.583445 0.474246 0.587803 0.470419 0.588972 0.469286 0.654980 0.475238 0.655830 0.478356 0.659019 0.482749 0.661783 0.483741 0.669861 0.484592 0.673581 0.482324 0.676345 0.479065 0.677939 0.476514 0.687080 0.475805 0.689419 0.471128 0.691332 0.464750 0.692501 0.458231 0.691120 0.453554 0.689950 0.451712 0.690482 0.449303 0.690907 0.447318 0.689419 0.446043 0.688143 0.442216 0.685380 0.439240 0.680703 0.436264 0.677089 0.433288 0.670924 0.428186 0.664759 0.424359 0.661995 0.422517 0.657106 0.419257 0.653811 0.417415 0.648177 0.412029 0.640524 0.405227 0.634147 0.400125 0.621392 0.393180 0.615120 0.391338 0.605235 0.389070 0.594712 0.388220 0.585465 0.387653 0.574623 0.387086 0.566120 0.387511 0.558785 0.389070
1 0.159752 0.806864 0.093850 0.999608 0.745955 1.000317 0.658795 0.798361 0.480224 0.808282 0.356924 0.811116 0.251695 0.809699 0.160283 0.808282
1 0.667830 0.799070 0.752333 0.792692 0.823549 0.787023 0.884135 0.782063 0.953757 0.775685 0.984050 0.775685 0.999994 0.803321 0.999994 0.999608 0.758710 1.000317
1 0.721342 0.550804 0.595868 0.540883 0.595192 0.548549 0.594177 0.554411 0.591471 0.559372 0.581325 0.564332 0.574561 0.565234 0.563401 0.566136 0.589780 0.623405 0.644569 0.626561 0.645922 0.617543 0.648628 0.609426 0.649642 0.604916 0.653363 0.599505 0.656406 0.592741 0.659789 0.590035 0.664523 0.578311 0.668920 0.566136 0.682110 0.560725 0.719989 0.551255
1 0.557313 0.566587 0.547505 0.563881 0.531948 0.559823 0.509964 0.546294 0.500833 0.537276 0.497789 0.531864 0.280324 0.511121 0.241431 0.605367 0.582678 0.622503 0.557651 0.567038
1 0.240078 0.610328 0.584707 0.628365 0.655054 0.788448 0.472424 0.798369 0.368934 0.799271 0.237372 0.798369 0.161615 0.796565
1 0.729802 0.548991 0.699314 0.496727 0.522920 0.477490 0.533809 0.502534 0.548508 0.504711 0.557219 0.507252 0.574640 0.515600 0.585529 0.523222 0.591245 0.529029 0.595056 0.536651
1 0.529453 0.502534 0.521831 0.502534 0.512304 0.504348 0.504954 0.508341 0.500599 0.514148 0.498421 0.522859 0.496515 0.527214 0.282012 0.508341 0.305694 0.452084 0.518020 0.476764
1 0.516954 0.473537 0.500642 0.435762 0.323616 0.412182 0.306789 0.449727
1 0.539790 0.414013 0.539104 0.417905 0.537558 0.421568 0.536871 0.426376 0.536185 0.431870 0.535841 0.435991 0.536185 0.438967 0.504076 0.434618 0.491713 0.406687
1 0.487936 0.406000 0.499955 0.434160 0.324474 0.410808 0.335635 0.383564
1 0.551638 0.394782 0.547174 0.398445 0.544255 0.402337 0.543396 0.407603 0.541336 0.412182 0.491027 0.405085 0.484845 0.392722 0.494289 0.393409 0.500470 0.392493 0.503904 0.391806 0.506652 0.388601
1 0.452737 0.379901 0.455312 0.381962 0.461150 0.386083 0.466988 0.388372 0.472826 0.390204 0.481755 0.392035 0.486906 0.404169 0.336494 0.382191 0.348513 0.363189
1 0.352977 0.345561 0.349028 0.362044 0.452908 0.378299 0.454797 0.374636 0.459948 0.371889 0.465614 0.370973 0.469564 0.370973 0.474371 0.371660 0.470422 0.365707
1 0.579998 0.383069 0.584820 0.387478 0.575313 0.387478 0.565255 0.387846 0.558228 0.388948 0.552578 0.393725 0.506420 0.387478 0.505593 0.384539 0.503940 0.382518 0.497877 0.377925 0.493055 0.375904 0.486992 0.373883 0.480654 0.372597 0.476245 0.371863 0.473627 0.366535
1 0.579309 0.381783 0.564015 0.367637 0.467564 0.351470 0.473351 0.364698
1 0.462604 0.340080 0.466737 0.350184 0.562499 0.366719 0.546378 0.354410
1 0.458746 0.338794 0.463706 0.349633 0.357748 0.331261 0.361193 0.321341
1 0.357610 0.332364 0.354028 0.345040 0.470044 0.364147 0.464395 0.350735
1 0.962206 0.570498 0.999981 0.592018 0.999981 0.573245
1 0.881849 0.518071 0.959459 0.567064 0.999809 0.569811 0.999981 0.534784 0.994658 0.532037
1 0.955853 0.500443 0.957399 0.502733 0.958085 0.506396 0.957742 0.508227 0.954651 0.508456 0.993628 0.529976 0.999981 0.529976 0.999809 0.507540
1 0.952934 0.480526 0.999809 0.505480 0.953965 0.498154 0.944006 0.492659 0.933188 0.487394 0.919624 0.482128 0.908635 0.479152 0.900737 0.478236 0.897989 0.478465 0.874981 0.466102
1 0.951046 0.509830 0.940572 0.508227 0.927179 0.502733 0.915160 0.497467 0.904686 0.491972 0.823256 0.479819 0.879970 0.515654 0.988616 0.529017
1 0.950632 0.478524 0.903380 0.456492 0.852215 0.446636 0.851925 0.448375 0.851490 0.449535 0.848736 0.449921 0.846852 0.449921 0.870623 0.463836
1 0.870623 0.464995 0.897293 0.479683 0.896133 0.482195 0.896133 0.484901 0.901641 0.489346 0.821921 0.477944 0.778003 0.449148
1 0.739883 0.424797 0.810181 0.437939 0.817283 0.441998 0.824820 0.444896 0.832502 0.447602 0.841054 0.449148 0.843373 0.449728 0.866129 0.462870 0.777569 0.448182
1 0.795252 0.421512 0.808007 0.429049 0.812500 0.428276 0.819023 0.429822 0.826125 0.432335 0.831343 0.434074 0.838880 0.437166 0.843518 0.438519 0.848446 0.441998 0.851780 0.445283 0.901641 0.454559 0.863665 0.436007
1 0.764668 0.404699 0.791773 0.419579 0.861926 0.434654 0.823371 0.417454
1 0.740753 0.391943 0.761045 0.402766 0.821921 0.415908 0.799890 0.403925
1 0.660389 0.375717 0.683484 0.388240 0.756526 0.402090 0.734426 0.390303 0.661052 0.376159
1 0.759731 0.403416 0.787798 0.418739 0.708347 0.404447 0.684479 0.389566
1 0.791003 0.420359 0.806915 0.429936 0.805589 0.432441 0.806252 0.434504 0.808683 0.436272 0.738735 0.423601 0.709784 0.405626
1 0.983138 0.441628 0.941126 0.433571 0.968708 0.445893 0.971693 0.445988 0.973115 0.444282 0.975532 0.442860 0.982925 0.442102
1 0.966149 0.446178 0.969987 0.448358 0.969561 0.450348 0.969490 0.453476 0.969276 0.456414 0.950296 0.452433 0.911838 0.435657
1 0.885476 0.422789 0.910415 0.434489 0.961523 0.444238 0.936585 0.432744