1 0.485358 0.706050 0.331683 0.665986 0.152254 0.999090 0.451017 0.999090
1 0.493085 0.685446 0.662212 0.725510 0.742913 1.000235 0.463895 0.999090
1 0.669939 0.728944 0.829623 0.760995 0.990166 0.999090 0.754074 0.999090
1 0.836491 0.762140 0.997892 0.797625 0.999609 0.996801
1 0.061067 0.391510 0.159008 0.416717 0.000025 0.470167 0.000025 0.403658
1 0.066078 0.390599 0.159919 0.415806 0.343729 0.355675 0.292253 0.342919
1 0.294114 0.342553 0.344855 0.355440 0.407332 0.335803 0.373849 0.326599
1 0.375460 0.326292 0.407677 0.335497 0.435061 0.324911 0.414120 0.319081
1 0.519333 0.417793 0.475415 0.407164 0.461210 0.435187 0.515564 0.448135
1 0.460630 0.435960 0.515564 0.450261 0.509187 0.502827 0.434540 0.485047
1 0.518753 0.450841 0.513100 0.503407 0.601516 0.524279 0.583688 0.465915
1 0.521797 0.418373 0.573542 0.431128 0.583543 0.465335 0.519043 0.448908
1 0.575716 0.432094 0.586587 0.465722 0.600357 0.469007 0.600792 0.465142 0.601951 0.460697 0.602241 0.455092 0.603690 0.450841 0.604850 0.445816 0.608763 0.439825 0.609633 0.437892
1 0.681206 0.457235 0.662151 0.452879 0.664873 0.458687 0.666507 0.464494 0.668957 0.473205 0.671679 0.471390 0.675217 0.471027 0.676579 0.473205 0.675490 0.476108 0.671951 0.477560 0.679573 0.481552 0.682295 0.484819 0.683384 0.488811 0.717955 0.496433
1 0.683928 0.490626 0.682839 0.493530 0.679573 0.493893 0.677123 0.494256 0.680117 0.498248 0.680117 0.504418 0.680390 0.510225 0.679301 0.518210 0.697267 0.547246 0.784103 0.567572 0.719044 0.497885
1 0.723127 0.499337 0.786008 0.513129 0.870666 0.587534 0.787097 0.567572
1 0.786653 0.482351 0.846568 0.526733 0.788219 0.513157 0.767268 0.495143 0.769422 0.493316 0.771184 0.490183 0.772555 0.484962 0.773142 0.481568
1 0.788415 0.482351 0.837561 0.494360 0.888078 0.527777 0.885924 0.530388 0.885729 0.532998 0.887295 0.535087 0.887687 0.536131 0.851267 0.527516
1 0.973056 0.554928 0.946819 0.549968 0.937812 0.543180 0.927434 0.537959 0.912358 0.532476 0.901001 0.529082 0.891015 0.527255 0.839519 0.494621 0.887882 0.506630
1 0.873980 0.587823 0.954847 0.606098 0.850288 0.528299 0.790177 0.514723
1 0.981799 0.558339 1.000145 0.562212 0.999840 0.568939
1 0.976754 0.557115 0.948011 0.551612 0.948164 0.554669 0.947094 0.555689 0.943883 0.556708 0.938685 0.556708 0.936239 0.556708 0.999992 0.596662 0.999840 0.570162
1 0.853833 0.529800 0.889456 0.537750 0.895571 0.541419 0.907496 0.546719 0.915446 0.551408 0.924467 0.553854 0.933334 0.556300 0.999687 0.598904 0.999992 0.613378 0.958560 0.606447
1 0.500025 0.361993 0.525118 0.367342 0.524024 0.377166 0.495721 0.370357
1 0.495721 0.371330 0.488864 0.382223 0.522273 0.391268 0.524243 0.377944
1 0.524534 0.391755 0.565092 0.401286 0.560278 0.386114 0.525847 0.378430
1 0.526577 0.367537 0.525993 0.377555 0.560059 0.385044 0.557141 0.374831
1 0.558378 0.375172 0.562070 0.385689 0.584476 0.391060 0.585315 0.388822 0.588168 0.388486 0.591105 0.388262 0.593119 0.388598 0.589343 0.382220
1 0.584644 0.392066 0.588084 0.394864 0.591776 0.396206 0.593874 0.396654 0.598657 0.397996 0.607049 0.411870 0.567021 0.402024 0.562658 0.387143
1 0.590518 0.382220 0.594629 0.389046 0.599329 0.389829 0.605203 0.391060 0.609734 0.392514 0.613594 0.394864 0.615273 0.397996 0.632391 0.402024 0.621147 0.389269
1 0.600671 0.398332 0.608559 0.400010 0.611748 0.400458 0.614014 0.400234 0.615524 0.398780 0.633146 0.402920 0.649342 0.421828 0.608308 0.411870
1 0.622893 0.389374 0.634423 0.402657 0.656560 0.407330 0.658035 0.406469 0.661079 0.405731 0.663293 0.405731 0.653147 0.396138
1 0.656744 0.408929 0.659972 0.411634 0.664123 0.412864 0.673347 0.414955 0.691149 0.431927 0.651025 0.421596 0.635714 0.404132
1 0.676483 0.415693 0.680818 0.416677 0.684784 0.417046 0.687182 0.416923 0.688197 0.416185 0.705630 0.419751 0.722232 0.433279 0.716883 0.434878 0.715222 0.435739 0.692717 0.431804
1 0.654899 0.396630 0.664676 0.405854 0.669288 0.406346 0.673900 0.407084 0.681002 0.409790 0.684969 0.411265 0.688381 0.415201 0.704246 0.418644 0.685799 0.403886
1 0.731364 0.421227 0.730257 0.421473 0.729243 0.422211 0.728689 0.423687 0.728412 0.424302 0.707843 0.419874 0.687367 0.404009 0.717805 0.411142
1 0.774531 0.451850 0.761249 0.447914 0.758943 0.445455 0.755530 0.442257 0.749535 0.439306 0.739481 0.436108 0.728874 0.433894 0.723893 0.433279 0.709319 0.421104 0.728781 0.425163 0.731825 0.426638 0.735422 0.428606 0.743170 0.431435 0.747690 0.432296
1 0.774347 0.434878 0.759312 0.431189 0.757190 0.429344 0.752763 0.426761 0.746860 0.424179 0.739204 0.421596 0.734039 0.420981 0.732563 0.420612 0.718912 0.411142 0.748428 0.418152
1 0.758652 0.432708 0.758175 0.433598 0.757126 0.433980 0.755218 0.433980 0.750162 0.432962 0.775822 0.451659 0.814265 0.461198 0.776490 0.436142
1 0.750067 0.418590 0.779733 0.425712 0.807587 0.442247 0.777539 0.436015
1 0.781259 0.425585 0.810067 0.432962 0.842977 0.451150 0.811975 0.444155
1 0.779924 0.437286 0.809972 0.443646 0.854615 0.471118 0.815505 0.460689
1 0.815695 0.445935 0.845743 0.452676 0.893057 0.479894 0.855569 0.470482
1 0.857954 0.449751 0.857572 0.452295 0.857572 0.454711 0.846793 0.452167 0.810926 0.432835 0.839829 0.440085
1 0.840974 0.440339 0.860243 0.444282 0.859480 0.446317 0.858621 0.447843 0.858144 0.448860
1 0.928995 0.461546 0.918942 0.460069 0.920050 0.461757 0.920129 0.463868 0.943242 0.474528 0.964931 0.478644 0.961923 0.475794
1 0.919734 0.464712 0.918625 0.469462 0.939997 0.473894
1 0.918546 0.471467 0.917834 0.474844 0.916092 0.475688 0.914272 0.476638 0.913797 0.478327 0.925195 0.484026 0.927886 0.484132 0.930894 0.483182 0.935881 0.481493
1 0.919338 0.470728 0.943242 0.475688 0.950445 0.480332 0.944192 0.479910 0.940551 0.479804 0.937464 0.480754
1 0.959786 0.468090 0.963585 0.470306 0.962556 0.472311 0.961685 0.474844 0.932477 0.462496
1 0.526663 0.357116 0.527184 0.351873 0.508506 0.347478 0.505903 0.351564
1 0.528630 0.346938 0.550662 0.352952 0.551645 0.357039 0.528514 0.351487
1 0.528225 0.352104 0.527820 0.357116 0.554189 0.363438 0.551992 0.357964
1 0.581542 0.370069 0.578072 0.364903 0.573041 0.363824 0.570959 0.363284 0.567894 0.361973 0.553322 0.358349 0.555230 0.363670
1 0.568299 0.361357 0.569167 0.360817 0.570728 0.360277 0.572578 0.360277 0.574776 0.360740 0.573446 0.358195 0.551587 0.353492 0.553033 0.357656
1 0.574287 0.358288 0.576228 0.361246 0.577545 0.361338 0.580248 0.361708 0.583437 0.362262 0.586695 0.363187 0.589329 0.364758 0.589399 0.366144 0.600629 0.367993 0.595915 0.363464
1 0.579694 0.365312 0.584061 0.366699 0.587111 0.366976 0.589260 0.366699 0.601183 0.368825 0.609294 0.376127 0.582605 0.369749
1 0.597024 0.363279 0.618583 0.368547 0.625584 0.374370 0.602916 0.368917
1 0.603610 0.369934 0.610334 0.376219 0.636191 0.382134 0.626902 0.375202
1 0.620017 0.368827 0.641160 0.373911 0.649617 0.379456 0.629444 0.375759
1 0.630345 0.376684 0.637555 0.382229 0.664729 0.389069 0.651766 0.380566
0 0.619005 0.429215 0.616604 0.431136 0.612044 0.435136 0.609764 0.438016 0.608444 0.440096 0.606404 0.442496 0.604844 0.445056 0.604244 0.447937 0.602803 0.452737 0.601963 0.455137 0.601483 0.459777 0.601123 0.464258 0.600523 0.469858 0.600043 0.473538 0.600163 0.478979 0.601003 0.480899 0.602923 0.481539 0.604484 0.481219 0.604844 0.480739 0.605324 0.480099 0.613964 0.498820 0.613844 0.500740 0.613364 0.505220 0.613364 0.509701 0.613964 0.513541 0.615044 0.514981 0.618404 0.515941 0.620445 0.516101 0.621525 0.514821 0.622125 0.512901 0.629925 0.517381 0.637366 0.519941 0.649246 0.523141 0.660887 0.524902 0.666768 0.524902 0.668808 0.526982 0.673128 0.527942 0.675288 0.526982 0.676968 0.524102 0.677928 0.520901 0.678768 0.517221 0.679848 0.510981 0.680088 0.507300 0.680208 0.502020 0.678768 0.496900 0.677568 0.494660 0.674808 0.487939 0.672528 0.482819 0.670608 0.477379 0.673968 0.477059 0.676368 0.475138 0.676488 0.473378 0.675888 0.471298 0.674328 0.470978 0.671088 0.471298 0.669528 0.472578 0.668568 0.473218 0.665327 0.458657 0.663647 0.455777 0.659087 0.448257 0.657167 0.443616 0.653807 0.440096 0.649967 0.436256 0.647566 0.434816 0.645646 0.435776 0.643846 0.435456 0.635566 0.432896 0.629805 0.431456 0.623205 0.430496 0.621165 0.429535 0.619125 0.429055 0.618284 0.429215
0 0.710930 0.438496 0.709370 0.438016 0.707210 0.438656 0.706130 0.439296 0.704090 0.439616 0.701330 0.441536 0.700370 0.443616 0.698450 0.445697 0.697010 0.450817 0.696529 0.455777 0.696049 0.460897 0.697370 0.465218 0.699890 0.466178 0.701810 0.466818 0.703730 0.466498 0.704330 0.464578 0.716931 0.476899 0.717051 0.481539 0.717411 0.484099 0.718371 0.487139 0.720651 0.488579 0.722931 0.488579 0.724971 0.489059 0.727731 0.486819 0.728692 0.483939 0.732412 0.486979 0.736132 0.487939 0.745013 0.490499 0.751373 0.491299 0.754973 0.491939 0.754973 0.494820 0.757253 0.497220 0.758693 0.497540 0.762294 0.497700 0.764094 0.496260 0.765414 0.494340 0.768654 0.494180 0.770934 0.492420 0.772014 0.488419 0.772374 0.482819 0.773094 0.478819 0.773334 0.476739 0.774174 0.473698 0.773334 0.470978 0.772734 0.469058 0.770214 0.464738 0.765774 0.455617 0.761934 0.449537 0.759414 0.446177 0.755093 0.442496 0.749213 0.439616 0.742852 0.437376 0.734332 0.434976 0.726291 0.433696 0.720291 0.434336 0.716211 0.435776 0.712851 0.437376 0.710930 0.438656
0 0.389182 0.293816 0.389889 0.290927 0.389983 0.288855 0.389795 0.287286 0.388523 0.285841 0.387534 0.284021 0.385933 0.282514 0.382825 0.281635 0.380612 0.281321 0.379434 0.281446 0.377880 0.282514 0.376609 0.283644 0.376420 0.285590 0.376326 0.288918 0.376515 0.290802 0.376986 0.292371 0.377975 0.292685 0.378540 0.291116 0.379293 0.291367 0.379999 0.291744 0.380706 0.292685 0.381789 0.292874 0.383155 0.293188 0.383814 0.293564 0.385698 0.293878 0.385933 0.292937 0.386404 0.292811 0.387393 0.292371 0.388052 0.293125 0.388806 0.293816
0 0.394080 0.282639 0.394739 0.281195 0.398506 0.282011 0.400578 0.282388 0.402886 0.284774 0.403875 0.286783 0.404723 0.288227 0.404581 0.289797 0.404110 0.292560 0.403451 0.293062 0.402603 0.293125 0.402274 0.292309 0.401614 0.291806 0.401285 0.291869 0.401850 0.284711 0.397000 0.283455 0.394033 0.282765
0 0.406795 0.283016 0.405193 0.285527 0.404252 0.288165 0.404911 0.289295 0.405994 0.292497 0.407454 0.291618 0.409997 0.291869 0.410703 0.287160 0.411551 0.285716 0.413011 0.285841 0.413387 0.285527 0.412446 0.284021 0.410091 0.283142 0.406889 0.283016
0 0.418567 0.287034 0.414989 0.285716 0.413434 0.285841 0.411268 0.286030 0.410421 0.287160 0.410044 0.289546 0.409526 0.292497 0.409856 0.294695 0.409997 0.295699 0.412634 0.295448 0.414518 0.296453 0.416637 0.297018 0.419085 0.296390 0.420734 0.295071 0.421299 0.293564 0.420922 0.291555 0.419603 0.289797 0.418615 0.286658
0 