1 0.279205 0.778130 0.282925 0.797144 0.291606 0.822773 0.301526 0.842614 0.325708 0.855842 0.347409 0.868242 0.372831 0.871549 0.367250 0.998864 0.000187 0.998864 0.000187 0.768209
1 0.470797 0.786397 0.465837 0.811199 0.459016 0.826080 0.449716 0.839307 0.433595 0.852535 0.416234 0.859975 0.393292 0.869069 0.382751 0.871549 0.379651 0.999691 0.921890 1.000272 0.769074 0.783354
1 0.283621 0.766725 0.288694 0.752521 0.298840 0.733581 0.308986 0.718700 0.329278 0.706525 0.353121 0.695702 0.372906 0.692997 0.384067 0.692997 0.384067 0.630767 0.037578 0.599653 0.000037 0.642943 0.000544 0.758608
1 0.391677 0.695026 0.408418 0.699761 0.428710 0.708554 0.446973 0.725464 0.459655 0.742374 0.467265 0.762667 0.469294 0.776195 0.762009 0.776195 0.677289 0.653089 0.394213 0.632797
1 0.342265 0.543538 0.345241 0.551970 0.352682 0.559907 0.361610 0.564867 0.370539 0.569332 0.381328 0.573300 0.389884 0.573300 0.386908 0.624887 0.041298 0.596613 0.130583 0.520720
1 0.443456 0.554947 0.441223 0.561891 0.430063 0.569332 0.410717 0.573300 0.397325 0.573796 0.395092 0.626871 0.674110 0.649193 0.622027 0.575284
1 0.388116 0.496299 0.387529 0.516271 0.376368 0.517837 0.359921 0.520578 0.348466 0.528019 0.344648 0.534284 0.343473 0.539767 0.132007 0.517837 0.183993 0.472411
1 0.402508 0.499040 0.400158 0.517837 0.415431 0.521753 0.428353 0.527236 0.437458 0.535068 0.441570 0.543683 0.442745 0.551907 0.620729 0.572662 0.585485 0.524103
1 0.388116 0.493558 0.389585 0.473977 0.377543 0.469670 0.367851 0.464971 0.362270 0.458705 0.221293 0.439516 0.186049 0.470061
1 0.404564 0.495124 0.403389 0.476327 0.413962 0.478677 0.420717 0.476327 0.426885 0.472803 0.431878 0.468103 0.559639 0.487292 0.584310 0.520970
1 0.363326 0.456798 0.363519 0.452180 0.372178 0.446536 0.384685 0.444483 0.392960 0.444740 0.392767 0.435503 0.249218 0.416261 0.222855 0.438326
1 0.405852 0.438069 0.404313 0.444227 0.414319 0.447562 0.422016 0.450897 0.428174 0.456029 0.432792 0.459364 0.432022 0.466291 0.558254 0.485791 0.540166 0.460134
1 0.394114 0.416517 0.392575 0.434734 0.249987 0.414721 0.269422 0.398814
1 0.405852 0.436530 0.406622 0.418313 0.526119 0.440122 0.539973 0.458851
1 0.407403 0.403763 0.406720 0.417733 0.525046 0.438232 0.514455 0.423199
1 0.504775 0.409381 0.513999 0.422288 0.407859 0.402700 0.408770 0.392223
1 0.496916 0.398448 0.504091 0.408622 0.407972 0.390856 0.408656 0.382049
1 0.489856 0.388882 0.495892 0.397234 0.409111 0.379619 0.410022 0.373546
1 0.411275 0.366409 0.410478 0.372027 0.488945 0.387819 0.485186 0.380834
1 0.411731 0.359879 0.411617 0.364587 0.483592 0.379619 0.478695 0.373090
1 0.412756 0.355020 0.412300 0.358816 0.477101 0.371875 0.474709 0.367472
1 0.470448 0.361695 0.472461 0.366208 0.412266 0.354133 0.412906 0.350351
1 0.989780 0.616128 0.999716 0.617217 0.999852 0.622479
1 0.942824 0.670570 0.999716 0.716302 0.999852 0.674744
1 0.850432 0.601128 0.939718 0.667690 1.000046 0.671913 1.000046 0.624254 0.985115 0.615607
1 0.951783 0.575187 0.949823 0.581622 0.947259 0.585845 0.943036 0.589867 0.984059 0.613395 1.000046 0.615205 0.999895 0.581823
1 0.999915 0.579965 0.948971 0.549243 0.949691 0.551643 0.952211 0.555003 0.952751 0.559804 0.951851 0.561484 0.952932 0.566044 0.952751 0.571325 0.952751 0.573245
1 0.736621 0.515553 0.783983 0.550466 0.802298 0.552374 0.802727 0.548176 0.803442 0.544742 0.805446 0.536539 0.810167 0.531769 0.811598 0.527954
1 0.819468 0.517461 0.818180 0.519750 0.818466 0.522039 0.818609 0.525092 0.813315 0.526427 0.735476 0.514217 0.699133 0.487508 0.799293 0.504106
1 0.803013 0.504869 0.821757 0.517270 0.830199 0.518224 0.835494 0.519559 0.839500 0.517842 0.844794 0.515744 0.849230 0.513263
1 0.782981 0.485982 0.782123 0.487508 0.780405 0.489416 0.777973 0.489988 0.799865 0.502961 0.851233 0.512691 0.856527 0.511165 0.858960 0.510020 0.844079 0.497429
1 0.808450 0.478160 0.783267 0.473772 0.782838 0.475107 0.783696 0.476633 0.783840 0.479114 0.783267 0.484455 0.843077 0.495902
1 0.783410 0.472436 0.783983 0.469956 0.784412 0.466140 0.807019 0.477206
1 0.886304 0.489322 0.916939 0.493878 0.999848 0.528802 0.999962 0.537609 0.995064 0.537458
1 0.812848 0.455379 0.840554 0.459948 0.913686 0.492320 0.884511 0.488404
1 0.604381 0.419578 0.623500 0.431532 0.677749 0.441778 0.681316 0.441534 0.687263 0.441168 0.687354 0.439094 0.688543 0.438606 0.681408 0.433849
1 0.674364 0.442632 0.672168 0.444461 0.670887 0.446169 0.669515 0.447755 0.668600 0.448608 0.667686 0.449706 0.643717 0.446291 0.623775 0.432630
1 0.675644 0.425677 0.674547 0.426653 0.671070 0.426409 0.682689 0.433727 0.704827 0.437753 0.709858 0.435923 0.714433 0.433727
1 0.678023 0.419822 0.676193 0.424701 0.715896 0.433118 0.706840 0.425555
1 0.685341 0.434825 0.690830 0.438362 0.694856 0.438972 0.700070 0.440192 0.703546 0.438240
1 0.677200 0.414455 0.676742 0.416285 0.678114 0.418481 0.678114 0.419578 0.705467 0.424701 0.689001 0.416529
1 0.676376 0.408845 0.688086 0.415797 0.676925 0.413602 0.677017 0.410552 0.676559 0.408966
1 0.568190 0.392200 0.578937 0.399641 0.596987 0.402764 0.597952 0.400743 0.598985 0.398355
1 0.580039 0.400743 0.591476 0.408551 0.595403 0.409010 0.596229 0.406346 0.596781 0.403407
1 0.537009 0.369092 0.543255 0.373256 0.549962 0.374348 0.546173 0.370867
1 0.529842 0.364314 0.535729 0.368410 0.545866 0.370116 0.545866 0.367454
1 0.509283 0.350201 0.514807 0.353057 0.520782 0.353658 0.520049 0.352531
1 0.031736 0.386246 -0.000206 0.397792 -0.000014 0.381885
1 -0.000014 0.360333 0.000178 0.380089 0.033853 0.384964 0.080035 0.371879
1 0.098316 0.344426 0.098701 0.348531 0.098508 0.352893 0.097931 0.355971 0.120252 0.359820 0.148731 0.352379
1 0.080228 0.330058 0.090041 0.334933 0.093698 0.337242 0.094660 0.339808 0.096392 0.343656 0.149694 0.351353 0.172977 0.344426
1 0.096969 0.323387 0.071184 0.327236 0.173747 0.343913 0.193374 0.338781
1 0.100818 0.322773 0.121965 0.319379 0.210075 0.333215 0.194901 0.338306
1 0.124999 0.313766 0.125391 0.314680 0.127839 0.314941 0.133027 0.316768 0.121573 0.318596 0.108161 0.316507 0.109825 0.313635 0.114720 0.312069
1 0.115014 0.306064 0.115601 0.308022 0.115209 0.310764 0.124706 0.312199 0.126272 0.310764 0.130678 0.310502 0.139978 0.310372
1 0.115601 0.300712 0.114328 0.302148 0.114328 0.304498 0.140468 0.309067 0.140664 0.304889
1 0.213497 0.326937 0.215263 0.324300 0.217806 0.323264 0.220066 0.323075 0.237372 0.325147 0.225929 0.328820
1 0.237796 0.315917 0.237796 0.318084 0.236313 0.319496 0.248886 0.321663 0.258422 0.319308
1 0.265769 0.316388 0.259764 0.318837 0.237796 0.315164 0.237231 0.311679
1 0.270779 0.310749 0.271055 0.311928 0.266745 0.312886 0.274757 0.314212 0.280613 0.312370
1 0.270613 0.307876 0.270723 0.309865 0.282160 0.312002 0.291111 0.311707
1 0.004910 0.274740 0.000037 0.276312 0.000037 0.273587
1 0.000351 0.268871 0.000116 0.272959 0.006325 0.274216 0.011591 0.274740 0.019450 0.274740 0.037763 0.276626
1 0.001766 0.264575 0.000037 0.264784 0.000351 0.268033 0.039021 0.276522 0.047352 0.274740
1 0.006639 0.264784 0.021337 0.265518 0.052697 0.272435 0.049396 0.274321
1 0.037449 0.265518 0.023616 0.265099 0.004203 0.260383 0.006403 0.258078
0 0.834391 0.520329 0.823950 0.522889 0.819270 0.524969 0.812790 0.527049 0.809549 0.531530 0.805829 0.536490 0.802349 0.549451 0.802349 0.553611 0.804389 0.555851 0.811950 0.561772 0.825030 0.570892 0.834151 0.576652 0.844592 0.583053 0.855872 0.587053 0.856232 0.590413 0.857913 0.593294 0.861873 0.594734 0.865833 0.595694 0.870393 0.594094 0.874234 0.589933 0.875434 0.588493 0.921757 0.592814 0.923197 0.597934 0.927877 0.599534 0.932077 0.600334 0.935677 0.599694 0.938798 0.595854 0.940838 0.592653 0.941918 0.589773 0.946478 0.586893 0.950198 0.579853 0.951879 0.574092 0.952479 0.565612 0.951879 0.561932 0.953079 0.559051 0.951999 0.554411 0.949838 0.552171 0.947798 0.545610 0.944318 0.537610 0.942998 0.535850 0.936878 0.531370 0.921757 0.524169 0.918876 0.522729 0.918636 0.519209 0.913836 0.519849 0.903755 0.517129 0.888154 0.511528 0.877714 0.509128 0.869913 0.508808 0.860913 0.509928 0.848912 0.513928 0.840391 0.517769 0.834511 0.520329
0 0.697978 0.441200 0.690062 0.441622 0.680960 0.441622 0.675181 0.442572 0.672094 0.444788 0.669957 0.448060 0.668058 0.450382 0.667424 0.456081 0.666237 0.459669 0.667108 0.463574 0.669087 0.464735 0.671303 0.466529 0.675181 0.469273 0.677319 0.471384 0.681118 0.473495 0.687371 0.475711 0.691487 0.476450 0.691408 0.478772 0.692437 0.481516 0.696790 0.483521 0.701302 0.484260 0.705102 0.483521 0.707635 0.479933 0.756314 0.488587 0.756314 0.491120 0.757581 0.493230 0.759560 0.494497 0.763913 0.495974 0.766683 0.496397 0.769533 0.494602 0.771037 0.492808 0.772462 0.490592 0.778161 0.490592 0.782593 0.487742 0.783543 0.484049 0.783781 0.477822 0.783147 0.475078 0.783781 0.471595 0.784176 0.466213 0.784176 0.462413 0.782910 0.461147 0.779744 0.459669 0.774678 0.455237 0.767712 0.448482 0.759243 0.443733 0.757581 0.442044 0.757343 0.440883 0.753306 0.440567 0.745074 0.437612 0.740167 0.435817 0.735022 0.434551 0.729402 0.433601 0.721961 0.433179 0.715787 0.433707 0.710247 0.436028 0.703123 0.438456 0.698611 0.440461
0 0.776037 0.407686 0.773793 0.410127 0.771077 0.412096 0.770073 0.413985 0.768478 0.417371 0.767238 0.421544 0.766648 0.425087 0.767415 0.428394 0.768892 0.429339 0.768656 0.431858 0.769069 0.434063 0.770309 0.435401 0.772435 0.436267 0.775387 0.436661 0.776864 0.434693 0.794874 0.442802 0.795583 0.444692 0.796410 0.446582 0.798417 0.448235 0.800602 0.448865 0.802669 0.448707 0.804795 0.446818 0.810346 0.448550 0.813948 0.449495 0.815247 0.451148 0.816723 0.451936 0.819617 0.452172 0.821743 0.450676 0.822156 0.450361 0.824046 0.449889 0.825345 0.448629 0.826467 0.446030 0.826408 0.442566 0.826172 0.439259 0.825699 0.435086 0.823928 0.433984 0.818259 0.429654 0.814952 0.427134 0.814538 0.425244 0.813298 0.424693 0.811350 0.421150 0.808751 0.416820 0.804441 0.414536 0.799185 0.412725 0.793398 0.410757 0.788497 0.409261 0.786843 0.407608 0.785190 0.408789 0.781706 0.407923 0.776096 0.407923
0 0.771063 0.412045 0.770446 0.406696 0.767566 0.404708 0.760982 0.401965 0.755788 0.400044 0.749462 0.398536 0.743958 0.397644 0.739227 0.399153 0.736501 0.400387 0.733775 0.401279 0.730843 0.401553 0.729455 0.403062 0.727603 0.405462 0.726626 0.407314 0.726266 0.409714 0.726729 0.411291 0.727037 0.412662 0.727449 0.414034 0.728375 0.415131 0.729712 0.415886 0.731358 0.415954 0.732798 0.415748 0.733209 0.414445 0.746427 0.419520 0.746273 0.421029 0.746941 0.423155 0.748022 0.424115 0.750850 0.424732 0.753268 0.424320 0.754759 0.422743 0.761754 0.424389 0.762320 0.426378 0.763760 0.427886 0.765971 0.427475 0.766794 0.426652 0.766537 0.424732 0.767308 0.419863 0.769211 0.415474 0.770909 0.411840
0 0.732872 0.400991 0.731130 0.398306 0.727591 0.395475 0.726611 0.393878 0.724924 0.392571 0.722692 0.389304 0.720841 0.387707 0.716703 0.385893 0.710061 0.384368 0.705270 0.383788 0.701241 0.383570 0.699172 0.385893 0.697920 0.386619 0.697158 0.386764 0.696886 0.387707 0.696614 0.388869 0.696015 0.390756 0.695579 0.392861 0.695416 0.395620 0.695579 0.397943 0.695906 0.399612 0.696505 0.400991 0.697920 0.401790 0.699281 0.402080 0.701132 0.400919 0.701568 0.400120 0.711041 0.404476 0.711531 0.406436 0.711803 0.407452 0.714090 0.408686 0.715886 0.408904 0.716703 0.408396 0.718010 0.407452 0.722365 0.408250 0.724162 0.408904 0.725631 0.409993 0.726285 0.409920 0.726884 0.407670 0.727374 0.405710 0.730314 0.402008 0.732600 0.400991
0 0.716488 0.365656 0.707679 0.364059 0.706182 0.365256 0.704172 0.366739 0.703702 0.369362 0.703830 0.371300 0.704514 0.372155 0.704985 0.373182 0.706225 0.373638 0.707636 0.373182 0.709945 0.373752 0.710244 0.374835 0.711185 0.375006 0.712596 0.374436 0.715248 0.375234 0.716017 0.376203 0.717813 0.376830 0.720080 0.377287 0.722603 0.377629 0.723714 0.375006 0.724356 0.373067 0.722945 0.371870 0.719524 0.370445 0.718027 0.368620 0.716530 0.365884
0 0.690662 0.394290 0.691077 0.395673 0.692695 0.396393 0.694437 0.395950 0.695309 0.394401 0.695558 0.392410 0.696512 0.389256 0.695973 0.384001 0.695018 0.381678 0.694064 0.378801 0.693981 0.377805 0.691575 0.376367 0.687882 0.375482 0.683609 0.373712 0.679294 0.372716 0.676846 0.373103 0.673859 0.375039 0.672240 0.376422 0.669585 0.377197 0.668257 0.377860 0.667262 0.378912 0.666681 0.380682 0.667096 0.381456 0.667635 0.383890 0.668008 0.384775 0.668506 0.386214 0.668963 0.387044 0.669087 0.387652 0.670207 0.387652 0.673319 0.388095 0.677053 0.389810 0.677551 0.391414 0.678464 0.392907 0.680331 0.393848 0.682115 0.393516 0.682903 0.391580 0.687384 0.393405 0.690745 0.394456
0 0.673568 0.357226 0.671826 0.358886 0.671120 0.360269 0.671079 0.361984 0.671120 0.363533 0.671411 0.364307 0.672282 0.364860 0.673319 0.364860 0.676057 0.366077 0.678920 0.367018 0.680455 0.367848 0.683318 0.368456 0.685932 0.368899 0.688255 0.369563 0.689293 0.368677 0.689749 0.366907 0.689376 0.365192 0.686388 0.363643 0.685310 0.362094 0.683609 0.359992 0.681534 0.358775 0.677261 0.357724 0.673942 0.357171
0 0.671629 0.376378 0.671150 0.374526 0.669330 0.370247 0.663917 0.368075 0.660420 0.367501 0.656588 0.366096 0.654864 0.366798 0.652277 0.368778 0.651224 0.369097 0.649739 0.369481 0.648493 0.369672 0.647344 0.370949 0.647775 0.373185 0.650649 0.373951 0.654289 0.375229 0.657020 0.376314 0.661187 0.377911 0.664875 0.379635 0.666264 0.380338 0.667318 0.378294 0.669713 0.377336 0.671677 0.376314
0 0.648589 0.369736 0.648829 0.365010 0.647008 0.362391 0.646146 0.359901 0.643799 0.358048 0.638578 0.356324 0.634506 0.355877 0.631106 0.356324 0.628758 0.357857 0.627082 0.358432 0.625166 0.359326 0.624016 0.360922 0.623250 0.363285 0.623394 0.365074 0.623873 0.366734 0.624974 0.367692 0.628327 0.367884 0.629764 0.368586 0.631968 0.369161 0.634363 0.369864 0.636422 0.370630 0.637333 0.371397 0.637812 0.371971 0.641260 0.371844 0.644518 0.372355 0.646529 0.372546 0.647535 0.371333 0.648589 0.369417
0 0.627848 0.357857 0.625980 0.355302 0.622723 0.351598 0.617454 0.350576 0.611754 0.349937 0.610221 0.351981 0.608832 0.353386 0.607730 0.356643 0.607443 0.359581 0.607970 0.361689 0.608353 0.363285 0.609455 0.363094 0.610509 0.361880 0.615394 0.363733 0.615203 0.365010 0.616352 0.365776 0.617885 0.366287 0.619178 0.366287 0.620041 0.364754 0.622675 0.365649 0.623058 0.364946 0.623442 0.361880 0.624783 0.359901 0.627753 0.357665
0 0.675977 0.408887 0.668514 0.405453 0.660920 0.398497 0.654514 0.394799 0.643683 0.391013 0.636815 0.390044 0.631070 0.389692 0.627371 0.391277 0.622022 0.393214 0.616739 0.395151 0.611522 0.395063 0.602937 0.396208 0.600097 0.397352 0.598710 0.401403 0.596861 0.403076 0.595870 0.407038 0.595804 0.408799 0.597587 0.411265 0.600493 0.412938 0.606965 0.415932 0.612975 0.417517 0.614494 0.420070 0.616541 0.421215 0.619381 0.421743 0.621362 0.421919 0.625919 0.419806 0.656627 0.424385 0.658476 0.427555 0.659004 0.428963 0.661778 0.429932 0.665080 0.430548 0.667061 0.429316 0.668316 0.426146 0.673863 0.426234 0.675845 0.425089 0.677099 0.420510 0.677363 0.418309 0.676571 0.415491 0.677033 0.413378 0.676307 0.409592
0 0.619182 0.377981 0.617267 0.380534 0.617531 0.382207 0.617267 0.383880 0.616673 0.385818 0.617135 0.388723 0.617531 0.391101 0.618786 0.391629 0.619645 0.393214 0.621560 0.392774 0.628164 0.390837 0.630607 0.389780 0.642032 0.390749 0.645334 0.391805 0.655042 0.394447 0.660920 0.397969 0.664750 0.401843 0.667986 0.400698 0.669505 0.399202 0.669835 0.397264 0.669637 0.394447 0.669703 0.388811 0.667656 0.384585 0.667061 0.381679 0.665542 0.380182 0.658674 0.377276 0.649098 0.373666 0.643881 0.372874 0.640249 0.373666 0.634768 0.374987 0.628362 0.377453 0.620371 0.377453 0.619182 0.377893
0 0.602805 0.370937 0.613041 0.371377 0.617267 0.368823 0.619248 0.367503 0.626843 0.368031 0.632126 0.369440 0.635560 0.370496 0.638400 0.373490 0.635098 0.375163 0.629419 0.377012 0.627768 0.377453 0.620899 0.377364 0.618588 0.378245 0.617069 0.380710 0.611456 0.378157 0.608220 0.375691 0.604324 0.371993 0.602937 0.371201
0 0.617448 0.391619 0.616153 0.394168 0.614920 0.394990 0.611529 0.394743 0.608631 0.395236 0.606102 0.395730 0.601971 0.396552 0.600553 0.396798 0.599566 0.394332 0.594387 0.393263 0.586247 0.391290 0.574100 0.389481 0.572374 0.390632 0.570585 0.391208 0.568859 0.391290 0.565899 0.390632 0.564913 0.389810 0.563433 0.387261 0.559671 0.386357 0.557267 0.385042 0.554307 0.383397 0.552519 0.380931 0.553320 0.376738 0.555787 0.373531 0.556712 0.371558 0.563371 0.370407 0.570585 0.370325 0.576135 0.368270 0.581499 0.366543 0.588837 0.366954 0.595497 0.368105 0.602094 0.370654 0.605486 0.373449 0.609864 0.377067 0.612269 0.378875 0.616955 0.380602 0.617140 0.384302 0.616770 0.385864 0.617201 0.389481 0.617325 0.391290
0 0.602341 0.370736 0.599073 0.363748 0.592599 0.360459 0.581993 0.357006 0.575395 0.355937 0.570585 0.356102 0.563309 0.359473 0.558006 0.360130 0.551594 0.360459 0.549497 0.361035 0.548881 0.362350 0.547031 0.365063 0.546599 0.367612 0.546661 0.371229 0.547894 0.372709 0.550114 0.375011 0.551779 0.376409 0.553012 0.376327 0.554492 0.374929 0.555787 0.373120 0.556773 0.371558 0.565406 0.370572 0.571079 0.370078 0.581684 0.366297 0.589824 0.367283 0.595127 0.367941 0.601786 0.370407
0 0.614673 0.370161 0.610542 0.367859 0.607891 0.364734 0.605856 0.362021 0.602896 0.360048 0.597161 0.358239 0.593585 0.357582 0.590564 0.357417 0.587111 0.357746 0.586494 0.358322 0.590872 0.359555 0.594448 0.361364 0.599073 0.363748 0.602156 0.370654 0.610110 0.370818 0.613193 0.371229 0.614673 0.369832
0 0.607891 0.364406 0.608322 0.362432 0.607829 0.361364 0.603636 0.359308 0.599443 0.355526 0.595373 0.353718 0.590502 0.351498 0.585877 0.351333 0.583041 0.351333 0.580390 0.352484 0.577615 0.353882 0.575827 0.354211 0.571572 0.353964 0.571572 0.355691 0.573977 0.355526 0.578170 0.355937 0.583596 0.357253 0.586371 0.358404 0.587604 0.357335 0.593832 0.357335 0.598580 0.358651 0.602341 0.359390 0.605239 0.361364 0.607767 0.363830
0 0.571345 0.355820 0.571441 0.354032 0.568471 0.349370 0.563681 0.347007 0.554340 0.344707 0.547970 0.344069 0.544042 0.345346 0.539731 0.347007 0.537288 0.347901 0.531684 0.348731 0.527468 0.348859 0.525600 0.349306 0.525073 0.352882 0.524307 0.354415 0.524499 0.356970 0.525169 0.358183 0.525600 0.358950 0.528235 0.360163 0.528953 0.360035 0.530199 0.362079 0.531779 0.362782 0.534270 0.363867 0.536665 0.364634 0.538629 0.364123 0.539587 0.362015 0.547634 0.364506 0.549167 0.360930 0.552472 0.360482 0.560759 0.359716 0.563393 0.359269 0.571057 0.355756
0 0.523876 0.356076 0.520714 0.353266 0.520044 0.350966 0.521577 0.346496 0.525073 0.344899 0.533121 0.345027 0.537815 0.343047 0.541359 0.340748 0.547155 0.341003 0.552568 0.342408 0.557214 0.343622 0.558364 0.345154 0.552712 0.344580 0.548736 0.344516 0.544425 0.345282 0.538102 0.347837 0.532498 0.348412 0.527373 0.348603 0.525648 0.349178 0.525169 0.351733 0.524451 0.354224 0.524020 0.355820
0 0.581164 0.351605 0.578051 0.347901 0.573788 0.344069 0.568614 0.342280 0.563489 0.341386 0.558603 0.340237 0.557645 0.341706 0.556975 0.343175 0.558172 0.344771 0.559130 0.345921 0.564974 0.346815 0.567752 0.349242 0.570051 0.351477 0.571201 0.353713 0.575608 0.354287 0.578769 0.353393 0.581021 0.351605
0 0.578051 0.347390 0.576087 0.343047 0.571488 0.341131 0.565788 0.339215 0.560855 0.338321 0.556639 0.339023 0.552137 0.341386 0.553382 0.342600 0.556496 0.342919 0.558555 0.340109 0.569716 0.342664 0.573644 0.344005 0.578051 0.347390
0 0.536713 0.343558 0.534414 0.342536 0.530582 0.337682 0.525792 0.335447 0.519996 0.334616 0.515924 0.334936 0.512236 0.336213 0.508931 0.336213 0.507973 0.337682 0.506919 0.341833 0.506632 0.344771 0.511901 0.347581 0.513194 0.349306 0.517074 0.350583 0.517984 0.350264 0.519086 0.349242 0.520571 0.350072 0.521672 0.346687 0.524882 0.344899 0.532354 0.345091 0.536330 0.343558
0 0.540928 0.340875 0.537336 0.338768 0.533839 0.336405 0.528043 0.335702 0.527420 0.336213 0.530007 0.337363 0.531827 0.339726 0.533647 0.341961 0.536761 0.342983 0.540737 0.340620
0 0.556017 0.338959 0.551083 0.338257 0.546389 0.340492 0.552233 0.341770 0.552089 0.341067 0.556017 0.338768
0 0.549119 0.338832 0.544712 0.333850 0.539779 0.332956 0.535611 0.333148 0.531205 0.334106 0.529624 0.335383 0.531779 0.335894 0.533983 0.336213 0.540689 0.340748 0.545766 0.340939 0.549167 0.338640
0 0.537671 0.332637 0.535611 0.331232 0.531540 0.330146 0.527133 0.329826 0.525552 0.330465 0.527564 0.332062 0.529768 0.333339 0.530534 0.333850 0.537671 0.332892
0 0.577189 0.334361 0.579631 0.336213 0.581404 0.337554 0.581500 0.341450 0.580206 0.341514 0.579919 0.342536 0.578865 0.342536 0.577524 0.342280 0.577476 0.341067 0.576183 0.341259
0 0.523632 0.335167 0.520344 0.330598 0.518307 0.329239 0.512379 0.326831 0.505525 0.325658 0.500662 0.325287 0.500848 0.326214 0.499181 0.327387 0.497606 0.328869 0.497189 0.331215 0.496958 0.333808 0.496865 0.336710 0.497884 0.338686 0.500616 0.339489 0.501728 0.341218 0.503117 0.342700 0.504738 0.343132 0.506590 0.342638 0.507516 0.339674 0.508813 0.335970 0.512842 0.336155 0.516686 0.334796 0.522984 0.334920
0 0.511962 0.326399 0.516408 0.326399 0.522150 0.327942 0.525299 0.330906 0.530810 0.334117 0.528587 0.335784 0.527198 0.335908 0.524420 0.335290 0.521039 0.331709 0.519094 0.330104 0.515343 0.327881 0.511684 0.326399
0 0.513861 0.324423 0.507887 0.322262 0.503210 0.320965 0.499644 0.320780 0.494827 0.323435 0.490382 0.323682 0.486538 0.324732 0.486214 0.326275 0.486121 0.328992 0.487788 0.330104 0.489780 0.332018 0.490150 0.333191 0.492836 0.333932 0.494596 0.333067 0.496634 0.333314 0.497328 0.328869 0.500570 0.325967 0.500477 0.325534 0.510249 0.326461 0.513166 0.326214 0.513629 0.324176
0 -0.000042 0.298082 0.010795 0.298513 0.027294 0.302179 0.041851 0.307355 0.048483 0.311022 0.057864 0.318786 0.065628 0.325687 0.074848 0.328275 0.089082 0.334745 0.092802 0.336902 0.095390 0.343372 0.098140 0.344450 0.098787 0.350704 0.098140 0.356958 0.094258 0.358684 0.084553 0.360409 0.073554 0.361272 0.063364 0.359762 0.061585 0.364075 0.055762 0.365154 0.047027 0.363860 0.043307 0.362350 0.040557 0.357821 0.036675 0.356527 -0.000042 0.349626
0 0.000282 0.276515 0.004002 0.275221 0.013222 0.274790 0.026647 0.276299 0.044439 0.278672 0.058026 0.283632 0.078407 0.295278 0.078730 0.299807 0.080509 0.305846 0.082127 0.311884 0.081318 0.314041 0.071613 0.315766 0.067084 0.320080 0.063849 0.320511 0.058835 0.319217 0.056570 0.316413 0.052203 0.313825 0.046542 0.309512 0.034896 0.305199 0.025676 0.301532 0.013545 0.298082 0.004972 0.297866 -0.000204 0.298082
0 0.041689 0.278240 0.049130 0.274790 0.057541 0.273280 0.071937 0.274143 0.083097 0.275652 0.093611 0.277162 0.101375 0.279750 0.103154 0.280613 0.106227 0.281260 0.107198 0.283848 0.108815 0.287730 0.111727 0.290965 0.113344 0.294200 0.112859 0.297219 0.113830 0.301317 0.113668 0.303473 0.115771 0.308218 0.114315 0.311669 0.111080 0.312747 0.110271 0.313178 0.108492 0.315982 0.105257 0.317492 0.103154 0.317923 0.100728 0.317276 0.098787 0.315982 0.096522 0.314257 0.092317 0.313394 0.092802 0.316845 0.091670 0.318570 0.089082 0.319217 0.085847 0.319217 0.080671 0.318786 0.078730 0.317707 0.077760 0.315982 0.077436 0.314257 0.080024 0.313610 0.081965 0.312316 0.081642 0.310375 0.079054 0.301748 0.078568 0.295494 0.069025 0.289455 0.058511 0.283848 0.050424 0.280613 0.043630 0.278887 0.042498 0.278456
0 0.322820 0.357755 0.315259 0.358555 0.305658 0.360315 0.297858 0.363995 0.295698 0.366555 0.293298 0.372316 0.291378 0.375036 0.291378 0.378396 0.292818 0.380956 0.294258 0.385277 0.296538 0.388637 0.298338 0.390717 0.301938 0.392157 0.303738 0.391837 0.304938 0.394237 0.306258 0.397917 0.308899 0.399678 0.312859 0.401438 0.317299 0.401118 0.319219 0.399518 0.321619 0.395997 0.369623 0.401918 0.372623 0.406558 0.376463 0.409118 0.380663 0.410078 0.383543 0.409598 0.384984 0.407518 0.387144 0.403038 0.387384 0.401118 0.394944 0.399998 0.396624 0.396797 0.397464 0.387037 0.396744 0.376156 0.395904 0.370396 0.392184 0.368476 0.388824 0.363995 0.383063 0.358235 0.382703 0.356155 0.368182 0.351834 0.350301 0.348314 0.343821 0.347674 0.336020 0.351994 0.327860 0.356315 0.325580 0.357755 0.322460 0.358235
0 0.392304 0.367675 0.393024 0.363835 0.393624 0.361915 0.396984 0.363355 0.398904 0.362235 0.400465 0.353755 0.400345 0.348154 0.397344 0.340154 0.395184 0.337754 0.385944 0.331993 0.375143 0.328313 0.364342 0.327193 0.356422 0.329913 0.348141 0.332633 0.343821 0.333593 0.338181 0.334073 0.333020 0.334553 0.329300 0.335033 0.327740 0.336794 0.326900 0.339834 0.326660 0.342234 0.325820 0.344794 0.325700 0.346234 0.326180 0.347834 0.325820 0.349594 0.325940 0.351514 0.327860 0.352795 0.330020 0.353915 0.331700 0.354075 0.338301 0.350554 0.343101 0.348314 0.349941 0.347994 0.359782 0.350554 0.371783 0.352635 0.382463 0.355675 0.382823 0.358235 0.392304 0.367836
0 0.397344 0.339514 0.396624 0.335833 0.393264 0.325593 0.384504 0.322233 0.372023 0.320953 0.361702 0.320472 0.354502 0.323833 0.348021 0.326713 0.340941 0.327353 0.334940 0.327513 0.329900 0.329433 0.327980 0.333913 0.328220 0.335513 0.332420 0.334553 0.344541 0.333593 0.353422 0.331193 0.363742 0.327353 0.375143 0.328153 0.384504 0.331513 0.388584 0.333593 0.393504 0.336313 0.397344 0.339674
0 0.388824 0.323673 0.381503 0.315192 0.375143 0.312312 0.365782 0.310232 0.358582 0.309432 0.353302 0.309592 0.349461 0.312312 0.347301 0.314872 0.345141 0.316312 0.344181 0.320312 0.343461 0.323353 0.344301 0.325593 0.347061 0.326393 0.354982 0.323673 0.359902 0.320632 0.361942 0.320152 0.375263 0.321113 0.384023 0.322233 0.388344 0.323513
0 0.369383 0.311512 0.379223 0.309592 0.386664 0.310232 0.393144 0.315992 0.394944 0.318232 0.390504 0.318872 0.385104 0.318872 0.382943 0.316792 0.380903 0.314552 0.375383 0.313112 0.370703 0.311672
0 0.426782 0.349592 0.451453 0.353844 0.451872 0.355858 0.453299 0.357536 0.456739 0.358543 0.458418 0.357872 0.459592 0.355634 0.463201 0.356417 0.466473 0.357200 0.466473 0.352053 0.466557 0.348585 0.464795 0.345564 0.459173 0.342207 0.453215 0.339970 0.449439 0.334152 0.441551 0.329452 0.437774 0.327886 0.427621 0.326431 0.422838 0.327215 0.419901 0.327998 0.417299 0.331019 0.415705 0.333145 0.414614 0.337396 0.413859 0.341200 0.414194 0.346683 0.417887 0.347242 0.419061 0.349704 0.421495 0.351494 0.423928 0.351830 0.426194 0.351830 0.427621 0.349704
0 0.416208 0.331914 0.413943 0.329676 0.414446 0.326208 0.416963 0.322963 0.424180 0.323187 0.427537 0.322963 0.432320 0.317257 0.440292 0.317369 0.447593 0.317592 0.455732 0.319606 0.461019 0.321285 0.461187 0.324306 0.461858 0.326991 0.462781 0.332026 0.462194 0.336054 0.460515 0.338963 0.456655 0.337732 0.452544 0.336837 0.450278 0.335382 0.447593 0.333033 0.443229 0.330571 0.437271 0.327326 0.427285 0.326431 0.420236 0.327550 0.416124 0.331690
0 0.219936 0.322346 0.221360 0.317175 0.220015 0.313797 0.219302 0.306515 0.214078 0.299550 0.211783 0.296489 0.203472 0.294167 0.193657 0.291845 0.184791 0.290790 0.175530 0.291845 0.168723 0.294062 0.163816 0.297755 0.153051 0.297544 0.145848 0.298600 0.142365 0.302083 0.141890 0.305671 0.141969 0.311264 0.141098 0.313375 0.142761 0.315591 0.148064 0.318019 0.149409 0.320763 0.151784 0.322135 0.157008 0.323296 0.159779 0.321607 0.161124 0.319602 0.162153 0.320552 0.164765 0.321818 0.167061 0.321818 0.168802 0.320235 0.195240 0.323718 0.195398 0.325090 0.196981 0.328678 0.199751 0.329839 0.204184 0.331000 0.207429 0.329628 0.208617 0.327940 0.211308 0.327306 0.213841 0.325723 0.215503 0.323612 0.216136 0.322452 0.219461 0.322557
0 0.180992 0.290895 0.182892 0.287413 0.188432 0.287307 0.194765 0.287835 0.203630 0.288890 0.210200 0.290895 0.216136 0.294695 0.223577 0.300288 0.229355 0.302505 0.235054 0.306515 0.236479 0.310631 0.237270 0.313797 0.237429 0.317597 0.235608 0.319602 0.229355 0.319919 0.227139 0.320024 0.224447 0.321291 0.221677 0.321818 0.220331 0.321713 0.221360 0.317280 0.219857 0.314114 0.219144 0.306410 0.212020 0.296489 0.203155 0.293956 0.192548 0.291845 0.186374 0.290895 0.180992 0.291001
0 0.193103 0.273059 0.197377 0.273904 0.201809 0.274642 0.204263 0.276542 0.204422 0.280130 0.204501 0.284774 0.203947 0.288574 0.199039 0.287835 0.194923 0.287202 0.193340 0.286885
0 0.230701 0.285513 0.227614 0.280869 0.222864 0.278864 0.215186 0.277175 0.205688 0.276648 0.205292 0.279392 0.205134 0.283719 0.204659 0.288468 0.211387 0.291107 0.217878 0.286252 0.223498 0.285513 0.230384 0.285619
0 0.224368 0.278970 0.230067 0.277492 0.235450 0.277281 0.241861 0.278231 0.248589 0.280447 0.252468 0.283191 0.253260 0.286568 0.253972 0.288996 0.253893 0.290473 0.250806 0.290579 0.248669 0.290579 0.245265 0.288890 0.240674 0.287202 0.235846 0.285830 0.231413 0.285302 0.227772 0.280553 0.224527 0.279181
0 0.211755 0.291766 0.218247 0.286416 0.228386 0.285541 0.232617 0.285930 0.242319 0.288264 0.248446 0.291279 0.255595 0.296823 0.261795 0.299255 0.266172 0.301492 0.269455 0.303534 0.271278 0.309273 0.270476 0.311996 0.264713 0.313163 0.261139 0.313066 0.259680 0.313844 0.257565 0.314330 0.252604 0.313552 0.250854 0.311218 0.244726 0.309467 0.236046 0.308689 0.234295 0.305966 0.231304 0.303826 0.229189 0.302270 0.223426 0.300325 0.211973 0.291766
0 0.254063 0.290598 0.260045 0.290696 0.263765 0.288167 0.262671 0.284957 0.259461 0.283401 0.256397 0.281942 0.252750 0.280094 0.250343 0.276204 0.245893 0.274161 0.237140 0.273091 0.229407 0.272994 0.226927 0.275912 0.226198 0.277760 0.231596 0.277079 0.236046 0.277079 0.243778 0.278538 0.249395 0.280678 0.252531 0.283207 0.253990 0.288750 0.254282 0.290598
0 0.273102 0.281748 0.270768 0.276787 0.264567 0.275037 0.257638 0.273189 0.250562 0.272702 0.247060 0.274453 0.250343 0.276009 0.252677 0.279802 0.262233 0.285055 0.263692 0.287583 0.266756 0.286222 0.267558 0.284179 0.267485 0.282137 0.272883 0.281650
0 0.260774 0.273480 0.264276 0.272216 0.270111 0.272119 0.279302 0.273480 0.284482 0.274453 0.286816 0.279122 0.285065 0.279997 0.283825 0.282331 0.283241 0.282818 0.273759 0.282039 0.271060 0.277079 0.260774 0.274161
0 0.248519 0.290890 0.255449 0.296629 0.268871 0.302756 0.270403 0.304896 0.279667 0.306549 0.281126 0.308203 0.282512 0.309078 0.284409 0.309273 0.285576 0.308981 0.287108 0.308981 0.289150 0.309078 0.290171 0.307911 0.291120 0.307327 0.296591 0.307716 0.298122 0.306744 0.298998 0.303826 0.298633 0.301297 0.297539 0.297309 0.293162 0.295267 0.288858 0.291960 0.281564 0.288264 0.277187 0.286708 0.269819 0.286222 0.265734 0.287097 0.262379 0.289042 0.259899 0.290404 0.253844 0.290598 0.249176 0.290987
0 0.298466 0.306692 0.300336 0.306768 0.301582 0.305257 0.304925 0.305484 0.305888 0.301858 0.306908 0.298232 0.306001 0.295815 0.298806 0.293700 0.295747 0.290754 0.291101 0.286221 0.286569 0.283880 0.281924 0.282822 0.273199 0.282218 0.268213 0.282067 0.267874 0.283427 0.267307 0.285844 0.267250 0.286372 0.270706 0.286146 0.276995 0.286448 0.282943 0.288865 0.288779 0.291736 0.293028 0.295286 0.297503 0.297250 0.299429 0.302538 0.298296 0.306390
0 0.287872 0.283729 0.294501 0.284031 0.300619 0.286297 0.305661 0.290754 0.308777 0.293171 0.312403 0.294002 0.315349 0.295664 0.316539 0.297628 0.316709 0.299592 0.316822 0.302689 0.313310 0.303822 0.311950 0.303671 0.311497 0.303973 0.308267 0.304502 0.306001 0.303066 0.307021 0.299516 0.307191 0.298232 0.306228 0.296117 0.299259 0.293926 0.291781 0.286750 0.287702 0.284031
0 0.283397 0.283049 0.285549 0.279725 0.292234 0.280329 0.299543 0.281614 0.304812 0.285315 0.307531 0.288185 0.311440 0.290452 0.315122 0.292264 0.316539 0.293926 0.316709 0.297250 0.313763 0.294833 0.310250 0.293473 0.309004 0.293095 0.304358 0.289847 0.300619 0.286221 0.296087 0.284409 0.292461 0.283729 0.287929 0.283880 0.286059 0.283653 0.283680 0.282973
0 0.299259 0.281463 0.303339 0.281311 0.310250 0.282822 0.314443 0.285239 0.317332 0.287128 0.321694 0.289016 0.325717 0.291585 0.326000 0.294606 0.325037 0.297854 0.322601 0.298307 0.321694 0.299138 0.321014 0.299516 0.317615 0.299441 0.316595 0.297930 0.316255 0.293775 0.314216 0.292038 0.308154 0.288941 0.305151 0.286070 0.302149 0.283502 0.299316 0.281689
0 0.177322 0.262166 0.181943 0.261218 0.188767 0.258469 0.193672 0.258469 0.202913 0.259891 0.208529 0.260744 0.210520 0.262450 0.212439 0.266810 0.213008 0.270601 0.212723 0.273634 0.210662 0.275435 0.208387 0.275720 0.207321 0.276668 0.206041 0.276668 0.204193 0.276668 0.201563 0.274961 0.198222 0.274014 0.194099 0.273634 0.193032 0.273066 0.192606 0.269748 0.191326 0.266621 0.188056 0.264061 0.184644 0.263303 0.177606 0.262355
0 0.175118 0.261787 0.170711 0.257332 0.163247 0.254678 0.156422 0.253635 0.152939 0.253635 0.158128 0.256005 0.162465 0.257711 0.165735 0.259701 0.169787 0.260744 0.174621 0.261881
0 0.140638 0.254449 0.142608 0.253282 0.145234 0.253087 0.151507 0.253671 0.155082 0.255227 0.160771 0.257950 0.162741 0.259507 0.141222 0.255616
0 -0.000066 0.261532 0.001815 0.261031 0.004700 0.258021 0.009465 0.256684 0.010343 0.250330 0.009089 0.245648 0.004700 0.243308 -0.000066 0.240799
0 0.043449 0.246652 0.041568 0.252002 0.038307 0.252671 0.038182 0.256684 0.038182 0.259192 0.038182 0.262703 0.039436 0.265211 0.041317 0.265211 0.043198 0.268889 0.045957 0.269725 0.049468 0.269391 0.051600 0.268221 0.052352 0.268722 0.055738 0.269224 0.056240 0.271899 0.060879 0.272066 0.062510 0.269725 0.074297 0.273905 0.078812 0.275076 0.086587 0.276748 0.089596 0.277082 0.094738 0.277584 0.099879 0.276079 0.099879 0.271732 0.095616 0.265545 0.091603 0.262703 0.087590 0.260864 0.082072 0.256684 0.076555 0.253005 0.068654 0.249996 0.057744 0.247655 0.043449 0.246819
0 0.042320 0.249327 0.033417 0.244478 0.026645 0.238626 0.015735 0.233777 0.002317 0.231102 -0.000066 0.230433 0.000185 0.240298 0.006706 0.244311 0.009339 0.245983 0.009716 0.252002 0.009590 0.256015 0.023384 0.258021 0.025265 0.260696 0.026394 0.261867 0.030407 0.264041 0.033417 0.263205 0.034545 0.261867 0.037806 0.262369 0.038182 0.256182 0.038433 0.252838 0.041066 0.252002 0.041944 0.249327
0 0.084079 0.258690 0.088217 0.257687 0.088091 0.255179 0.084455 0.251500 0.082950 0.248324 0.072918 0.245983 0.061506 0.243976 0.056616 0.243809 0.063513 0.246652 0.064516 0.248658 0.070410 0.250497 0.077056 0.253005 0.083953 0.258857
0 0.069657 0.245147 0.072918 0.244478 0.085583 0.246652 0.093609 0.249327 0.095616 0.254176 0.096368 0.260028 0.092355 0.260696 0.088593 0.258690 0.087966 0.256516 0.084580 0.252002 0.082950 0.248324 0.070034 0.245481
0 0.087715 0.258523 0.086085 0.260028 0.091603 0.262369 0.095616 0.265211 0.098124 0.268889 0.100255 0.272233 0.100632 0.273404 0.105397 0.274073 0.104770 0.259192 0.099127 0.258021 0.094738 0.260696 0.092606 0.260864 0.087590 0.258021
0 0.076680 0.244645 0.078686 0.241301 0.089345 0.241970 0.100632 0.245648 0.109786 0.251333 0.105898 0.254844 0.103767 0.257018 0.102513 0.257687 0.098751 0.257018 0.096368 0.255346 0.094236 0.250330 0.093609 0.249327 0.088342 0.247153 0.082574 0.246484 0.077056 0.244645