1 -0.000944 0.823583 0.339192 0.999320 -0.000412 0.999320
1 0.126076 0.581944 -0.000412 0.674064 0.000119 0.800907 0.353542 0.984439 0.461429 0.705952
1 0.471782 0.710635 0.366552 0.991247 0.381965 0.999750 1.000587 0.999750 1.000056 0.945896 0.958602 0.878577
1 0.858155 0.672370 0.952224 0.866531 0.473908 0.700006 0.521739 0.571746
1 0.592880 0.507039 0.587752 0.513072 0.574178 0.517094 0.557286 0.518703 0.540997 0.517094 0.523201 0.566965 0.855609 0.665099 0.808855 0.565356
1 0.559699 0.466820 0.571765 0.471244 0.584132 0.480093 0.591975 0.489745 0.593785 0.495778 0.593181 0.503419 0.807045 0.561334 0.778087 0.499398 0.566637 0.446711
1 0.464926 0.474994 0.496254 0.482826 0.497037 0.488831 0.499387 0.493791 0.503303 0.499795 0.511135 0.506322 0.516813 0.509716 0.527191 0.513371 0.535023 0.515982 0.516617 0.565324 0.491359 0.558275 0.491555 0.552793 0.490772 0.546527 0.492338 0.533473 0.491163 0.523553 0.486072 0.517287 0.484114 0.506061 0.482940 0.499012 0.481177 0.489353 0.479219 0.487264 0.465122 0.475777
1 0.381122 0.405288 0.354689 0.425913 0.363304 0.427740 0.379556 0.430351 0.395024 0.434528 0.416367 0.441055 0.433402 0.447320 0.450632 0.454630 0.451807 0.459069 0.461793 0.471600 0.497233 0.479432 0.499387 0.474472 0.502716 0.470295 0.514855 0.464029 0.529149 0.461940 0.545009 0.462985 0.554407 0.465073 0.561848 0.445493
1 0.419338 0.379503 0.382951 0.403558 0.562898 0.443716 0.575282 0.412323
1 0.579238 0.413613 0.567592 0.444453 0.777058 0.497507 0.756677 0.455668
1 0.588781 0.388164 0.580370 0.411456 0.755869 0.453296 0.741635 0.423534
1 0.576426 0.372695 0.580453 0.373615 0.585516 0.374689 0.590003 0.375303 0.585171 0.386195 0.573780 0.383894 0.575161 0.380979 0.576081 0.377757 0.576541 0.373155
1 0.593110 0.375763 0.598288 0.376223 0.609333 0.376990 0.613936 0.376683 0.618768 0.374536 0.729570 0.399388 0.740846 0.421787 0.588968 0.386655
1 0.583442 0.338455 0.584034 0.339509 0.582256 0.344118 0.578800 0.349517 0.598652 0.353204 0.602701 0.341747
1 0.605368 0.342537 0.601319 0.353336 0.720136 0.379147 0.712629 0.365451
1 0.601022 0.354258 0.599146 0.359130 0.605566 0.361237 0.611590 0.363344 0.616430 0.366505 0.618010 0.369797 0.618208 0.373616 0.729124 0.397979 0.720630 0.380201
1 0.600944 0.325221 0.608485 0.326829 0.606615 0.330932 0.599979 0.329966
1 0.601728 0.314844 0.601547 0.316936 0.610657 0.317820 0.611622 0.318062 0.611924 0.317016
1 0.957704 0.477782 0.999984 0.512271 0.999984 0.487411
1 0.917394 0.446095 0.956654 0.475857 0.999984 0.485310 0.999984 0.464302
1 0.862419 0.401357 0.878894 0.412978 0.881445 0.406176
1 0.825961 0.372020 0.842542 0.384634 0.855616 0.387043 0.855829 0.385626 0.851683 0.382224 0.851896 0.378540 0.851896 0.377973
1 0.811930 0.360541 0.825535 0.371312 0.852321 0.376839 0.854872 0.370745
1 0.785649 0.331521 0.794033 0.333075 0.792978 0.335741 0.792645 0.337443 0.785427 0.335963
1 0.785594 0.337221 0.789092 0.341959 0.799086 0.343662 0.792257 0.338258
1 0.109545 0.386818 0.003433 0.418869 0.000170 0.416809 0.000170 0.358887 0.001716 0.358887
1 0.007725 0.357743 0.015967 0.354995 0.021462 0.352935 0.026269 0.349959 0.027299 0.347898 0.025754 0.344006 0.068852 0.335765 0.186984 0.362092 0.113323 0.384986
1 0.000170 0.320197 0.000170 0.337138 0.007725 0.337825 0.019401 0.340114 0.024896 0.342633 0.064903 0.334620
1 0.073659 0.335078 0.137533 0.322028 0.245039 0.343523 0.189526 0.360917
1 0.141984 0.321105 0.189526 0.310863 0.288957 0.329222 0.247213 0.342364
1 0.175901 0.292310 0.176336 0.296561 0.176336 0.300427 0.174162 0.302166 0.173582 0.306224 0.189671 0.309896 0.215905 0.304099 0.214746 0.300620 0.210977 0.299847 0.210398 0.298687
1 0.214456 0.286319 0.213586 0.289024 0.214311 0.295209 0.212427 0.296368 0.210687 0.297334 0.176046 0.291343 0.175321 0.286125 0.191555 0.282260
1 0.192859 0.281294 0.225617 0.275689 0.227501 0.277042 0.223588 0.278009 0.217645 0.279748 0.215905 0.280714 0.215905 0.284386
1 0.318094 0.302847 0.317522 0.305009 0.316472 0.307044 0.316091 0.308952 0.312371 0.310097 0.310558 0.314548 0.327824 0.317728 0.356918 0.309588
1 0.363118 0.289365 0.362928 0.295597 0.363882 0.297124 0.363309 0.297887 0.382483 0.301321 0.402896 0.296361
1 0.361974 0.281098 0.361401 0.281734 0.362928 0.285168 0.363309 0.288093 0.403946 0.295470 0.420353 0.290892
1 0.428938 0.279241 0.428639 0.281738 0.429313 0.282537 0.426916 0.284135 0.437028 0.285833 0.449687 0.282837
1 0.428489 0.273748 0.428938 0.278542 0.450511 0.282337 0.461072 0.279441
1 0.000137 0.256706 0.023674 0.262894 0.016601 0.263336 0.005109 0.269819 -0.000195 0.271734
1 0.010413 0.251696 0.008866 0.254938 0.000689 0.256411 0.025442 0.262599 0.032403 0.261863 0.046106 0.261863 0.055388 0.260537 0.069642 0.262157 0.081356 0.266725 0.084339 0.264662 0.085997 0.263778 0.035276 0.251991
1 0.021795 0.238731 0.016380 0.239025 0.015275 0.242709 0.014833 0.245803 0.036492 0.251107 0.058813 0.249928 0.058150 0.248750 0.053067 0.245656
1 0.130249 0.237104 0.120606 0.238176 0.126945 0.241866 0.133553 0.242818 0.138463 0.242461 0.147660 0.241628 0.155517 0.242461 0.163374 0.244366 0.170963 0.244009
1 0.158374 0.249128 0.150428 0.248890 0.144624 0.248176 0.137481 0.247699 0.130874 0.248176 0.132928 0.250557 0.143553 0.251152 0.154267 0.253771 0.156053 0.254485 0.173910 0.258176 0.202570 0.256747
1 0.164713 0.246271 0.164088 0.247937 0.160963 0.248295 0.202928 0.255795 0.225606 0.254009 0.176678 0.244961
1 0.202303 0.243176 0.182035 0.244723 0.225517 0.252937 0.225338 0.247580
0 0.293934 0.447953 0.289378 0.445524 0.284595 0.444613 0.276395 0.445524 0.271157 0.447953 0.269334 0.449168 0.261590 0.453420 0.259313 0.456153 0.249291 0.459797 0.233802 0.467997 0.219225 0.479841 0.213075 0.486826 0.209203 0.496240 0.205103 0.498063 0.202598 0.505959 0.201687 0.518714 0.202598 0.529950 0.205787 0.534506 0.209203 0.545135 0.215809 0.558801 0.218770 0.568823 0.226969 0.581578 0.238358 0.589171 0.246558 0.590689 0.254074 0.587956 0.260451 0.583097 0.262501 0.579756 0.268423 0.577326 0.382308 0.605874 0.383903 0.609214 0.388686 0.613770 0.394836 0.627132 0.401669 0.633206 0.409413 0.638065 0.419435 0.639584 0.429912 0.636850 0.434240 0.630776 0.437884 0.623488 0.445856 0.618325 0.449500 0.612859 0.467950 0.605266 0.477288 0.594637 0.481160 0.585223 0.483210 0.573682 0.488677 0.561838 0.491638 0.557283 0.491182 0.547261 0.492321 0.534202 0.491638 0.522662 0.486171 0.516588 0.480705 0.488952 0.462483 0.471945 0.451322 0.457975 0.450411 0.453723 0.433329 0.448257 0.401896 0.437628 0.372286 0.429124 0.356115 0.427302 0.341993 0.432161 0.323999 0.440665 0.311244 0.447953
0 0.999800 0.400095 0.984919 0.395502 0.970175 0.391828 0.954881 0.389623 0.948818 0.389072 0.940827 0.390358 0.927462 0.394216 0.919883 0.396421 0.908998 0.395502 0.900869 0.394767 0.892602 0.396053 0.887090 0.398993 0.883645 0.403586 0.881165 0.407811 0.877721 0.416446 0.880339 0.419202 0.887503 0.424897 0.892464 0.427285 0.901558 0.431694 0.907896 0.434082 0.909963 0.438124 0.913407 0.441247 0.920986 0.442350 0.926084 0.440880 0.929115 0.438675 0.992221 0.451903 0.992772 0.454659 0.994012 0.457414 0.995528 0.458700 0.997870 0.459986 0.999937 0.460170
0 0.973896 0.382642 0.975411 0.385582 0.977340 0.389623 0.977340 0.393298 0.992772 0.398074 0.999662 0.400463 1.000213 0.376947 0.985056 0.383928
0 0.901558 0.358024 0.903211 0.355085 0.906242 0.352697 0.911616 0.349022 0.911754 0.347736 0.923604 0.348655 0.934764 0.350492 0.948543 0.354166 0.959152 0.358575 0.966317 0.364271 0.968798 0.368312 0.980096 0.374008 0.988088 0.378049 0.990843 0.380805 0.985056 0.383928 0.974171 0.383010 0.971967 0.376028 0.961770 0.370149 0.943720 0.363536 0.926084 0.358759 0.918781 0.357657 0.909411 0.356555 0.904313 0.357289
0 0.883508 0.403586 0.877996 0.402667 0.872622 0.400463 0.870005 0.397707 0.869453 0.393298 0.864217 0.392930 0.859946 0.389623 0.858017 0.387419 0.856364 0.386868 0.855261 0.385949 0.851541 0.383010 0.851817 0.378417 0.855399 0.369966 0.858844 0.366108 0.862977 0.364087 0.873449 0.363168 0.887503 0.363168 0.896597 0.360229 0.904589 0.357289 0.914510 0.357106 0.929528 0.359494 0.948405 0.365373 0.960255 0.369782 0.971829 0.376396 0.974033 0.382642 0.977340 0.389440 0.977340 0.393298 0.960393 0.390358 0.948405 0.389256 0.936831 0.391460 0.919745 0.396605 0.903349 0.394767 0.893015 0.395870 0.887228 0.398625 0.883370 0.403586
0 0.999937 0.339285 0.992497 0.338734 0.987812 0.338734 0.981887 0.340571 0.977754 0.341674 0.973758 0.342592 0.969624 0.344246 0.966593 0.347185 0.964526 0.351411 0.964664 0.354166 0.964664 0.357289 0.965077 0.359494 0.967006 0.360964 0.970175 0.360596 0.970727 0.359127 0.984367 0.362801 0.985470 0.365924 0.986296 0.368312 0.988363 0.369231 0.990706 0.369598 0.992910 0.369598 0.994839 0.368312 0.995941 0.366843 0.999937 0.367577
0 0.974309 0.342225 0.971002 0.339836 0.967420 0.334509 0.961357 0.329732 0.955432 0.328079 0.949232 0.327528 0.941516 0.326793 0.938209 0.327160 0.934902 0.329916 0.932146 0.331386 0.929666 0.335244 0.928288 0.339102 0.931182 0.340755 0.936555 0.343327 0.941654 0.347369 0.946752 0.352145 0.953779 0.355085 0.959152 0.356555 0.963562 0.357841 0.964664 0.357841 0.964388 0.351411 0.966869 0.347001 0.969624 0.343878
0 0.953090 0.355452 0.946476 0.352145 0.938760 0.345164 0.930355 0.340388 0.924568 0.338918 0.908585 0.336162 0.905278 0.336162 0.899766 0.337448 0.890948 0.340571 0.888055 0.340571 0.890535 0.344246 0.891913 0.347736 0.892326 0.351043 0.893566 0.353983 0.893015 0.356555 0.890397 0.362617 0.901833 0.357657 0.903349 0.354901 0.911754 0.349390 0.911754 0.347736 0.933249 0.350492
0 0.905924 0.311154 0.903977 0.306859 0.902329 0.305361 0.897984 0.303663 0.892891 0.302664 0.888696 0.301766 0.886899 0.302165 0.885026 0.304362 0.883004 0.305361 0.881880 0.307159 0.881580 0.309955 0.881206 0.311953 0.881281 0.313151 0.881805 0.316347 0.884277 0.317046 0.885326 0.316447 0.886224 0.315848 0.892292 0.317845 0.892591 0.319043 0.893265 0.319942 0.895063 0.320841 0.896187 0.320741 0.897610 0.319643 0.904501 0.321041 0.904651 0.322239 0.904801 0.322938 0.907048 0.323238 0.909370 0.321840 0.910568 0.319743 0.911692 0.315348 0.909370 0.312752 0.905849 0.310954
0 0.910044 0.312951 0.909894 0.311253 0.910568 0.309755 0.913864 0.305860 0.916785 0.305661 0.922703 0.306360 0.929444 0.307958 0.934463 0.311653 0.935961 0.314250 0.938508 0.315548 0.938582 0.316846 0.938133 0.319443 0.937009 0.321241 0.936036 0.322539 0.935062 0.322639 0.933339 0.322439 0.932740 0.322239 0.932066 0.321141 0.928845 0.320442 0.928246 0.321540 0.926448 0.321540 0.925549 0.321241 0.924950 0.319942 0.921130 0.319143 0.921205 0.320542 0.919407 0.320542 0.917984 0.320542 0.916561 0.319543 0.916710 0.318344 0.914538 0.317545 0.913864 0.318344 0.912890 0.318744 0.912066 0.318744 0.910868 0.318344 0.911617 0.315248
0 0.811007 0.354935 0.808350 0.351675 0.805055 0.349408 0.802504 0.347140 0.801972 0.344589 0.802397 0.337220 0.807499 0.334669 0.814196 0.333818 0.826207 0.332968 0.834816 0.329141 0.845339 0.327157 0.853524 0.327299 0.863197 0.328291 0.875101 0.331409 0.883392 0.334810 0.887431 0.337503 0.888600 0.340479 0.891364 0.345865 0.892958 0.351392 0.893490 0.354226 0.891683 0.358336 0.890939 0.362163 0.887538 0.363013 0.881585 0.363013 0.867023 0.362872 0.861496 0.364005 0.858201 0.366698 0.855756 0.362872 0.829396 0.358053 0.826844 0.360462 0.823124 0.361313 0.818554 0.360746 0.816428 0.359470 0.811113 0.354935
0 0.870531 0.330133 0.861708 0.325598 0.848953 0.321772 0.838537 0.319504 0.833116 0.319221 0.828651 0.319504 0.819935 0.323331 0.816747 0.324748 0.814515 0.325598 0.809625 0.325031 0.802397 0.324890 0.798146 0.325740 0.795382 0.327866 0.793043 0.338070 0.794532 0.339771 0.796445 0.341471 0.798996 0.343881 0.801866 0.344447 0.802397 0.336936 0.807499 0.334385 0.825675 0.332826 0.832372 0.329708 0.843745 0.327016 0.853630 0.327157 0.863515 0.328149
0 0.845765 0.320496 0.853949 0.316245 0.860220 0.315394 0.869999 0.316528 0.878715 0.319362 0.884349 0.322197 0.888282 0.326165 0.894553 0.332401 0.904013 0.335519 0.896360 0.338495 0.889132 0.340763 0.886368 0.336653 0.875314 0.331125 0.871487 0.330133 0.861283 0.325598 0.845552 0.320780
0 0.882329 0.321205 0.881904 0.317095 0.870850 0.313410 0.863197 0.311142 0.854055 0.309725 0.851398 0.309725 0.845765 0.312276 0.837899 0.314686 0.832265 0.314544 0.827057 0.314686 0.824506 0.315961 0.829608 0.318937 0.835454 0.318796 0.845021 0.320780 0.853418 0.316103 0.861071 0.315252 0.870106 0.316245 0.878077 0.319362
0 0.849910 0.310292 0.840769 0.308591 0.838111 0.308591 0.830140 0.311426 0.827482 0.312560 0.819085 0.312135 0.824081 0.315678 0.826632 0.314827 0.837261 0.314544 0.849272 0.310150
0 0.857457 0.309867 0.857669 0.307883 0.853736 0.304340 0.846083 0.299096 0.839281 0.297537 0.833435 0.296828 0.827057 0.299238 0.821530 0.298954 0.818129 0.299805 0.822061 0.301222 0.825463 0.302497 0.827482 0.305048 0.831628 0.310434 0.837155 0.308591 0.848953 0.310150 0.851717 0.309442
0 0.749749 0.314868 0.748551 0.313870 0.746528 0.314269 0.744431 0.315468 0.743008 0.317865 0.741884 0.322559 0.740536 0.331547 0.741210 0.333445 0.743158 0.333944 0.744206 0.333844 0.744731 0.333045 0.747352 0.336341 0.747427 0.339237 0.747802 0.340835 0.749000 0.342533 0.750723 0.342333 0.752296 0.342633 0.753794 0.341934 0.755592 0.341235 0.774168 0.346328 0.776640 0.348026 0.778737 0.348326 0.781209 0.349025 0.782557 0.347527 0.783756 0.344131 0.784505 0.337539 0.784655 0.331947 0.784954 0.329949 0.782857 0.327253 0.781509 0.325555 0.779187 0.317565 0.776116 0.314369 0.771022 0.312471 0.763831 0.310674 0.757914 0.310075 0.755442 0.309975 0.749375 0.314769
0 0.768326 0.311872 0.771022 0.307278 0.776340 0.307678 0.784580 0.304781 0.788699 0.304781 0.797838 0.306379 0.804280 0.309076 0.809748 0.313570 0.814092 0.318763 0.817163 0.319463 0.821507 0.322259 0.815290 0.325355 0.806602 0.324756 0.799785 0.325555 0.796564 0.326753 0.794392 0.331547 0.786527 0.329849 0.784730 0.331048 0.784804 0.329350 0.781509 0.325754 0.779112 0.317665 0.776490 0.314669 0.768326 0.311573
0 0.799261 0.305181 0.799635 0.300786 0.803755 0.301086 0.808474 0.299488 0.813568 0.298889 0.817837 0.299488 0.825477 0.302884 0.831769 0.310474 0.827500 0.312671 0.819036 0.312372 0.815216 0.309675 0.810047 0.307178 0.804654 0.306279 0.799486 0.305281
0 0.798063 0.306180 0.800010 0.305780 0.806377 0.306779 0.810047 0.307278 0.818062 0.311173 0.822556 0.314369 0.829372 0.319163 0.825627 0.320361 0.821957 0.322159 0.817463 0.319562 0.814242 0.318763 0.809897 0.313171 0.804280 0.308976 0.797913 0.306379
0 0.811470 0.298290 0.805178 0.295393 0.800010 0.293995 0.791920 0.293995 0.793344 0.296392 0.796040 0.298290 0.799785 0.299788 0.803006 0.300587 0.806676 0.299488 0.809673 0.298789 0.811246 0.298290
0 0.796939 0.305780 0.792145 0.303583 0.786527 0.295593 0.780909 0.292797 0.771172 0.290699 0.762034 0.289601 0.757165 0.289701 0.751847 0.293995 0.749899 0.300786 0.748401 0.305081 0.750349 0.307078 0.752746 0.308377 0.754843 0.309975 0.758139 0.310574 0.763307 0.310574 0.769000 0.311872 0.771322 0.307478 0.776790 0.307578 0.784130 0.304781 0.789823 0.304981
0 0.748551 0.305181 0.746753 0.305680 0.744806 0.303483 0.743457 0.300687 0.743308 0.298389 0.743233 0.295993 0.744431 0.293496 0.748851 0.290300 0.755891 0.290400 0.752970 0.292297 0.749749 0.292797 0.747203 0.293496 0.745480 0.296092 0.744581 0.299488 0.745480 0.301585 0.747128 0.303882 0.749075 0.304781
0 0.768775 0.289900 0.770273 0.288302 0.777913 0.288802 0.786078 0.290799 0.793418 0.295793 0.799635 0.300187 0.799186 0.305580 0.797988 0.306279 0.791920 0.303183 0.786228 0.295293 0.780835 0.292797
0 0.774692 0.286105 0.774767 0.286804 0.770423 0.286904 0.761359 0.289401 0.757090 0.289401 0.755891 0.289900 0.748851 0.290100 0.744431 0.293196 0.742708 0.296692 0.743158 0.299788 0.741810 0.300087 0.738664 0.299188 0.736941 0.298290 0.735592 0.295593 0.732072 0.293596 0.731847 0.291498 0.732372 0.288602 0.733270 0.285606 0.743382 0.284407 0.749150 0.283209 0.754094 0.280812 0.765629 0.282310 0.774842 0.286305
0 0.690633 0.284801 0.692334 0.280124 0.694353 0.273889 0.696479 0.270771 0.702751 0.271196 0.706790 0.272897 0.707640 0.277290 0.708384 0.281542 0.708597 0.287494 0.707427 0.294155 0.704239 0.294438 0.702644 0.293872 0.701262 0.290187 0.697223 0.287919 0.692972 0.287352 0.691271 0.285368
0 0.622181 0.335822 0.619949 0.336955 0.617185 0.335113 0.615059 0.333554 0.614421 0.331853 0.614953 0.329019 0.616122 0.323917 0.617504 0.322216 0.618779 0.316406 0.623456 0.309745 0.629728 0.305635 0.630578 0.304217 0.634511 0.304217 0.642270 0.303651 0.645990 0.303651 0.655982 0.305493 0.666186 0.308044 0.671501 0.312012 0.680429 0.319807 0.685956 0.324484 0.693822 0.328169 0.700731 0.332562 0.704239 0.335822 0.705302 0.339932 0.705939 0.344750 0.705302 0.347585 0.705089 0.350986 0.703069 0.353821 0.697861 0.354529 0.691909 0.353962 0.690208 0.355946 0.688933 0.356797 0.685744 0.357364 0.682768 0.356938 0.677878 0.355805 0.676603 0.353395 0.675646 0.350561 0.636424 0.342341 0.634298 0.344609 0.629834 0.346026 0.626858 0.345459 0.623563 0.343616 0.622925 0.341632 0.621862 0.336530
0 0.617823 0.318957 0.616335 0.317539 0.615591 0.316547 0.615378 0.315272 0.617929 0.312579 0.618354 0.309178 0.618354 0.307052 0.619417 0.302517 0.625263 0.303509 0.628133 0.303509 0.634936 0.300816 0.640888 0.299257 0.649392 0.298832 0.659915 0.300533 0.671075 0.305635 0.680323 0.314988 0.684681 0.317823 0.693822 0.321649 0.700944 0.325901 0.702644 0.328169 0.703495 0.330720 0.704239 0.335255 0.693822 0.327885 0.686063 0.324342 0.671394 0.312012 0.665548 0.308044 0.651411 0.304643 0.645565 0.303509 0.630684 0.304217 0.629196 0.306060 0.623350 0.309745 0.618779 0.316406 0.618035 0.318957
0 0.621862 0.302942 0.622181 0.299115 0.623563 0.296423 0.626326 0.292738 0.629940 0.291462 0.642589 0.291037 0.644715 0.291037 0.648435 0.288061 0.655025 0.282675 0.665654 0.282109 0.674902 0.282250 0.683512 0.284234 0.690633 0.284801 0.695629 0.288203 0.696692 0.289903 0.700093 0.290470 0.698286 0.293730 0.698818 0.299682 0.701581 0.299399 0.702644 0.300107 0.703707 0.301808 0.703388 0.304076 0.703707 0.307902 0.702751 0.312154 0.702644 0.314138 0.701581 0.315697 0.700306 0.317823 0.698711 0.318248 0.697755 0.319949 0.697649 0.320941 0.695735 0.322500 0.688933 0.320090 0.684468 0.318390 0.680323 0.315555 0.678197 0.312863 0.669694 0.304643 0.659702 0.300391 0.649285 0.299115 0.640463 0.299115 0.632597 0.301808 0.628558 0.303225 0.622287 0.302942
0 0.622181 0.297840 0.621330 0.296281 0.621330 0.294438 0.622712 0.291746 0.623031 0.289903 0.627283 0.287919 0.635149 0.287069 0.643439 0.287211 0.647266 0.286502 0.652368 0.284376 0.647160 0.288770 0.644821 0.290754 0.629940 0.291037 0.625795 0.292880 0.622712 0.298123
0 0.631322 0.287069 0.631960 0.284376 0.632172 0.282250 0.637700 0.280691 0.646416 0.280124 0.649711 0.277999 0.656407 0.275731 0.666399 0.276014 0.673520 0.277715 0.680854 0.283242 0.673308 0.282109 0.662997 0.281967 0.654919 0.282534 0.650880 0.284801 0.645353 0.286502 0.640463 0.286785 0.631535 0.286785
0 0.635905 0.280876 0.635643 0.279828 0.635590 0.277522 0.638315 0.276125 0.645284 0.275077 0.650104 0.273959 0.655449 0.272352 0.658907 0.271025 0.660112 0.270256 0.656025 0.268510 0.656130 0.267252 0.657545 0.265366 0.662627 0.264947 0.669963 0.266134 0.676408 0.267532 0.679657 0.268370 0.680495 0.270606 0.679552 0.272422 0.675779 0.272702 0.675884 0.273470 0.682381 0.275426 0.682905 0.277173 0.684268 0.281295 0.684425 0.284019 0.682015 0.284019 0.680233 0.283181 0.673264 0.277732 0.666400 0.276195 0.656340 0.275356 0.649633 0.277941 0.646437 0.279967 0.637162 0.280666
0 0.656549 0.265995 0.643660 0.263829 0.642297 0.264388 0.639887 0.264108 0.638158 0.267392 0.637215 0.270675 0.637005 0.272492 0.636429 0.273400 0.636009 0.275636 0.636376 0.276754 0.638787 0.276055 0.646541 0.274867 0.652515 0.273400 0.659641 0.270256 0.655763 0.268719 0.656183 0.266134
0 0.635747 0.276195 0.632918 0.272282 0.634542 0.269348 0.634804 0.266134 0.639258 0.262711 0.639153 0.261733 0.642821 0.260266 0.649423 0.260545 0.654977 0.262781 0.658698 0.264458 0.656445 0.265715 0.643660 0.263759 0.642559 0.264458 0.639939 0.263969 0.637948 0.268929 0.637215 0.272143 0.636481 0.274099 0.635957 0.275845
0 0.633075 0.272282 0.632237 0.270606 0.633232 0.268160 0.634176 0.262292 0.637529 0.259218 0.637267 0.257890 0.639520 0.257332 0.643607 0.257821 0.652358 0.258869 0.657388 0.261104 0.661318 0.264667 0.658069 0.264248 0.649056 0.260475 0.642821 0.260266 0.638891 0.262222 0.638891 0.262921 0.634804 0.265855 0.634490 0.269208 0.633337 0.271723
0 0.668182 0.265785 0.669387 0.263689 0.673998 0.262781 0.677037 0.262851 0.681805 0.260406 0.683796 0.258869 0.690817 0.259427 0.696424 0.260825 0.703760 0.264038 0.704022 0.265925 0.704965 0.269348 0.704022 0.271723 0.701611 0.270955 0.696529 0.270955 0.694538 0.274099 0.692442 0.279269 0.690765 0.279828 0.688669 0.278989 0.687831 0.277871 0.687569 0.276474 0.682486 0.275077 0.676251 0.273330 0.675989 0.272771 0.680024 0.272352 0.680652 0.271025 0.679657 0.268230
0 0.482820 0.330298 0.474980 0.330052 0.467693 0.331527 0.462251 0.332265 0.458193 0.333372 0.451644 0.335094 0.446294 0.337800 0.445280 0.339521 0.443066 0.345916 0.441682 0.351082 0.440852 0.352804 0.441406 0.363134 0.440944 0.364856 0.441037 0.367316 0.442420 0.369529 0.444818 0.371989 0.448231 0.372604 0.448877 0.374449 0.450445 0.375309 0.451367 0.374326 0.453304 0.379122 0.455887 0.381951 0.460314 0.383672 0.465480 0.383795 0.469354 0.382196 0.472582 0.380106 0.474334 0.377892 0.525987 0.388715 0.528939 0.390682 0.531798 0.392035 0.532813 0.392650 0.534934 0.396217 0.536871 0.399045 0.540192 0.400890 0.543328 0.401628 0.548954 0.401751 0.551629 0.400398 0.554396 0.397077 0.555595 0.394003 0.556979 0.391420 0.563343 0.389821 0.567033 0.389329 0.573028 0.385394 0.574504 0.381828 0.575611 0.377769 0.576349 0.374449 0.576441 0.371989 0.576626 0.367070 0.575150 0.364487 0.575611 0.356862 0.575611 0.353049 0.576626 0.347884 0.575150 0.345302 0.572475 0.343457 0.571091 0.342350 0.567494 0.340997 0.556979 0.330175 0.547294 0.326362 0.529861 0.321812 0.515841 0.320336 0.507909 0.319967 0.501268 0.321689 0.491859 0.325624
0 0.471049 0.330380 0.470680 0.327920 0.470680 0.323124 0.473816 0.317835 0.476768 0.314515 0.482948 0.311932 0.492725 0.310333 0.503793 0.310210 0.518736 0.301601 0.525285 0.299388 0.531188 0.297912 0.539950 0.298650 0.556553 0.302093 0.570389 0.306275 0.575093 0.307136 0.578044 0.310333 0.580811 0.319680 0.582841 0.325706 0.583117 0.333208 0.583025 0.337759 0.583210 0.340095 0.580996 0.346490 0.576569 0.350426 0.576292 0.347720 0.575000 0.345383 0.570758 0.342186 0.567621 0.341202 0.556276 0.329765 0.541334 0.324845 0.526207 0.321279 0.508774 0.319680 0.501026 0.321894 0.488390 0.327797 0.482671 0.330011 0.474554 0.329888
0 0.507206 0.307997 0.507944 0.303569 0.508313 0.298281 0.508774 0.292747 0.509604 0.289795 0.511357 0.285860 0.514216 0.284015 0.515231 0.282416 0.515138 0.279710 0.523532 0.278973 0.528236 0.277989 0.537460 0.277989 0.544193 0.279219 0.555262 0.280448 0.560519 0.281924 0.568083 0.286475 0.578505 0.297789 0.580996 0.299511 0.590404 0.303200 0.596861 0.306029 0.601473 0.311440 0.601657 0.318327 0.600827 0.325583 0.599536 0.328535 0.594555 0.330871 0.591050 0.331486 0.588098 0.334438 0.583579 0.336775 0.583302 0.333085 0.582656 0.325706 0.577768 0.310333 0.575369 0.307013 0.558951 0.302954 0.548436 0.300618 0.536722 0.298404 0.531280 0.297912 0.521687 0.300618 0.517168 0.302585
0 0.557485 0.281146 0.561773 0.280053 0.567070 0.276438 0.575267 0.276018 0.589706 0.279969 0.600110 0.286443 0.607362 0.290310 0.607866 0.293253 0.608181 0.297456 0.608938 0.298297 0.607677 0.300483 0.606731 0.302333 0.606857 0.304266 0.605155 0.306536 0.604587 0.308890 0.602128 0.308554 0.600615 0.306957 0.597777 0.307041 0.595066 0.305191 0.585986 0.301492 0.580185 0.299138 0.576591 0.295775 0.569214 0.287620 0.565998 0.285686 0.560323 0.282323
0 0.606983 0.290478 0.607866 0.288713 0.607614 0.282239 0.600300 0.280305 0.594814 0.275429 0.585166 0.271898 0.579428 0.270973 0.573060 0.271646 0.568961 0.272991 0.565241 0.275261 0.560890 0.277279 0.557611 0.277363 0.555846 0.279465 0.556287 0.280726 0.558368 0.280558 0.561710 0.279969 0.566817 0.276270 0.574069 0.275934 0.588761 0.279297 0.596769 0.283668 0.606668 0.290478
0 0.567070 0.273832 0.568457 0.269964 0.577411 0.269544 0.581572 0.268199 0.588004 0.264500 0.591976 0.262314 0.604146 0.263911 0.618018 0.266517 0.619468 0.268872 0.620036 0.276102 0.619405 0.285602 0.617451 0.286443 0.611208 0.287368 0.609695 0.288545 0.607803 0.288629 0.607677 0.282071 0.600237 0.280305 0.594751 0.275177 0.585545 0.271982 0.579681 0.270889 0.573312 0.271562
0 0.000081 0.273240 0.004220 0.272069 0.011744 0.266552 0.016383 0.263876 0.029300 0.262539 0.043972 0.262539 0.058142 0.263040 0.076325 0.265883 0.087486 0.271233 0.100402 0.280597 0.106923 0.284275 0.108303 0.287118 0.109180 0.292468 0.111312 0.296982 0.112692 0.303336 0.113193 0.310359 0.106045 0.313703 0.104290 0.317214 0.101531 0.319387 0.096013 0.320056 0.092502 0.317381 0.091499 0.315375 0.081091 0.318050 0.070055 0.319387 0.062406 0.320056 0.061277 0.325407 0.057013 0.327413 0.050493 0.326076 0.046731 0.322397 0.042843 0.316211 0.008232 0.308687 0.005975 0.312198 0.000207 0.313870
0 0.081341 0.267889 0.085856 0.264545 0.090119 0.260532 0.098145 0.254513 0.101782 0.252507 0.112065 0.251838 0.117332 0.252340 0.122097 0.251838 0.128868 0.251336 0.140155 0.250835 0.150939 0.253176 0.158087 0.256687 0.162601 0.258860 0.169373 0.270565 0.171505 0.271568 0.172884 0.272738 0.173762 0.278089 0.175016 0.285947 0.176019 0.299490 0.174013 0.302333 0.172383 0.307015 0.169875 0.309188 0.164733 0.309355 0.161347 0.307516 0.159216 0.305510 0.150187 0.306513 0.139904 0.308519 0.138524 0.314037 0.135515 0.315876 0.129245 0.315375 0.125106 0.311863 0.122473 0.308185 0.121470 0.307182 0.113319 0.306346 0.111814 0.302500 0.110560 0.295478 0.109055 0.292468 0.108428 0.287954 0.106798 0.284108 0.094132 0.275915 0.081467 0.268224
0 0.058393 0.248494 0.053878 0.245317 0.052750 0.241304 0.052123 0.234115 0.054380 0.231607 0.055132 0.227928 0.059396 0.223079 0.070431 0.221407 0.083097 0.221407 0.094508 0.222578 0.104415 0.226423 0.114447 0.234449 0.118335 0.237793 0.124730 0.240803 0.130122 0.246488 0.130749 0.249330 0.132630 0.250500 0.125483 0.251838 0.116077 0.252172 0.108804 0.251838 0.101280 0.252172 0.094007 0.257857 0.070682 0.253008 0.069052 0.256352 0.065290 0.256018 0.062280 0.255015 0.058644 0.248494
0 0.086483 0.221742 0.080965 0.217060 0.073441 0.211208 0.067422 0.208700 0.051997 0.205356 0.042969 0.204520 0.030930 0.205690 0.030805 0.207697 0.025412 0.212880 0.025538 0.218398 0.025538 0.225587 0.028422 0.229935 0.030805 0.234282 0.031306 0.234449 0.032811 0.238127 0.038078 0.240635 0.040837 0.239465 0.042216 0.236623 0.052248 0.237291 0.051872 0.233780 0.054380 0.231439 0.055007 0.227594 0.059020 0.223079 0.072438 0.220738
0 -0.000169 0.217729 0.007229 0.222912 0.011242 0.225420 0.013374 0.228931 0.015004 0.233111 0.015380 0.237124 0.014879 0.243143 0.014252 0.243143 0.013499 0.247156 0.011618 0.247992 0.008483 0.247992 0.005223 0.246655 0.002589 0.243812 -0.000044 0.243645
0 0.003216 0.195658 0.007731 0.198333 0.011618 0.202346 0.015255 0.206861 0.017136 0.208198 0.018014 0.213716 0.018766 0.216893 0.019769 0.219902 0.017512 0.221407 0.016634 0.224250 0.014753 0.224417 0.011744 0.224584 0.010113 0.223414 0.008483 0.220571 0.004220 0.220906 0.000207 0.217729 -0.000295 0.195157
0 0.086483 0.221073 0.086483 0.217060 0.085354 0.214886 0.084351 0.210205 0.078457 0.203851 0.076827 0.202346 0.070055 0.200340 0.060525 0.198668 0.051621 0.197832 0.046480 0.198166 0.043470 0.198166 0.034065 0.203851 0.031055 0.203349 0.028297 0.205021 0.027043 0.206192 0.027043 0.208867 0.028046 0.210539 0.031432 0.207028 0.031181 0.205356 0.041338 0.204353 0.053753 0.205857 0.068049 0.209034 0.074319 0.211710
0 0.238884 0.275954 0.231869 0.276521 0.226448 0.277796 0.218689 0.279355 0.216350 0.280631 0.215925 0.286016 0.214649 0.287008 0.214118 0.288709 0.214437 0.291402 0.215075 0.298630 0.214968 0.301748 0.216988 0.304866 0.219220 0.305716 0.220496 0.307700 0.222834 0.311668 0.224535 0.313369 0.228574 0.314503 0.232188 0.314219 0.234207 0.313085 0.235377 0.310818 0.236439 0.307275 0.274280 0.313227 0.275555 0.317337 0.277894 0.320880 0.281295 0.323148 0.285334 0.323431 0.287885 0.322723 0.289905 0.320739 0.290861 0.318471 0.292030 0.314361 0.299046 0.313511 0.301172 0.315637 0.302979 0.317195 0.307974 0.317054 0.309569 0.315920 0.310738 0.313936 0.312332 0.310676 0.315946 0.308692 0.317009 0.305432 0.317753 0.302315 0.317009 0.299763 0.316478 0.298630 0.315734 0.293669 0.315521 0.288993 0.314352 0.284883 0.314352 0.282473 0.311057 0.280489 0.307868 0.276237 0.304679 0.271277 0.293837 0.267451 0.282145 0.264900 0.269815 0.264049 0.267158 0.265041 0.259824 0.265608 0.254297 0.266459 0.249832 0.268159 0.243030 0.272694
0 0.288194 0.265821 0.292160 0.261148 0.292529 0.258565 0.294558 0.257704 0.301476 0.256474 0.308578 0.256229 0.316326 0.256720 0.323059 0.257458 0.330254 0.259672 0.337448 0.264591 0.345934 0.272216 0.350823 0.274307 0.358940 0.278857 0.362260 0.282916 0.362721 0.286359 0.363367 0.291279 0.363275 0.295091 0.364013 0.297059 0.361615 0.298535 0.356080 0.300379 0.349808 0.300502 0.342245 0.300994 0.340953 0.303946 0.338371 0.304438 0.335235 0.304438 0.328963 0.300871 0.328594 0.299027 0.316603 0.298043 0.316049 0.294722 0.315865 0.288696 0.314112 0.285007 0.314666 0.282301 0.311069 0.280579 0.304427 0.270863
0 0.325827 0.234092 0.330254 0.234461 0.338740 0.235690 0.345196 0.236551 0.352022 0.238273 0.353867 0.241471 0.354974 0.249710 0.355619 0.257212 0.355250 0.262132 0.355342 0.266067 0.354974 0.268650 0.353682 0.269265 0.352760 0.270372 0.351100 0.272708 0.348701 0.273692 0.346027 0.272585 0.343905 0.270863 0.341968 0.268527 0.339478 0.266559 0.336434 0.264099 0.331269 0.260164 0.326472 0.258196
0 0.411607 0.264468 0.406257 0.259057 0.400078 0.253769 0.394636 0.251309 0.383567 0.249587 0.373237 0.249341 0.364843 0.250448 0.364197 0.251555 0.357741 0.259303 0.357095 0.261271 0.357095 0.263116 0.356818 0.265698 0.356265 0.268404 0.356265 0.270495 0.357095 0.272339 0.360231 0.274184 0.362629 0.275291 0.364013 0.277997 0.365212 0.279718 0.367149 0.280825 0.369824 0.280579 0.371576 0.279964 0.373974 0.278365 0.374067 0.277382 0.403306 0.283531 0.404320 0.285744 0.405889 0.287220 0.408194 0.287589 0.411423 0.287220 0.413268 0.286482 0.413913 0.285253 0.420923 0.285867 0.424059 0.285744 0.426919 0.283900 0.429225 0.282301 0.428763 0.281686 0.428856 0.276890 0.428025 0.273569 0.426550 0.270986 0.422860 0.268035 0.415112 0.265329
0 0.392975 0.249587 0.390393 0.242946 0.385135 0.240487 0.376649 0.239380 0.368532 0.239134 0.361615 0.239257 0.358571 0.239872 0.354236 0.241962 0.355250 0.250325 0.355711 0.258811 0.355527 0.265575 0.356818 0.265575 0.357187 0.260287 0.359032 0.258196 0.364843 0.250202 0.373144 0.249218 0.383936 0.249710 0.393436 0.250817
0 0.384213 0.239995 0.390393 0.243069 0.393436 0.250940 0.396204 0.251801 0.399985 0.253769 0.404413 0.257335 0.406534 0.259672 0.406257 0.255122 0.405520 0.249464 0.401000 0.247866 0.395466 0.242946 0.390393 0.240364 0.384489 0.239626
0 0.395625 0.243002 0.399053 0.240862 0.406129 0.238334 0.414518 0.238236 0.422542 0.239209 0.428742 0.243489 0.431295 0.244461 0.432171 0.246990 0.433265 0.250978 0.429472 0.253506 0.424876 0.253312 0.418530 0.254285 0.413934 0.255549 0.412402 0.259148 0.406640 0.258564 0.406056 0.252534 0.405472 0.249421 0.401096 0.247865
0 0.411162 0.238236 0.411673 0.236778 0.414737 0.233471 0.421156 0.232595 0.428961 0.233665 0.435234 0.235221 0.441362 0.240668 0.447197 0.243391 0.446322 0.245823 0.445155 0.247184 0.440268 0.247865 0.437787 0.249324 0.433702 0.250783 0.431514 0.244072 0.425022 0.240765 0.422761 0.238917 0.414226 0.238139
0 0.435234 0.235027 0.439027 0.232109 0.445738 0.231428 0.453763 0.232693 0.462151 0.234832 0.465361 0.241446 0.460036 0.241349 0.455003 0.241349 0.450991 0.241835 0.448000 0.242030 0.447197 0.243197 0.441070 0.240279
0 0.413861 0.255549 0.412183 0.260704 0.411454 0.264011 0.422761 0.267901 0.426262 0.270722 0.451574 0.274126 0.452231 0.276557 0.454346 0.277044 0.458723 0.277433 0.460182 0.276071 0.460838 0.274709 0.461860 0.275682 0.462954 0.276363 0.465361 0.276266 0.467185 0.275196 0.467622 0.274709 0.472218 0.274223 0.474041 0.275487 0.476084 0.273153 0.476740 0.269846 0.476522 0.267707 0.475938 0.260217 0.469957 0.257494 0.460619 0.250880 0.455878 0.248643 0.448073 0.247768 0.444134 0.247184 0.440559 0.247573 0.434651 0.250686 0.429545 0.253604 0.421666 0.253895 0.416560 0.254771
0 0.445447 0.246893 0.446322 0.245142 0.447854 0.241835 0.461057 0.241738 0.469665 0.243391 0.481482 0.252534 0.490892 0.257202 0.492424 0.259926 0.492424 0.264205 0.492424 0.267415 0.490965 0.269360 0.487464 0.270041 0.485859 0.271500 0.481336 0.270916 0.480096 0.271986 0.477689 0.272375 0.476595 0.271986 0.476959 0.269846 0.475719 0.260120 0.469884 0.257689 0.460911 0.250589 0.455513 0.248643 0.446468 0.247573
0 0.453531 0.232789 0.456720 0.230505 0.460971 0.229482 0.470892 0.230348 0.481049 0.232080 0.483057 0.237591 0.477329 0.237828 0.475911 0.240347 0.473727 0.243654 0.469357 0.242316 0.465696 0.240662 0.461916 0.234442 0.454771 0.233025
0 0.470124 0.243418 0.481758 0.252630 0.490674 0.256882 0.492328 0.260267 0.492505 0.267038 0.495221 0.265306 0.494985 0.260976 0.493332 0.257748 0.485123 0.252709 0.483647 0.252000 0.476325 0.245307 0.472427 0.243575 0.469947 0.243339
0 0.474849 0.243969 0.476030 0.242788 0.490261 0.244520 0.496402 0.249559 0.499237 0.251764 0.506559 0.255149 0.510338 0.258220 0.510752 0.262157 0.510220 0.264991 0.507976 0.266330 0.503725 0.266881 0.502426 0.267826 0.500654 0.267511 0.498292 0.268141 0.496284 0.267196 0.494985 0.265621 0.494572 0.260818 0.493627 0.257748 0.487840 0.254519 0.483411 0.252000 0.476738 0.245150
0 0.475144 0.243103 0.477742 0.238064 0.483529 0.237749 0.491914 0.239324 0.500241 0.243811 0.505260 0.248457 0.510752 0.251764 0.512582 0.255228 0.512700 0.259952 0.511697 0.261606 0.510811 0.261842 0.509866 0.258063 0.505673 0.254598 0.499060 0.252157 0.489552 0.244126 0.476325 0.242709
0 0.494808 0.240426 0.496698 0.238851 0.507681 0.239087 0.512346 0.240741 0.517366 0.245150 0.522975 0.247670 0.527404 0.250819 0.527581 0.254441 0.527522 0.257748 0.523684 0.259480 0.522326 0.259401 0.520731 0.260267 0.519078 0.260582 0.517484 0.260976 0.514885 0.260425 0.513881 0.259716 0.513941 0.258141 0.513055 0.257433 0.511992 0.253181 0.510338 0.252079 0.505201 0.248378 0.499886 0.243890
0 0.370999 0.225861 0.374327 0.224567 0.378278 0.223550 0.382437 0.220407 0.386943 0.219483 0.394707 0.219298 0.403511 0.221239 0.406423 0.221886 0.410027 0.228449 0.409889 0.233163 0.409334 0.236952 0.406700 0.237322 0.404967 0.237876 0.402956 0.238801 0.401223 0.238431 0.400738 0.237229 0.400253 0.238431 0.398659 0.239263 0.396163 0.238801 0.394638 0.236582 0.381883 0.234919 0.381536 0.235566 0.379595 0.236028 0.378001 0.235473 0.378278 0.230667 0.377516 0.229188 0.374812 0.227340 0.371069 0.225861
0 0.358660 0.224105 0.363027 0.225953 0.367880 0.228726 0.369128 0.230852 0.369890 0.233810 0.369682 0.237691 0.370791 0.237969 0.371415 0.238616 0.373010 0.238893 0.375159 0.239263 0.375783 0.237969 0.377793 0.237599 0.378417 0.235750 0.378140 0.229928 0.377516 0.229096 0.370168 0.225583 0.363859 0.219576 0.360740 0.217819 0.352352 0.216988 0.346668 0.216710 0.351382 0.218466 0.354293 0.219760 0.359007 0.224012
0 0.331694 0.221424 0.332595 0.217450 0.339528 0.216618 0.346876 0.216803 0.354501 0.219760 0.359145 0.223920 0.367949 0.228171 0.369266 0.231222 0.370306 0.235103 0.369266 0.238431 0.366979 0.239170 0.362404 0.239355 0.360116 0.239355 0.357343 0.240557 0.355264 0.239540 0.353946 0.239170 0.352144 0.238338 0.346390 0.236860 0.346113 0.231314 0.341399 0.227802 0.337309 0.226046 0.331972 0.221054
0 0.318107 0.215139 0.324831 0.214122 0.332526 0.216525 0.332249 0.218744 0.331694 0.221517 0.328020 0.219206 0.322475 0.217450 0.321573 0.215878 0.317830 0.215601
0 0.302995 0.222348 0.304174 0.220038 0.307016 0.217635 0.315750 0.216803 0.321851 0.217912 0.327535 0.219391 0.331556 0.221239 0.336824 0.225306 0.341469 0.228171 0.346668 0.231406 0.346044 0.237322 0.338626 0.236028 0.333358 0.235103 0.326010 0.233810 0.325871 0.232053 0.320603 0.226785 0.313879 0.224197 0.307016 0.222811
0 0.306716 0.217417 0.301697 0.213223 0.296454 0.212024 0.290087 0.210926 0.283571 0.210227 0.277279 0.210826 0.274432 0.214621 0.281698 0.215720 0.284245 0.220214 0.289937 0.221113 0.298551 0.221712 0.303195 0.222511 0.303870 0.220414
0 0.280200 0.216818 0.280350 0.220014 0.270313 0.218516 0.263646 0.215520 0.261024 0.215020 0.272635 0.215320 0.276530 0.215620
0 0.247017 0.216119 0.248665 0.214821 0.258852 0.215420 0.263421 0.216319 0.267916 0.217817 0.269039 0.218516
0 0.260200 0.214921 0.253309 0.211525 0.244396 0.206831 0.238553 0.204933 0.231887 0.205333 0.230014 0.206332 0.235183 0.208529 0.236231 0.212224 0.239976 0.213323 0.241474 0.215520 0.247542 0.216519 0.248066 0.214821
0 0.241325 0.215620 0.240276 0.212723 0.236231 0.212124 0.230089 0.206931 0.222748 0.205533 0.217955 0.205333 0.225520 0.212024 0.230089 0.214122 0.234209 0.216119
0 0.202599 0.207230 0.203648 0.208329 0.211887 0.210127 0.217355 0.212124 0.224996 0.220114 0.228591 0.219914 0.229490 0.213722 0.222299 0.209927 0.217580 0.205333 0.213910 0.204035 0.207093 0.204035
0 0.185971 0.194147 0.182150 0.194347 0.181102 0.196944 0.181401 0.198442 0.186495 0.199041 0.193386 0.200539 0.196607 0.200939 0.198554 0.204234 0.200202 0.205333 0.201251 0.204234 0.203273 0.203635 0.204322 0.204634 0.204996 0.204933 0.206344 0.204134 0.207393 0.203735 0.207917 0.201737 0.208292 0.199540 0.208142 0.196944 0.205371 0.191750 0.198255 0.191051 0.192787 0.190352 0.190615 0.190951 0.186270 0.193848
0 0.224396 0.220513 0.219827 0.220713 0.216232 0.225307 0.215108 0.227305 0.214809 0.229802 0.214734 0.231300 0.214734 0.233497 0.215108 0.237392 0.215857 0.238890 0.216082 0.241387 0.217430 0.243384 0.219303 0.244483 0.220277 0.244882 0.222149 0.244183 0.222973 0.243983 0.224321 0.242785 0.225070 0.242485
0 0.219602 0.214921 0.224247 0.220014 0.219977 0.220414 0.215258 0.227504 0.215333 0.236693 0.215707 0.239190 0.214060 0.239489 0.212187 0.239090 0.209565 0.236593 0.209415 0.235594 0.201925 0.234396 0.200727 0.235394 0.198105 0.234795 0.196907 0.233697 0.192038 0.232898 0.191364 0.227504 0.189641 0.223510 0.184922 0.220314 0.177806 0.215919 0.180877 0.207930 0.185147 0.207630 0.193086 0.207430 0.205820 0.209328 0.213985 0.211125 0.217805 0.212923
0 0.124364 0.192004 0.124302 0.188879 0.128927 0.188139 0.135401 0.185426 0.142554 0.186084 0.149213 0.189126 0.151248 0.191099 0.152173 0.194059 0.151433 0.195950 0.150077 0.196032 0.146377 0.194388 0.140581 0.193730 0.136018 0.192990 0.131455 0.193072 0.130715 0.193812 0.128680 0.193155 0.125412 0.192826
0 0.153098 0.192579 0.152296 0.196443 0.153715 0.198827 0.154455 0.199567 0.157353 0.199896 0.163026 0.199814 0.166602 0.200225 0.169068 0.200472 0.171658 0.198745 0.175851 0.197923 0.179366 0.198005 0.177208 0.193319 0.174371 0.190277 0.168082 0.189208 0.162224 0.188797 0.157599 0.190688 0.155010 0.192250
0 0.192130 0.207049 0.187197 0.205569 0.177454 0.204254 0.172891 0.204665 0.170117 0.206473 0.165554 0.208940 0.160559 0.210584 0.159819 0.212475 0.160127 0.213462 0.165122 0.213297 0.171781 0.214448 0.177331 0.215682 0.180722 0.208036
0 0.203660 0.208858 0.201564 0.206391 0.196508 0.204747 0.191636 0.204007 0.181647 0.203431 0.180784 0.204007 0.189170 0.205240 0.192376 0.206967
0 0.197864 0.204665 0.197063 0.201623 0.189972 0.199732 0.180969 0.198334 0.175604 0.198581 0.171288 0.199321 0.169007 0.200718 0.173940 0.203925 0.179797 0.204171 0.181401 0.203596 0.192500 0.204254
0 0.152235 0.202774 0.156058 0.200718 0.159326 0.200472 0.165800 0.200965 0.169438 0.201623 0.173693 0.204254 0.171165 0.205898 0.167712 0.207542 0.162471 0.209515 0.160991 0.207624 0.156736 0.205898 0.152111 0.202774
0 0.144157 0.220203 0.139533 0.220614 0.137004 0.224150 0.137313 0.227685 0.137868 0.230891 0.138361 0.233193 0.139039 0.233604 0.139841 0.235084 0.141074 0.236646 0.142246 0.237469 0.143972 0.237715 0.145760 0.237469 0.146747 0.235084 0.158709 0.236482 0.160066 0.238126 0.162162 0.238373 0.162532 0.237057 0.164259 0.236975 0.165739 0.238948 0.166849 0.240675 0.169377 0.240757 0.171165 0.240511 0.171658 0.239688 0.172213 0.237962 0.181462 0.238373 0.183620 0.240757 0.186025 0.241168 0.187567 0.239853 0.188862 0.237386 0.192315 0.236400 0.192870 0.234016 0.191636 0.230727 0.190527 0.224479 0.187937 0.222094 0.177393 0.215682 0.164937 0.213215 0.158586 0.213791 0.153160 0.215270 0.149460 0.217326 0.146500 0.219463
0 0.133058 0.203020 0.135956 0.206556 0.138114 0.210666 0.138423 0.216586 0.139224 0.218395 0.141814 0.217901 0.143479 0.218395 0.145575 0.219217 0.147240 0.219052 0.149768 0.217244 0.153961 0.214942 0.160127 0.213215 0.160004 0.212475 0.160806 0.209844 0.162532 0.209680 0.161361 0.206884 0.155811 0.205158 0.151988 0.202609 0.147240 0.201212 0.138361 0.200965
0 0.130777 0.194388 0.135648 0.198745 0.139286 0.200636 0.148473 0.201129 0.152296 0.203020 0.155503 0.200143 0.153160 0.198170 0.149830 0.196032 0.144404 0.194388 0.138854 0.193401 0.134476 0.193155 0.132441 0.193237
0 0.110998 0.198332 0.110641 0.196189 0.113052 0.192379 0.121266 0.192022 0.125462 0.193213 0.130373 0.193927 0.132694 0.196665 0.136355 0.199522 0.138587 0.200594 0.133141 0.202856 0.126177 0.201189 0.117159 0.199403 0.110909 0.198570
0 0.100284 0.192856 0.104034 0.194879 0.108230 0.198689 0.110730 0.198808 0.110641 0.196189 0.112605 0.192141 0.118944 0.191665 0.113319 0.190475 0.106980 0.189284 0.102159 0.190832 0.100194 0.192856
0 0.107605 0.198927 0.100373 0.193213 0.094748 0.191784 0.086802 0.191070 0.081534 0.190832 0.079123 0.195356 0.078230 0.198570 0.078944 0.202856 0.080284 0.205475 0.082873 0.207379 0.086177 0.207379 0.086534 0.206189 0.091444 0.207141 0.091980 0.205237 0.097873 0.204165 0.101266 0.201784 0.107694 0.198451
0 0.092159 0.205594 0.091534 0.207617 0.091087 0.210832 0.090730 0.216903 0.092516 0.219998 0.095641 0.221784 0.099034 0.221903 0.100909 0.219998 0.115105 0.221546 0.116177 0.223808 0.119748 0.225594 0.122427 0.224046 0.122784 0.222737 0.130373 0.221903 0.132069 0.225237 0.136444 0.225475 0.137605 0.222975 0.139123 0.218689 0.138319 0.213927 0.137427 0.208927 0.133230 0.202379 0.117784 0.199522 0.111087 0.198332 0.106623 0.198808 0.097605 0.204165
0 0.041623 0.178570 0.052159 0.179522 0.059302 0.182260 0.064927 0.186784 0.069212 0.189760 0.071177 0.194046 0.071802 0.195713 0.069837 0.196784 0.069034 0.197379 0.066980 0.196189 0.064034 0.192022 0.058944 0.190117 0.048319 0.186308 0.044480 0.185475 0.038587 0.184046 0.038766 0.182379
0 0.064123 0.192022 0.068855 0.200117 0.063498 0.199641 0.054927 0.198094 0.048855 0.197975 0.043587 0.198213 0.034034 0.203927 0.030819 0.203689 0.027248 0.205117 0.026444 0.208332 0.028230 0.209522 0.026623 0.211784 0.025105 0.213094 0.024391 0.214403 0.021534 0.214165 0.020373 0.212856 0.017516 0.206784 0.015462 0.199165 0.016266 0.196665 0.023855 0.194284 0.027069 0.192022 0.029302 0.189046 0.032516 0.188332 0.037516 0.188213 0.045462 0.189046 0.050016 0.188927 0.058141 0.190594
0 0.031355 0.188332 0.035284 0.184165 0.039391 0.184165 0.049123 0.187022 0.057427 0.189998 0.047694 0.188927 0.037962 0.188570 0.031534 0.188332
0 0.000048 0.172622 0.002112 0.172536 0.007015 0.173138 0.012950 0.174944 0.021015 0.178385 0.027595 0.182858 0.029337 0.185955 0.029208 0.188277 0.025660 0.189137 0.023208 0.189223 0.018305 0.185783 0.014950 0.184836 0.008370 0.178729 0.004886 0.177439 -0.000146 0.175805
0 0.000048 0.175977 0.008435 0.178471 0.015337 0.185266 0.018886 0.186299 0.022111 0.188793 0.023273 0.189739 0.023273 0.191976 0.021982 0.193954 0.020111 0.195072 0.017079 0.195847 0.016047 0.196879 0.015402 0.197739 0.009467 0.197481 0.008499 0.197825 0.005790 0.197309 0.003209 0.195933 -0.000210 0.195244