1 0.097768 0.555357 0.263393 0.498214 0.265848 0.497321 0.269866 0.500595 0.284821 0.506250 0.303571 0.509821 0.318304 0.510417 0.330804 0.509821 0.332813 0.510417 0.381027 0.534524 0.224330 0.645536 0.098437 0.555952 0.097321 0.555060
1 0.230357 0.651488 0.385268 0.538095 0.386384 0.537500 0.451562 0.570536 0.451339 0.573214 0.451562 0.581845 0.454911 0.588988 0.466071 0.598810 0.471652 0.604464 0.472098 0.607738 0.471429 0.611607 0.389732 0.750595 0.230357 0.651488 0.230580 0.650893
1 0.396429 0.756845 0.480134 0.609821 0.511161 0.620238 0.523884 0.621429 0.534375 0.617560 0.537723 0.614881 0.594196 0.642857 0.583482 0.863095 0.396429 0.755952
1 0.591295 0.866667 0.598884 0.646429 0.672545 0.682143 0.683036 0.700000 0.693750 0.709524 0.709152 0.721429 0.719866 0.729464 0.727232 0.757143 0.767634 0.891964 0.792188 0.970536 0.590848 0.865774
1 0.800223 0.973214 0.725893 0.731845 0.744196 0.739881 0.754687 0.741071 0.762946 0.738393 0.765625 0.734821 0.766741 0.727679 0.828348 0.756845 0.963839 0.986310 0.800446 0.973810
1 0.524330 0.524702 0.509821 0.554167 0.506250 0.569345 0.526339 0.583631 0.532366 0.591071 0.536384 0.597321 0.538393 0.603571 0.538393 0.610417 0.537946 0.612500 0.594643 0.640179 0.597545 0.558929 0.523884 0.525000
1 0.601563 0.559524 0.599330 0.642560 0.671205 0.677381 0.673214 0.667560 0.677009 0.663988 0.681027 0.660714 0.685045 0.659821 0.689955 0.658929 0.691741 0.658929 0.691741 0.639286 0.677679 0.596429 0.600670 0.559821
1 0.091964 0.551488 0.259821 0.493452 0.253125 0.486607 0.250000 0.480952 0.249107 0.474107 0.251339 0.470238 0.254018 0.468452 0.205804 0.441667 0.000223 0.472917 0.093080 0.551786
1 0.521205 0.522321 0.513170 0.537500 0.495089 0.564286 0.484152 0.560417 0.470089 0.561607 0.462277 0.561607 0.458036 0.562500 0.453571 0.566964 0.389286 0.535417 0.451562 0.488988 0.520536 0.522917
1 0.449330 0.487202 0.384375 0.532738 0.333705 0.508036 0.339509 0.496429 0.337723 0.489881 0.332813 0.484821 0.327455 0.480060 0.324107 0.477679 0.383036 0.455357 0.448884 0.488095
1 0.000223 0.403571 0.127455 0.398214 0.200223 0.438988 0.000223 0.468750 0.000000 0.403274
1 0.295536 0.426488 0.209821 0.441667 0.257143 0.466667 0.265848 0.462500 0.272545 0.463095 0.280134 0.463095 0.294643 0.465774 0.316741 0.472917 0.319420 0.474702 0.380357 0.452679 0.294866 0.426488
1 0.292857 0.423810 0.205580 0.439286 0.133259 0.399107 0.228571 0.393750 0.292634 0.423810
1 0.170313 0.367857 0.083929 0.366071 0.084598 0.367560 0.085938 0.370238 0.084375 0.369643 0.082589 0.371131 0.087277 0.374702 0.129241 0.396429 0.225893 0.390774 0.169643 0.366964
1 0.075223 0.369345 0.124107 0.396429 0.000223 0.400298 0.000670 0.362798 0.064062 0.365476 0.068080 0.367857 0.071429 0.368452 0.075000 0.369345
1 0.691518 0.638690 0.699107 0.663988 0.691518 0.659226 0.691518 0.639881
1 0.680804 0.596726 0.704241 0.666071 0.722321 0.674702 0.730134 0.680655 0.740402 0.688095 0.754464 0.700893 0.760491 0.709226 0.765179 0.716667 0.767188 0.722024 0.766741 0.724702 0.825893 0.752976 0.759375 0.636012 0.680804 0.597321
1 0.840625 0.673512 0.950446 0.812500 0.832143 0.755357 0.762500 0.637202 0.841071 0.673512
1 0.602902 0.482440 0.601563 0.505952 0.550670 0.482143 0.560937 0.464286 0.602679 0.482143
1 0.605804 0.483929 0.604688 0.507143 0.658482 0.531548 0.650670 0.507440 0.644420 0.503869 0.640402 0.502381 0.637723 0.500000 0.635714 0.497619 0.634821 0.496726 0.605804 0.484226
1 0.716741 0.558929 0.697545 0.525595 0.671205 0.513690 0.664732 0.512798 0.660045 0.511310 0.653571 0.508631 0.661161 0.532738 0.716295 0.558929
1 0.683036 0.505060 0.695759 0.523512 0.672768 0.512500 0.672768 0.510714 0.672098 0.509821 0.670536 0.507738 0.667321 0.505060 0.662723 0.502083 0.657813 0.499702 0.652009 0.497321 0.649554 0.497024 0.645089 0.487202 0.683259 0.505060
1 0.643080 0.486905 0.643304 0.486310 0.646875 0.495833 0.638170 0.493452 0.635938 0.493452 0.635268 0.496429 0.605580 0.482738 0.605357 0.469643 0.643080 0.486310
1 0.603348 0.469048 0.602902 0.481548 0.561384 0.462500 0.567411 0.452976 0.603348 0.469048
1 0.497321 0.457738 0.516741 0.444345 0.557589 0.463095 0.547321 0.480357 0.497321 0.457738
1 0.565625 0.451488 0.558705 0.462202 0.518304 0.443452 0.534152 0.435119 0.564955 0.451786
1 0.493973 0.420238 0.476116 0.424405 0.515179 0.441964 0.531027 0.433333 0.493973 0.420238
1 0.447321 0.434226 0.474554 0.425000 0.514062 0.442857 0.494643 0.456250 0.446875 0.433929
1 0.397545 0.411607 0.426786 0.407143 0.434152 0.410119 0.438839 0.411607 0.444196 0.413095 0.447768 0.413095 0.449107 0.412798 0.471875 0.423512 0.444196 0.432440 0.397545 0.411310
1 0.458929 0.404167 0.449554 0.405060 0.448437 0.410714 0.473438 0.422619 0.492188 0.418452 0.458482 0.403869
1 0.423661 0.387500 0.398884 0.387500 0.398214 0.388988 0.422768 0.399405 0.425446 0.389583 0.423438 0.387500
1 0.458036 0.402976 0.450446 0.397917 0.449330 0.404167 0.457589 0.403571
1 0.397768 0.389881 0.422545 0.401190 0.425446 0.405655 0.395982 0.410417 0.349107 0.388690 0.358482 0.388095 0.364063 0.390774 0.368304 0.391071 0.370982 0.391369 0.373214 0.392857 0.376116 0.392262 0.377455 0.389881 0.383259 0.389583 0.386830 0.388988 0.390179 0.388690 0.391071 0.388988 0.393527 0.390774 0.395536 0.391964 0.397768 0.390774 0.397768 0.389881
1 0.845089 0.577976 0.887946 0.612500 0.931920 0.632738 0.883036 0.596131 0.845313 0.577381
1 0.849777 0.599405 0.892411 0.639881 0.951562 0.668155 0.882589 0.611310 0.862723 0.602083 0.861161 0.602976 0.858036 0.602976 0.854464 0.601786 0.852009 0.600298 0.849777 0.599107
1 0.795089 0.570536 0.823661 0.583929 0.826786 0.586607 0.829018 0.587500 0.831920 0.589881 0.834375 0.591071 0.842411 0.595833 0.846875 0.598214 0.847545 0.598810 0.889732 0.639881 0.833705 0.612500 0.795089 0.570238
1 0.879464 0.608929 0.862946 0.600595 0.861161 0.597024 0.858482 0.594345 0.853795 0.591667 0.849107 0.588690 0.845536 0.586310 0.840179 0.584226 0.835268 0.581548 0.829018 0.577976 0.825893 0.576786 0.824554 0.577083 0.803125 0.558036 0.843304 0.578274 0.877679 0.607738
1 0.699777 0.526786 0.718750 0.558929 0.773884 0.585417 0.744420 0.547024 0.700000 0.526488
1 0.776116 0.586310 0.831473 0.612202 0.791964 0.568750 0.746875 0.547917 0.776116 0.585714
1 0.802679 0.559226 0.823214 0.577381 0.822545 0.578571 0.822098 0.580357 0.822991 0.582440 0.793304 0.568750 0.783929 0.559524 0.802679 0.558929
1 0.684375 0.504762 0.723214 0.522917 0.743750 0.545833 0.698661 0.525000 0.684598 0.504762
1 0.482812 0.400893 0.496875 0.400298 0.518750 0.411310 0.510938 0.413988 0.482812 0.400893
1 0.506920 0.398512 0.497991 0.399702 0.512723 0.407143 0.513170 0.405952 0.515402 0.405357 0.516964 0.405655 0.518973 0.406548 0.520312 0.407440 0.522991 0.408036 0.525223 0.409524 0.525446 0.409821 0.529241 0.408631 0.506696 0.398512
1 0.512500 0.415179 0.520759 0.412500 0.547768 0.424107 0.541741 0.427976 0.512500 0.415179
1 0.550000 0.424702 0.542634 0.429167 0.572545 0.442262 0.574777 0.437500 0.549554 0.424702
1 0.554688 0.421429 0.550223 0.424405 0.567634 0.432440 0.567857 0.431250 0.569643 0.430655 0.571652 0.430655 0.573214 0.431250 0.574777 0.431548 0.576116 0.432440 0.577009 0.433036 0.577455 0.433631 0.579911 0.429167 0.554688 0.421429
1 0.530134 0.409524 0.527679 0.411012 0.531027 0.412798 0.532366 0.413095 0.532813 0.414583 0.533259 0.415774 0.533259 0.416964 0.533259 0.417560 0.547991 0.423512 0.553348 0.419940 0.530134 0.409226
1 0.516295 0.387202 0.502232 0.388988 0.519196 0.397024 0.531250 0.394345 0.516295 0.386607
1 0.520536 0.397619 0.538170 0.407440 0.544643 0.405060 0.531920 0.395238 0.520759 0.397619
1 0.564509 0.413690 0.544866 0.405655 0.539732 0.408036 0.560937 0.417262 0.564063 0.413988
1 0.550670 0.403274 0.546875 0.405060 0.564732 0.413095 0.568080 0.409821 0.550670 0.402976
1 0.498214 0.380060 0.493527 0.380060 0.492857 0.385417 0.501116 0.388393 0.514062 0.386607 0.497991 0.379464
1 0.573661 0.442857 0.576562 0.437798 0.581027 0.439583 0.586384 0.441964 0.589509 0.442262 0.603795 0.449107 0.603795 0.455952 0.573438 0.442857
1 0.605580 0.450000 0.605580 0.456845 0.636607 0.470536 0.633036 0.462798 0.627679 0.460119 0.625000 0.458333 0.623437 0.457143 0.605580 0.450000
1 0.603571 0.442857 0.603795 0.447917 0.589732 0.441369 0.589063 0.439583 0.588170 0.438393 0.586384 0.437798 0.583036 0.436310 0.581250 0.435417 0.582812 0.430357 0.603795 0.442560
1 0.586607 0.422917 0.584598 0.427679 0.605580 0.436012 0.606027 0.431250 0.586384 0.422917
1 0.587946 0.419345 0.586830 0.422321 0.605804 0.430357 0.606250 0.426786 0.587946 0.419048
1 0.605134 0.443452 0.605580 0.449107 0.623661 0.455655 0.625223 0.454464 0.627009 0.454464 0.629018 0.455060 0.629911 0.455060 0.629241 0.453571 0.604911 0.442857
1 0.637723 0.470536 0.635491 0.463988 0.639955 0.464881 0.644420 0.466369 0.646652 0.466964 0.661384 0.473512 0.668973 0.484821 0.637723 0.470536
1 0.655580 0.466071 0.660268 0.471726 0.646429 0.466369 0.647098 0.465179 0.646652 0.463690 0.644643 0.462202 0.641964 0.461310 0.638616 0.459821 0.632366 0.456845 0.630580 0.454167 0.655804 0.465774
1 0.656473 0.465476 0.663170 0.473512 0.689286 0.484821 0.681696 0.477083 0.656473 0.465179
1 0.663170 0.474405 0.690848 0.486607 0.702679 0.500000 0.669866 0.484524 0.663170 0.474405
1 0.902902 0.577083 0.933259 0.595833 0.954688 0.604762 0.933482 0.591667 0.903125 0.577083
1 0.906027 0.584524 0.932813 0.597321 0.963170 0.616964 0.938170 0.606845 0.906027 0.584821
1 0.873884 0.563988 0.901563 0.581250 0.927679 0.593750 0.901786 0.576488 0.873884 0.563393
1 0.877009 0.572321 0.903348 0.591071 0.935937 0.605952 0.899777 0.581250 0.883929 0.574107 0.881473 0.574702 0.879687 0.573512 0.877009 0.572024
1 0.841071 0.555060 0.857143 0.561607 0.863170 0.565774 0.867188 0.567560 0.872098 0.569940 0.874777 0.571131 0.901339 0.590774 0.869196 0.575298 0.841295 0.555357
1 0.820759 0.539881 0.839509 0.553274 0.856920 0.559821 0.842411 0.549107 0.820759 0.539583
1 0.629241 0.446429 0.628571 0.441964 0.630134 0.442560 0.634152 0.444048 0.635938 0.444345 0.647768 0.449702 0.650893 0.455952 0.629018 0.446726
1 0.649554 0.450595 0.652232 0.456845 0.674107 0.466369 0.669420 0.458929 0.649554 0.450595
1 0.645982 0.443750 0.649107 0.449702 0.668304 0.457143 0.664732 0.452083 0.645982 0.443750
1 0.628125 0.436012 0.628571 0.441071 0.647545 0.448810 0.645089 0.444345 0.628348 0.436310
1 0.670982 0.459226 0.690402 0.467857 0.697321 0.476786 0.675000 0.466071 0.670982 0.459524
1 0.666071 0.452083 0.670089 0.458036 0.689063 0.466071 0.684152 0.460714 0.666295 0.452083
1 0.704688 0.469940 0.708259 0.473512 0.707366 0.474107 0.705580 0.473810 0.691071 0.467560 0.685045 0.460714 0.704688 0.469643
1 0.691295 0.468155 0.698438 0.476488 0.703348 0.477976 0.704241 0.477083 0.705357 0.476786 0.706027 0.476488 0.706473 0.475298 0.706920 0.474405 0.691295 0.468155
1 0.590625 0.415774 0.592634 0.413095 0.606473 0.418750 0.606250 0.421726 0.590848 0.415476
1 0.639732 0.432738 0.641964 0.437500 0.659152 0.445238 0.654241 0.438988 0.639732 0.432738
1 0.657143 0.441369 0.659821 0.445238 0.677009 0.452976 0.669196 0.445833 0.657366 0.441369
1 0.607589 0.427679 0.607366 0.431845 0.611161 0.432738 0.613170 0.429464 0.607366 0.427679
1 0.595982 0.412500 0.596652 0.411310 0.610045 0.414583 0.609598 0.417262 0.595982 0.412500
1 0.599777 0.403274 0.599554 0.405357 0.609152 0.409524 0.608929 0.406548 0.599777 0.403274
1 0.559598 0.400000 0.556696 0.401488 0.570536 0.407440 0.571652 0.405060 0.559375 0.399405
1 0.804688 0.548214 0.835938 0.573512 0.803348 0.557440 0.793527 0.544940 0.804688 0.547917
1 0.792634 0.544643 0.802232 0.558333 0.784375 0.558929 0.785268 0.554464 0.787054 0.548810 0.787946 0.545536 0.787723 0.544345 0.793080 0.544643
1 0.817187 0.545536 0.833705 0.549405 0.852009 0.563393 0.835938 0.559821 0.817634 0.545536
1 0.790402 0.525000 0.817187 0.544643 0.831027 0.548214 0.815848 0.537500 0.790625 0.525000
1 0.779241 0.525000 0.797321 0.540774 0.815848 0.545833 0.789509 0.525595 0.779464 0.525298
1 0.821875 0.526786 0.838616 0.534226 0.859598 0.550893 0.836384 0.538988 0.821875 0.526488
1 0.710045 0.464881 0.714286 0.469643 0.731696 0.477083 0.721205 0.469345 0.710491 0.465179
1 0.730804 0.508631 0.736384 0.514583 0.739955 0.507738 0.742634 0.505357 0.746652 0.504464 0.748437 0.504167 0.729911 0.485119 0.729911 0.489881 0.731473 0.493452 0.732812 0.496429 0.733482 0.497917 0.733705 0.499702 0.733482 0.502083 0.732366 0.505952 0.731696 0.507440 0.731027 0.508036 0.730804 0.508631
1 0.835268 0.560119 0.805134 0.548214 0.800223 0.542262 0.818080 0.547024 0.833929 0.559524
1 0.889509 0.558333 0.879241 0.553869 0.877232 0.555357 0.884821 0.560714 0.903125 0.569345 0.889062 0.557738
1 0.891741 0.559524 0.894643 0.560417 0.904241 0.563393 0.926562 0.579167 0.904911 0.569940 0.891518 0.559226
1 0.677679 0.453274 0.694866 0.460119 0.690179 0.456845 0.683259 0.453571 0.672991 0.447917 0.677232 0.452679
1 0.890179 0.552381 0.898438 0.560119 0.911384 0.564881 0.903125 0.557440 0.888839 0.551786
0 0.355357 0.381845 0.359598 0.383333 0.364509 0.385417 0.368527 0.387798 0.370759 0.390179 0.372098 0.392262 0.375000 0.392560 0.376563 0.391667 0.377455 0.389583 0.378571 0.387798 0.381696 0.388393 0.390402 0.386012 0.391295 0.386905 0.391741 0.389286 0.393304 0.390476 0.396652 0.391369 0.398438 0.390179 0.399330 0.386905 0.400670 0.383631 0.402455 0.377083 0.403795 0.367262 0.403795 0.364583 0.402009 0.361607 0.401116 0.358036 0.400670 0.354464 0.398214 0.352976 0.397098 0.351488 0.394866 0.349405 0.391295 0.347917 0.383259 0.345536 0.380134 0.344643 0.377232 0.343155 0.374107 0.341964 0.370759 0.340774 0.369196 0.340774 0.366518 0.341964 0.363616 0.343750 0.360491 0.344940 0.356920 0.347619 0.353795 0.347917 0.352455 0.350298 0.349330 0.350595 0.345313 0.352381 0.342634 0.354464 0.340848 0.359226 0.339286 0.364286 0.338393 0.370833 0.338616 0.373512 0.339732 0.374702 0.340179 0.375000 0.340848 0.378869 0.342187 0.379464 0.344866 0.380060 0.347098 0.380357 0.347098 0.379464 0.347768 0.378869 0.351116 0.380655 0.355134 0.381845 0.355804 0.382143
0 0.482143 0.397619 0.483259 0.395536 0.483929 0.393750 0.486384 0.392560 0.486384 0.395833 0.488616 0.397024 0.489955 0.397024 0.490625 0.395536 0.491295 0.393155 0.491741 0.391369 0.492411 0.388095 0.492857 0.385119 0.493527 0.382440 0.493527 0.380060 0.493527 0.377679 0.492857 0.376786 0.492411 0.374107 0.491741 0.371726 0.491295 0.370238 0.489955 0.368750 0.488839 0.367560 0.487723 0.368155 0.487277 0.368452 0.479687 0.364286 0.479018 0.363095 0.477902 0.362798 0.476116 0.362798 0.475000 0.362798 0.473884 0.363095 0.473438 0.363393 0.472321 0.363988 0.471652 0.364583 0.471205 0.365774 0.468973 0.367262 0.468750 0.367560 0.468080 0.366369 0.466964 0.366369 0.466071 0.367262 0.466518 0.368750 0.466518 0.370238 0.467187 0.370833 0.465179 0.371429 0.463616 0.372619 0.461161 0.376488 0.460268 0.381250 0.459821 0.384821 0.459821 0.387798 0.460491 0.389286 0.461607 0.389881 0.463170 0.389881 0.464062 0.389286 0.464062 0.388393 0.464509 0.387798 0.464509 0.387798 0.465848 0.389583 0.467187 0.389286 0.468973 0.389583 0.469420 0.389881 0.470313 0.390476 0.471429 0.390774 0.478125 0.392262 0.477902 0.395833 0.478125 0.397024 0.479241 0.397321 0.480134 0.397619 0.481473 0.397619 0.481473 0.397619 0.482143 0.397917
0 0.626339 0.444345 0.627009 0.441667 0.627679 0.439583 0.628125 0.437202 0.628125 0.436012 0.628125 0.435417 0.628571 0.434226 0.628795 0.433036 0.628795 0.431845 0.628348 0.431548 0.628125 0.431250 0.627902 0.429762 0.628125 0.427976 0.628125 0.427381 0.628348 0.426190 0.627679 0.425000 0.625893 0.424405 0.619196 0.421726 0.618527 0.421429 0.617857 0.421726 0.617411 0.422024 0.617188 0.422619 0.616964 0.423214 0.616964 0.423214 0.616518 0.423512 0.616071 0.424107 0.615848 0.424405 0.615179 0.426190 0.615179 0.426190 0.614509 0.425893 0.613839 0.426488 0.613393 0.427381 0.613393 0.427679 0.612946 0.429464 0.612723 0.430357 0.612500 0.431250 0.612054 0.432738 0.611384 0.434524 0.611161 0.435417 0.610714 0.436905 0.610714 0.437798 0.610714 0.438393 0.611161 0.438690 0.612054 0.438690 0.612723 0.438393 0.613170 0.437798 0.613616 0.437202 0.613839 0.437202 0.614732 0.437798 0.615625 0.438095 0.616071 0.438690 0.616295 0.438690 0.616964 0.438988 0.618750 0.439286 0.623661 0.441071 0.624107 0.441964 0.624330 0.443155 0.624554 0.444048 0.624554 0.444345 0.625446 0.445238 0.625893 0.445238 0.626116 0.444643 0.626116 0.444048 0.626339 0.443750
0 0.569643 0.419345 0.570313 0.417857 0.578125 0.421429 0.578571 0.423512 0.578571 0.424405 0.579018 0.425000 0.579688 0.425298 0.580357 0.425298 0.581027 0.425000 0.581473 0.423810 0.581696 0.422024 0.582143 0.420833 0.582143 0.420238 0.582366 0.419345 0.582589 0.418155 0.582589 0.416667 0.583259 0.415476 0.583482 0.414286 0.583482 0.414286 0.583705 0.413393 0.583929 0.412500 0.584375 0.411310 0.584375 0.410714 0.584821 0.409821 0.584821 0.409226 0.585045 0.408333 0.585045 0.407440 0.584821 0.407143 0.584152 0.406845 0.575223 0.402679 0.571652 0.407143 0.570759 0.407440 0.569866 0.409226 0.569196 0.410119 0.568750 0.411607 0.568304 0.413393 0.567857 0.415179 0.567634 0.416369 0.567187 0.417857 0.567187 0.419048 0.567634 0.419345 0.568304 0.419643 0.569196 0.419643 0.570089 0.419345
0 0.571652 0.405655 0.572098 0.404464 0.572991 0.404167 0.573214 0.404167 0.573661 0.404167 0.574330 0.402976 0.574554 0.401786 0.574777 0.401190 0.575000 0.400298 0.575000 0.399405 0.575000 0.398214 0.574777 0.397321 0.574554 0.397024 0.574554 0.395536 0.574330 0.394345 0.574107 0.393452 0.574107 0.393155 0.566964 0.389881 0.566295 0.389881 0.565625 0.390179 0.564286 0.391667 0.563839 0.393452 0.562277 0.395833 0.562054 0.397619 0.561607 0.399107 0.561607 0.400000 0.562277 0.400595 0.562946 0.400893 0.563393 0.401190 0.564063 0.401190 0.564732 0.400595 0.565848 0.401190 0.566964 0.401488 0.568080 0.401786 0.568750 0.402083 0.569866 0.402381 0.570089 0.402381 0.570313 0.402976 0.570536 0.403571 0.570982 0.404762 0.570982 0.404762 0.571429 0.405060 0.571652 0.405060
0 0.594866 0.409524 0.596429 0.405060 0.596652 0.403571 0.596652 0.402679 0.596429 0.401488 0.596205 0.400000 0.596205 0.398810 0.596205 0.397619 0.595759 0.396726 0.595536 0.396429 0.594866 0.395833 0.594196 0.395833 0.591071 0.394643 0.589286 0.396131 0.588393 0.397024 0.587946 0.397619 0.587277 0.399405 0.587054 0.401190 0.586161 0.403869 0.586161 0.404762 0.586384 0.406250 0.587054 0.406548 0.588393 0.406548 0.588393 0.405655 0.592411 0.407143 0.593304 0.408333 0.593304 0.408929 0.593527 0.410714 0.593973 0.411012 0.594643 0.410714 0.595089 0.409524 0.595089 0.408929
0 0.548884 0.390774 0.550670 0.391071 0.551339 0.391369 0.552009 0.391667 0.552455 0.391071 0.553125 0.390179 0.553795 0.389286 0.554018 0.387798 0.554241 0.386607 0.554911 0.385119 0.555134 0.383929 0.555357 0.382738 0.554911 0.382440 0.554688 0.380952 0.554018 0.379762 0.553348 0.379464 0.551786 0.378571 0.551116 0.378274 0.550670 0.378571 0.547991 0.390476 0.548884 0.390774
0 0.554241 0.379167 0.554911 0.377083 0.555357 0.376190 0.557143 0.376786 0.561161 0.378571 0.561607 0.379167 0.561830 0.381548 0.561830 0.382738 0.561830 0.385417 0.561384 0.387500 0.560491 0.388095 0.559821 0.389881 0.554464 0.386310
0 0.566518 0.389286 0.567857 0.384524 0.566741 0.382143 0.565625 0.380952 0.564286 0.379762 0.562946 0.379167 0.561830 0.378571 0.562054 0.384821 0.561607 0.386905 0.560937 0.388988 0.560268 0.389583 0.560045 0.390476 0.564286 0.391964 0.566518 0.388988
0 0.585491 0.401190 0.586161 0.398810 0.587054 0.394345 0.587277 0.392857 0.587500 0.391369 0.587277 0.390476 0.587054 0.389286 0.585045 0.388393 0.582143 0.387500 0.579911 0.396429 0.578571 0.397024 0.584821 0.399405 0.584152 0.401190 0.585268 0.401488 0.585491 0.400893
0 0.600893 0.402976 0.602232 0.398810 0.602679 0.397024 0.603125 0.396131 0.604688 0.394643 0.606920 0.394643 0.608929 0.395833 0.609375 0.397024 0.609375 0.399405 0.609375 0.401190 0.609152 0.404167 0.608929 0.405357 0.608259 0.406250 0.606473 0.405060 0.605804 0.403869 0.603125 0.402976 0.602679 0.404464 0.600446 0.403869 0.600893 0.402679
0 0.739732 0.532440 0.747768 0.541667 0.747991 0.546131 0.749554 0.549107 0.750446 0.549405 0.752902 0.549702 0.755580 0.549405 0.757813 0.550595 0.760491 0.551786 0.761607 0.552083 0.777455 0.558631 0.777232 0.560417 0.778795 0.563393 0.782589 0.562500 0.783482 0.560417 0.783929 0.558929 0.787946 0.544940 0.783259 0.535119 0.785491 0.535714 0.785268 0.533631 0.783482 0.532440 0.781920 0.531845 0.780804 0.531250 0.777455 0.519940 0.775223 0.516667 0.772098 0.514881 0.766964 0.512798 0.757143 0.507440 0.754018 0.505655 0.752232 0.504167 0.749777 0.504167 0.746429 0.504167 0.743527 0.504167 0.739732 0.506845 0.738170 0.508333 0.737054 0.511607 0.736384 0.514881 0.735045 0.519345 0.734821 0.520833 0.733929 0.524702 0.733705 0.527679 0.733705 0.529464 0.733705 0.532738 0.736607 0.533036 0.738170 0.533333 0.739509 0.532738
0 0.702679 0.491369 0.706696 0.495536 0.705804 0.498214 0.706027 0.499702 0.706920 0.500000 0.708482 0.500595 0.709598 0.500298 0.710938 0.499702 0.725893 0.505357 0.727232 0.508631 0.727902 0.509821 0.729018 0.510417 0.730580 0.510119 0.731027 0.508631 0.732812 0.503869 0.733482 0.499405 0.733482 0.496726 0.731473 0.492857 0.730134 0.490774 0.729241 0.488690 0.728795 0.485417 0.727902 0.482143 0.727232 0.480655 0.726116 0.479167 0.723884 0.478571 0.721875 0.477679 0.714732 0.474702 0.712277 0.473810 0.709821 0.472619 0.708482 0.473214 0.706696 0.475298 0.705580 0.476488 0.704241 0.477083 0.702902 0.477976 0.702902 0.478869 0.702455 0.480655 0.701116 0.483631 0.699330 0.488690 0.699107 0.491071 0.699777 0.493155 0.700000 0.493155 0.702009 0.492262 0.702455 0.491369 0.702902 0.491369
0 0.760491 0.488690 0.759152 0.493155 0.758036 0.496429 0.757813 0.498512 0.758705 0.499405 0.760491 0.497917 0.762054 0.498512 0.763170 0.501190 0.764509 0.502381 0.765179 0.502976 0.764732 0.505060 0.765848 0.505952 0.767411 0.505655 0.768973 0.505060 0.770982 0.505060 0.774554 0.506845 0.776563 0.508036 0.781696 0.509226 0.780357 0.511905 0.781696 0.513095 0.783259 0.513393 0.784821 0.512202 0.785268 0.508036 0.785714 0.505655 0.785937 0.503274 0.785045 0.500000 0.784152 0.497917 0.783259 0.495238 0.782366 0.493155 0.781027 0.491964 0.779687 0.491369 0.777455 0.489881 0.768750 0.485417 0.767188 0.485417 0.764509 0.486012 0.762946 0.486310 0.761830 0.486607 0.760268 0.488690 0.760268 0.490179
0 0.914509 0.563988 0.910937 0.561310 0.909821 0.562500 0.908036 0.562500 0.906473 0.560417 0.906473 0.559524 0.906473 0.556845 0.906696 0.554464 0.906920 0.552679 0.909152 0.550893 0.911384 0.550298 0.914063 0.550595 0.917634 0.549702 0.919866 0.550298 0.922098 0.550595 0.925000 0.552679 0.930134 0.555655 0.933482 0.557738 0.935491 0.560119 0.933482 0.559821 0.930134 0.557738 0.927009 0.556250 0.924554 0.555952 0.920982 0.558036 0.918080 0.560119 0.915848 0.561310 0.914732 0.563393 0.914286 0.564583
0 0.880580 0.548810 0.880580 0.551786 0.879687 0.554464 0.877902 0.555060 0.876786 0.556250 0.875446 0.556250 0.874107 0.555655 0.872768 0.554167 0.872545 0.553274 0.871429 0.552381 0.865848 0.549702 0.863839 0.550893 0.862723 0.550595 0.861384 0.550298 0.860045 0.549107 0.858705 0.547619 0.858259 0.545833 0.857812 0.543750 0.852009 0.538988 0.850893 0.540774 0.848661 0.541071 0.848214 0.540179 0.846429 0.537202 0.847321 0.534821 0.847991 0.532738 0.848437 0.531250 0.851116 0.528274 0.853348 0.526190 0.855804 0.525595 0.861830 0.525893 0.868527 0.528274 0.870982 0.532440 0.873214 0.534524 0.875223 0.537500 0.876563 0.540476 0.877455 0.542857 0.878795 0.546429 0.880357 0.546429 0.881027 0.547917 0.881250 0.549702 0.880804 0.550000
0 0.819866 0.523214 0.824777 0.524107 0.827679 0.526488 0.830580 0.527083 0.830134 0.529167 0.831250 0.530357 0.833482 0.530655 0.834375 0.529167 0.835268 0.527679 0.835938 0.526488 0.836161 0.524107 0.836384 0.523512 0.836830 0.521429 0.835714 0.518452 0.835268 0.516369 0.833705 0.513988 0.831920 0.512500 0.829911 0.511012 0.827455 0.509821 0.825000 0.508929 0.820982 0.507738 0.818080 0.506845 0.815402 0.508036 0.814063 0.508631 0.812277 0.508929 0.809598 0.510714 0.809375 0.513393 0.808705 0.516071 0.808705 0.518155 0.810491 0.517560 0.811830 0.518155 0.813170 0.519940 0.815625 0.520536 0.816295 0.520833 0.817187 0.522917 0.817187 0.524405 0.819643 0.523214 0.820313 0.523214
0 0.875670 0.526190 0.885491 0.529464 0.887946 0.530655 0.891295 0.532738 0.892411 0.535714 0.893304 0.538690 0.894196 0.541667 0.893304 0.544940 0.892857 0.546429 0.891295 0.546726 0.890402 0.546726 0.889062 0.548214 0.887277 0.546131 0.886830 0.544643 0.885045 0.542857 0.881920 0.541964 0.879241 0.541369 0.878348 0.542560 0.877232 0.541964 0.875893 0.539286 0.874777 0.536310 0.873437 0.534226 0.871652 0.533036 0.870089 0.530655 0.868750 0.528869 0.868304 0.527976 0.870313 0.527381 0.872545 0.527381 0.873661 0.527381 0.874777 0.526786 0.875446 0.526190 0.875670 0.525893 0.876116 0.525893
0 0.847768 0.530655 0.848214 0.527083 0.849107 0.524107 0.852232 0.522321 0.854911 0.521429 0.856920 0.521429 0.860268 0.521726 0.862054 0.522619 0.865625 0.524405 0.866295 0.525298 0.867188 0.526786 0.867188 0.527679 0.864062 0.526786 0.859598 0.525595 0.857589 0.525893 0.854018 0.525595 0.852455 0.526786 0.850670 0.528274 0.848884 0.530357 0.847991 0.531548 0.847321 0.530357
0 0.856027 0.520833 0.855580 0.517560 0.854688 0.516071 0.853125 0.514286 0.850670 0.512202 0.847768 0.511012 0.843304 0.509821 0.838839 0.509226 0.837054 0.510714 0.835045 0.512202 0.833705 0.512500 0.833482 0.512798 0.834375 0.515179 0.835045 0.517262 0.836161 0.519643 0.836384 0.520833 0.836830 0.523214 0.841295 0.523214 0.845536 0.524107 0.846875 0.524702 0.847991 0.525298 0.848437 0.525298 0.849554 0.524405 0.852455 0.522024 0.853348 0.522024 0.855804 0.521429 0.856473 0.521131 0.855580 0.519345
0 0.805134 0.508631 0.807143 0.508631 0.808705 0.508036 0.810268 0.508036 0.811830 0.508631 0.814732 0.508631 0.816964 0.507440 0.819196 0.507440 0.820759 0.507143 0.818973 0.503869 0.817634 0.502083 0.816741 0.500000 0.815848 0.498214 0.808259 0.496131 0.806696 0.495833 0.804911 0.496131 0.803348 0.496131 0.802009 0.496726 0.800670 0.496726 0.799554 0.496429 0.798214 0.496131 0.797545 0.497321 0.794866 0.499702 0.795312 0.500893 0.795312 0.502679 0.795759 0.503571 0.797098 0.503571 0.798214 0.503571 0.800446 0.503869 0.802009 0.505060 0.802232 0.505655 0.802902 0.506845 0.803125 0.509226 0.804688 0.508929 0.805580 0.508631
0 0.728348 0.472917 0.729688 0.469643 0.730580 0.466964 0.731473 0.466071 0.732589 0.464583 0.733482 0.464583 0.735268 0.463988 0.735938 0.462500 0.736384 0.462500 0.737277 0.462202 0.738839 0.462500 0.747545 0.465774 0.748661 0.466964 0.749107 0.468750 0.749554 0.470238 0.749554 0.472321 0.749777 0.473810 0.749777 0.475893 0.749777 0.477679 0.748884 0.480655 0.747991 0.481250 0.747098 0.481250 0.746875 0.482440 0.745982 0.482738 0.744866 0.483036 0.743527 0.483036 0.743527 0.480357 0.742411 0.479464 0.741518 0.478571 0.740625 0.480357 0.739509 0.480060 0.738839 0.478869 0.738839 0.477679 0.738839 0.477381 0.737054 0.476190 0.736161 0.476190 0.735491 0.477381 0.733259 0.477679 0.732812 0.476190 0.732812 0.474702 0.733036 0.473810 0.731250 0.473214 0.730804 0.474702 0.729464 0.474107 0.727902 0.472917
0 0.719866 0.467262 0.720982 0.465179 0.721652 0.463988 0.722545 0.462202 0.722768 0.461012 0.722991 0.460119 0.722991 0.459226 0.722098 0.458631 0.721875 0.456548 0.720982 0.455060 0.720313 0.454167 0.719420 0.453571 0.712054 0.450595 0.710045 0.450893 0.709598 0.451488 0.709152 0.452083 0.709375 0.453869 0.709598 0.456250 0.709598 0.458333 0.709598 0.458929 0.709598 0.461310 0.710045 0.462202 0.710938 0.463095 0.713839 0.462798 0.715625 0.463690 0.717634 0.464583 0.718304 0.464881 0.718527 0.466369 0.718527 0.467560 0.718973 0.467857 0.719420 0.467857 0.720313 0.465774
0 0.709598 0.462202 0.708705 0.463690 0.708259 0.464583 0.707589 0.466369 0.706027 0.465774 0.706027 0.464286 0.705804 0.463095 0.704911 0.462202 0.704688 0.462202 0.704241 0.462202 0.703348 0.463393 0.703125 0.463095 0.700446 0.462202 0.700670 0.460119 0.698438 0.459821 0.697991 0.461310 0.697545 0.461012 0.695982 0.460417 0.695759 0.460119 0.695089 0.458631 0.694420 0.458036 0.693527 0.457738 0.692411 0.457738 0.692187 0.457440 0.691964 0.455357 0.692411 0.452679 0.692634 0.451786 0.693080 0.450595 0.693527 0.450595 0.695313 0.449405 0.695982 0.449107 0.698214 0.448214 0.699107 0.447321 0.700223 0.447321 0.708482 0.450893 0.708929 0.451786 0.709375 0.452976 0.709598 0.462202
0 0.656027 0.439583 0.656920 0.436012 0.657366 0.434524 0.658036 0.432738 0.660045 0.430952 0.661161 0.430357 0.662723 0.430357 0.663170 0.430357 0.666295 0.430357 0.667857 0.431845 0.668973 0.432440 0.669196 0.434524 0.669643 0.435417 0.669866 0.437202 0.669866 0.439583 0.669420 0.440774 0.669196 0.442262 0.668750 0.443452 0.667411 0.443750 0.664955 0.443155 0.662054 0.442560 0.659152 0.441369 0.657589 0.441369 0.656920 0.440774 0.656696 0.439881 0.656250 0.439286 0.656250 0.438988 0.656027 0.438690
0 0.616071 0.423214 0.614732 0.423214 0.614062 0.423512 0.613616 0.424702 0.612946 0.425000 0.612500 0.424702 0.611161 0.423512 0.610938 0.423214 0.610491 0.422321 0.610491 0.420833 0.610714 0.418452 0.611384 0.416369 0.612054 0.414881 0.612723 0.414583 0.615625 0.412798 0.616071 0.411012 0.616295 0.410119 0.617634 0.410119 0.623884 0.413690 0.624554 0.417262 0.624554 0.420238 0.624554 0.422619 0.623884 0.423810 0.618527 0.421131 0.617411 0.421429 0.616741 0.422321 0.616518 0.422619 0.616071 0.422917 0.615625 0.423214
0 0.637500 0.431548 0.637946 0.430060 0.638616 0.428869 0.639062 0.427976 0.639509 0.426488 0.639509 0.423810 0.639286 0.422917 0.639286 0.420833 0.638839 0.419643 0.632143 0.416667 0.630357 0.416071 0.629241 0.418155 0.628348 0.419643 0.627902 0.420833 0.627009 0.423512 0.627455 0.424405 0.628125 0.426488 0.628348 0.428869 0.628795 0.429464 0.631473 0.429167 0.633036 0.429464 0.633929 0.429762 0.634598 0.430357 0.635045 0.431250 0.635268 0.433036 0.636830 0.432738 0.637723 0.432143 0.637723 0.430357
0 0.650223 0.433036 0.650893 0.430060 0.651563 0.427976 0.652009 0.425595 0.652232 0.423512 0.652232 0.420833 0.651563 0.419345 0.649107 0.418452 0.646429 0.417560 0.644420 0.417857 0.642188 0.419940 0.641741 0.421131 0.641518 0.424107 0.641295 0.425298 0.640848 0.428571 0.640625 0.429464 0.644196 0.430357 0.647545 0.431548 0.649330 0.432440 0.649777 0.432440 0.650000 0.432440
0 0.679018 0.446131 0.680134 0.444345 0.680580 0.442262 0.680580 0.440179 0.680134 0.438393 0.680134 0.434821 0.678795 0.432143 0.677009 0.431548 0.674554 0.430655 0.673661 0.430357 0.670982 0.430357 0.670089 0.431548 0.669196 0.433929 0.669420 0.434821 0.669420 0.437202 0.669866 0.439583 0.669866 0.440179 0.669866 0.441964 0.671652 0.443155 0.672768 0.442857 0.674330 0.443452 0.679018 0.445536
0 0.660045 0.430060 0.661830 0.425298 0.663839 0.424107 0.665848 0.423512 0.667188 0.423810 0.668304 0.425893 0.669643 0.427083 0.669866 0.428869 0.670089 0.430060 0.668750 0.432440 0.666518 0.431250 0.664509 0.430060 0.663170 0.430060 0.661161 0.430060 0.660268 0.430357 0.660045 0.430357
0 0.657813 0.430655 0.658705 0.428274 0.659152 0.427083 0.659375 0.423810 0.658705 0.420536 0.656920 0.419940 0.653795 0.419048 0.652009 0.419345 0.652009 0.421429 0.652232 0.423214 0.652009 0.425298 0.651563 0.427679 0.653125 0.428571 0.655134 0.428869 0.655804 0.429762 0.656696 0.430952 0.656920 0.430952 0.657589 0.430952 0.657813 0.430357
0 0.658482 0.430060 0.660268 0.430060 0.660937 0.427381 0.661384 0.425298 0.662500 0.424107 0.663839 0.423810 0.664509 0.423512 0.664732 0.423214 0.664509 0.422321 0.660045 0.420238 0.658705 0.420238 0.658705 0.421726 0.658705 0.424405 0.658705 0.425893 0.658705 0.427083 0.658482 0.428869 0.658482 0.428869 0.658482 0.429464 0.658705 0.430060
0 0.611607 0.414286 0.612277 0.412202 0.612946 0.410714 0.614062 0.408631 0.614732 0.407440 0.616741 0.407440 0.618973 0.407440 0.619866 0.407738 0.622545 0.408631 0.622321 0.409821 0.622321 0.411012 0.622321 0.411905 0.622321 0.413095 0.617188 0.410119 0.615848 0.411012 0.615848 0.412500 0.614955 0.412798 0.614062 0.413393 0.612946 0.414583 0.612277 0.414583 0.611830 0.414583 0.611830 0.414583 0.611161 0.413988
0 0.611384 0.413095 0.612054 0.411012 0.612723 0.408631 0.613170 0.406548 0.613170 0.406250 0.613616 0.404762 0.614509 0.402976 0.616741 0.403571 0.617188 0.403869 0.619420 0.404464 0.619866 0.405060 0.620759 0.405357 0.621205 0.405952 0.621652 0.406845 0.621652 0.407738 0.621429 0.408036 0.620089 0.407738 0.618527 0.407143 0.617634 0.406845 0.616964 0.406845 0.616071 0.407143 0.614955 0.407440 0.614286 0.408036 0.614062 0.408929 0.613170 0.411012 0.611607 0.412202
0 0.596429 0.401786 0.597545 0.401786 0.598214 0.400595 0.598661 0.399107 0.598661 0.397024 0.598661 0.396131 0.597991 0.394643 0.597768 0.393750 0.596652 0.393155 0.595759 0.392560 0.594420 0.392262 0.593527 0.391964 0.593304 0.391964 0.592411 0.391964 0.592187 0.393155 0.591964 0.393452 0.591964 0.394345 0.591964 0.394643 0.593304 0.395536 0.594420 0.396131 0.595089 0.396131 0.595982 0.396726 0.596205 0.398214 0.596205 0.399702 0.596652 0.401190 0.596652 0.401786
0 0.622098 0.410119 0.622991 0.408036 0.623661 0.406250 0.624554 0.405655 0.626563 0.405357 0.627902 0.406250 0.629241 0.406845 0.630134 0.408036 0.630357 0.409524 0.630804 0.411607 0.630357 0.414286 0.630357 0.414881 0.629687 0.416369 0.628795 0.417262 0.627455 0.417262 0.626116 0.416667 0.624554 0.416071 0.624107 0.415774 0.623884 0.413690 0.622321 0.413393 0.622098 0.409821
0 0.637277 0.418750 0.637723 0.416964 0.638616 0.414583 0.639955 0.413988 0.641518 0.413988 0.643304 0.414583 0.644420 0.415179 0.645312 0.416071 0.645312 0.416964 0.644196 0.418155 0.643080 0.419048 0.642634 0.419643 0.641741 0.421429 0.641741 0.422917 0.641295 0.424702 0.640625 0.424405 0.639732 0.423512 0.639062 0.422024 0.639062 0.421131 0.639062 0.420238 0.638616 0.419345 0.637946 0.419345 0.637500 0.418750 0.637054 0.418452
0 0.697321 0.447917 0.697545 0.446429 0.698214 0.444345 0.698661 0.442857 0.697991 0.439881 0.697098 0.437500 0.696205 0.436012 0.694866 0.436012 0.692634 0.435417 0.691295 0.434821 0.690848 0.436607 0.690848 0.438095 0.690402 0.440179 0.689955 0.441369 0.689732 0.442857 0.689286 0.443750 0.689063 0.444643 0.689509 0.445238 0.691741 0.444345 0.692411 0.444345 0.693750 0.444643 0.695089 0.445833 0.696429 0.446131 0.696429 0.447321 0.696429 0.447619 0.696875 0.447917 0.697098 0.447917
0 0.730580 0.467560 0.729464 0.466964 0.728125 0.467262 0.727009 0.467262 0.726116 0.465476 0.725446 0.464583 0.724777 0.463988 0.724107 0.462798 0.721205 0.463393 0.722991 0.460417 0.723214 0.458333 0.724777 0.456250 0.726339 0.453869 0.727232 0.453274 0.728348 0.453571 0.730804 0.454167 0.732812 0.455357 0.734598 0.455357 0.735938 0.456250 0.737054 0.458929 0.737723 0.460119 0.737946 0.461310 0.738170 0.462202 0.736161 0.461905 0.734152 0.464286 0.733259 0.464583 0.732366 0.464583 0.731027 0.466071 0.730580 0.466667 0.730580 0.466667 0.729911 0.467857
0 0.721205 0.454464 0.721205 0.452679 0.720759 0.450000 0.720313 0.448512 0.719196 0.446726 0.717411 0.445238 0.715625 0.444940 0.714732 0.444940 0.713393 0.444940 0.712946 0.444940 0.712500 0.445833 0.712054 0.447321 0.712054 0.448214 0.712277 0.448810 0.712723 0.450000 0.714063 0.451190 0.715179 0.451488 0.716964 0.452083 0.718527 0.452381 0.719866 0.452976 0.720759 0.453274 0.721205 0.454167
0 0.709152 0.451786 0.711384 0.450893 0.712277 0.450298 0.712946 0.450595 0.711607 0.447917 0.711607 0.445833 0.711161 0.444345 0.710268 0.443750 0.708705 0.442857 0.706250 0.441964 0.705134 0.442262 0.704464 0.442262 0.702902 0.441071 0.700446 0.441071 0.700446 0.441369 0.698661 0.441369 0.698661 0.442262 0.698438 0.444643 0.697991 0.446726 0.699330 0.447321 0.701339 0.447321 0.702009 0.447321 0.703125 0.447321 0.704688 0.448512 0.706473 0.449405 0.708482 0.451488 0.708929 0.451786
0 0.739509 0.462500 0.741071 0.460417 0.742188 0.460417 0.745089 0.461012 0.747098 0.461607 0.748884 0.462798 0.749777 0.463690 0.751116 0.466964 0.752455 0.469643 0.751339 0.472619 0.750223 0.473214 0.749330 0.472321 0.749107 0.470238 0.749107 0.468155 0.748884 0.466667 0.747545 0.465774 0.746205 0.464881 0.743973 0.463690 0.741295 0.463095 0.739732 0.462500
0 0.747768 0.482143 0.747991 0.483631 0.750670 0.483036 0.751786 0.482738 0.752902 0.483929 0.753125 0.485119 0.753348 0.485417 0.754241 0.486310 0.755804 0.486607 0.756920 0.486607 0.757813 0.485714 0.758482 0.484821 0.759598 0.485714 0.761161 0.486607 0.762277 0.487202 0.765402 0.486012 0.767634 0.486012 0.768973 0.485417 0.769643 0.483929 0.769866 0.481845 0.770312 0.480060 0.770089 0.476488 0.768527 0.474405 0.766741 0.473214 0.761161 0.468750 0.758482 0.467262 0.754911 0.466964 0.753125 0.467262 0.752009 0.467262 0.752009 0.469643 0.752009 0.470833 0.750893 0.472917 0.750446 0.473214 0.749777 0.473512 0.750000 0.476190 0.749777 0.477976 0.749107 0.479762 0.748437 0.481250 0.747545 0.482143
0 0.832812 0.513095 0.833482 0.511905 0.834375 0.511607 0.835938 0.511012 0.836384 0.510417 0.836161 0.508631 0.835491 0.506548 0.833705 0.502679 0.827009 0.500893 0.822768 0.499107 0.820089 0.500595 0.819196 0.502679 0.819196 0.504762 0.820759 0.506548 0.821875 0.507738 0.824554 0.508036 0.826562 0.508631 0.828795 0.510119 0.830580 0.511012 0.832589 0.512202 0.833036 0.512500
0 0.769866 0.480655 0.777232 0.479464 0.779241 0.479464 0.782143 0.480655 0.783259 0.482440 0.786830 0.484821 0.786830 0.488393 0.787277 0.490476 0.787946 0.491369 0.787723 0.494345 0.787054 0.495833 0.786384 0.495833 0.784598 0.495536 0.781473 0.493452 0.780357 0.491369 0.776563 0.490179 0.773214 0.487798 0.768973 0.485714 0.769420 0.481250 0.770089 0.480655
1 0.843304 0.674405 0.957366 0.815476 0.999777 0.837798 1.000000 0.828869 0.998214 0.820238 0.997545 0.817262 0.997991 0.813393 0.999330 0.806548 0.999554 0.805952 0.999330 0.789286 0.923884 0.713988 0.843080 0.674107
1 0.834375 0.760714 0.954464 0.818155 0.999554 0.871131 0.999330 0.999702 0.980357 0.999702 0.834152 0.761607
1 0.962946 0.823512 0.999777 0.841667 1.000000 0.868452 0.963170 0.824107
1 0.892634 0.616071 0.936384 0.636012 0.999777 0.684821 0.953348 0.667560 0.892188 0.615476
1 0.942857 0.639286 0.987723 0.659524 0.999330 0.668452 0.999777 0.683333 0.943304 0.639583
1 0.928571 0.616667 0.989286 0.658631 0.999554 0.662202 0.999107 0.654464 0.967411 0.634524 0.928795 0.616667
1 0.993080 0.643750 0.999777 0.647619 0.999107 0.653274 0.966071 0.633333 0.992634 0.643452
1 0.992411 0.661607 0.999554 0.663095 0.999330 0.666369 0.992857 0.661310
1 0.939509 0.600000 0.963616 0.610417 0.997545 0.631845 0.964509 0.616964 0.939509 0.600298
1 0.953795 0.599702 0.981027 0.615774 0.959598 0.607440 0.938170 0.593750 0.954241 0.599702
1 0.982812 0.618155 0.969866 0.612798 0.996205 0.629762 0.999554 0.631250 0.999330 0.627679 0.982366 0.617857
1 0.968973 0.594940 0.983259 0.600298 0.998661 0.608631 0.985268 0.606548 0.968527 0.595238
0 0.927009 0.556845 0.931473 0.558929 0.934598 0.560714 0.935937 0.561012 0.941295 0.565179 0.943080 0.566667 0.943973 0.568750 0.944643 0.570536 0.947545 0.573810 0.948884 0.575893 0.950000 0.576786 0.951116 0.578869 0.951116 0.581250 0.950223 0.584226 0.948661 0.587500 0.947098 0.588393 0.945759 0.588690 0.943080 0.587798 0.942187 0.585417 0.942187 0.584821 0.934152 0.580655 0.930804 0.581250 0.928348 0.579464 0.927455 0.577679 0.927455 0.576190 0.926116 0.574107 0.921652 0.570536 0.919866 0.569940 0.919420 0.570833 0.917411 0.570833 0.916295 0.571131 0.914509 0.569048 0.914509 0.566964 0.915625 0.562202 0.916964 0.560714 0.918527 0.558929 0.920759 0.558036 0.923884 0.556845 0.926786 0.556548 0.928348 0.557143 0.931027 0.558036
1 0.968527 0.595536 0.962054 0.590476 0.958705 0.588690 0.955134 0.587202 0.952009 0.586012 0.950000 0.585417 0.949330 0.588393 0.953795 0.591667 0.956250 0.592560 0.958259 0.594048 0.960491 0.595536 0.963616 0.597321 0.966295 0.598214 0.970759 0.597321 0.967634 0.595238
0 0.933036 0.556845 0.936384 0.555060 0.939063 0.555655 0.945089 0.558036 0.948884 0.559226 0.952455 0.561905 0.955804 0.563393 0.957812 0.564583 0.960045 0.567857 0.961384 0.571726 0.962277 0.575298 0.964955 0.577976 0.967187 0.578869 0.967857 0.580357 0.967634 0.585119 0.966741 0.588393 0.965179 0.590774 0.963170 0.588690 0.962500 0.588988 0.960714 0.588988 0.957812 0.585714 0.957366 0.584524 0.952679 0.583631 0.951562 0.581250 0.950670 0.578274 0.950000 0.576786 0.947545 0.574107 0.945089 0.571429 0.944196 0.569345 0.943527 0.566964 0.942634 0.565179 0.940848 0.563988 0.937723 0.562202 0.935714 0.561012 0.934821 0.559524 0.933705 0.557440 0.933259 0.556548
0 0.999777 0.607440 0.995982 0.605655 0.994643 0.605060 0.993080 0.603869 0.991295 0.603274 0.989286 0.601190 0.989062 0.599107 0.989062 0.595833 0.992857 0.591667 0.996429 0.593155 0.998884 0.593452 0.999777 0.593155
0 0.999777 0.593155 0.999777 0.590774 0.999777 0.588690 0.999777 0.586310 0.999777 0.584821 0.997545 0.583333 0.993973 0.582738 0.991295 0.581548 0.990402 0.581548 0.988616 0.581845 0.987277 0.581548 0.989509 0.585714 0.990848 0.588095 0.991741 0.589583 0.992634 0.591964 0.992634 0.592560 1.000223 0.592560
0 0.987054 0.581845 0.984821 0.580952 0.981696 0.578869 0.978348 0.576488 0.974330 0.575000 0.969196 0.572917 0.967857 0.572321 0.964955 0.572024 0.963170 0.572321 0.962054 0.572321 0.962054 0.574107 0.962946 0.576488 0.964063 0.577083 0.965848 0.578571 0.966741 0.578869 0.967857 0.580655 0.968080 0.581845 0.967857 0.587500 0.967187 0.588690 0.967857 0.590774 0.969420 0.591667 0.972768 0.591964 0.974777 0.591964 0.976786 0.591964 0.978571 0.593155 0.981920 0.594940 0.982589 0.596131 0.983259 0.597619 0.985714 0.597619 0.986830 0.597619 0.988616 0.597619 0.989286 0.597321 0.990179 0.594345 0.991071 0.593750 0.991964 0.592857 0.992634 0.592560 0.991741 0.589583 0.991071 0.588690 0.989955 0.586012 0.988839 0.583929 0.987723 0.582143 0.987054 0.581250 0.985938 0.581250
1 0.926339 0.616369 0.982812 0.655357 0.937500 0.635119 0.885491 0.596726 0.926562 0.616369
1 0.926562 0.713988 0.999330 0.734821 0.999777 0.785714 0.926339 0.714583