0 0.349330 0.359524 0.349777 0.356250 0.350670 0.352976 0.351563 0.352679 0.352902 0.352381 0.355357 0.352679 0.358036 0.353571 0.359152 0.355060 0.359375 0.356548 0.359375 0.358631 0.359375 0.358929 0.354464 0.358929 0.352455 0.358929 0.352009 0.359524 0.351786 0.360119 0.350670 0.361905 0.349330 0.361310 0.349330 0.359821
0 0.341964 0.350595 0.345313 0.351488 0.346205 0.354167 0.346652 0.356250 0.347545 0.358631 0.347098 0.362202 0.345759 0.363988 0.343973 0.362500 0.341071 0.360714 0.342411 0.350595
0 0.314286 0.341667 0.318304 0.343155 0.319643 0.344940 0.320089 0.347024 0.320089 0.348214 0.320089 0.350000 0.320089 0.352679 0.318527 0.352679 0.316964 0.352679 0.315848 0.351488 0.315402 0.345833 0.314509 0.342262
0 0.343080 0.346726 0.345313 0.347024 0.346205 0.348214 0.346652 0.350595 0.346652 0.352679 0.343973 0.350893 0.342411 0.350595 0.342857 0.347619
0 0.304688 0.342560 0.306920 0.339583 0.308929 0.340179 0.312054 0.340774 0.313839 0.341667 0.315179 0.344643 0.315848 0.348214 0.315848 0.351488 0.315179 0.352381 0.312277 0.352679 0.310714 0.352976 0.309152 0.352976 0.308259 0.350298 0.307143 0.346131 0.305357 0.343452 0.304464 0.342857
0 0.316518 0.341071 0.317188 0.340476 0.318750 0.340179 0.320982 0.340179 0.322991 0.341667 0.324107 0.344048 0.324107 0.347619 0.324107 0.349107 0.322545 0.349405 0.321429 0.348810 0.320313 0.347024 0.320089 0.344345 0.318080 0.343155 0.316295 0.341964
0 0.327679 0.342262 0.328348 0.339881 0.329241 0.338690 0.331473 0.338393 0.332143 0.339286 0.333482 0.343155 0.333259 0.344940 0.331473 0.344940 0.327902 0.343750 0.327679 0.342560
0 0.298214 0.342560 0.300000 0.342560 0.302455 0.342262 0.304688 0.343155 0.306027 0.344048 0.307143 0.345536 0.308036 0.348214 0.308036 0.350595 0.308036 0.354464 0.307589 0.356548 0.306027 0.358631 0.305134 0.358929 0.300893 0.358631 0.294196 0.357738 0.293080 0.355060 0.294196 0.350595 0.296652 0.345238 0.297991 0.343155
0 0.350223 0.350893 0.350446 0.347024 0.351786 0.345833 0.354018 0.345833 0.355804 0.346726 0.356696 0.348810 0.357143 0.352083 0.355580 0.352381 0.350670 0.351786 0.350223 0.350893
0 0.344420 0.345536 0.345089 0.342262 0.345982 0.340179 0.349107 0.341071 0.349777 0.342857 0.349554 0.347024 0.348214 0.347321 0.344196 0.346131
0 0.350893 0.344048 0.351339 0.341964 0.352009 0.341667 0.353571 0.341667 0.354687 0.343155 0.355134 0.345833 0.354464 0.346131 0.352455 0.346429 0.351563 0.345833 0.350893 0.344940
0 0.365179 0.349405 0.367188 0.349107 0.368750 0.349702 0.369420 0.351786 0.368973 0.354464 0.366071 0.352679 0.364955 0.351488 0.365179 0.350000
0 0.361607 0.358333 0.361830 0.355655 0.364509 0.353869 0.366964 0.354167 0.369420 0.355060 0.370982 0.359524 0.370982 0.363988 0.367411 0.364583 0.364732 0.363393 0.362277 0.362202 0.361607 0.360714
0 0.350893 0.363095 0.351786 0.360714 0.353125 0.359524 0.354687 0.358929 0.357143 0.359524 0.359598 0.359821 0.360714 0.361607 0.360938 0.364881 0.360938 0.368155 0.359821 0.373214 0.358259 0.373214 0.351339 0.371726 0.348884 0.370833 0.348884 0.367560 0.349107 0.364583 0.350893 0.362500
0 0.371429 0.348512 0.374554 0.349702 0.375000 0.351786 0.374330 0.353869 0.372991 0.354167 0.371205 0.353274 0.371205 0.350595 0.371429 0.348512
0 0.327009 0.356250 0.335268 0.358333 0.336384 0.362798 0.336607 0.364286 0.337500 0.365476 0.337500 0.367262 0.337054 0.369940 0.336607 0.372321 0.335045 0.373214 0.331250 0.372321 0.327679 0.371726 0.322321 0.370833 0.321652 0.369940 0.322098 0.366369 0.324107 0.360119 0.327455 0.356548
0 0.379018 0.353274 0.381027 0.352976 0.382143 0.353869 0.383036 0.354762 0.381696 0.355952 0.378571 0.356548 0.379241 0.353274
0 0.381696 0.355952 0.382813 0.355357 0.384152 0.356548 0.385045 0.357440 0.385714 0.362798 0.382589 0.363095 0.378795 0.362500 0.378571 0.360417 0.379688 0.357143 0.381027 0.356845
0 0.386384 0.361607 0.388616 0.360714 0.391295 0.361012 0.392634 0.361905 0.394196 0.362798 0.389286 0.363095 0.387723 0.365179 0.386607 0.361012
0 0.387723 0.366369 0.389062 0.363393 0.390402 0.363095 0.392411 0.362500 0.394420 0.363095 0.395536 0.366071 0.396205 0.369345 0.396429 0.372619 0.395313 0.373512 0.394196 0.373810 0.392634 0.372619 0.391964 0.369643 0.389955 0.368155 0.387723 0.367560
0 0.379464 0.363095 0.382589 0.363393 0.383705 0.363393 0.384375 0.363095 0.386384 0.362500 0.386830 0.363690 0.387054 0.367560 0.383929 0.368155 0.382366 0.369940 0.380580 0.372917 0.378571 0.372321 0.377902 0.369940 0.378125 0.366667 0.379464 0.364286
0 0.389062 0.359524 0.389509 0.357143 0.391295 0.354762 0.393304 0.355060 0.394866 0.357440 0.395313 0.360119 0.393750 0.362798 0.389062 0.360714
0 0.394196 0.362798 0.395536 0.360714 0.398661 0.360714 0.400223 0.361905 0.401339 0.363690 0.401786 0.366667 0.401786 0.368452 0.400223 0.369643 0.400000 0.370833 0.396429 0.370238 0.395089 0.366667 0.394866 0.363988
0 0.382143 0.371131 0.385268 0.368155 0.387500 0.367560 0.389286 0.367560 0.391964 0.369345 0.392188 0.373810 0.390179 0.374702 0.387500 0.377381 0.385937 0.378571 0.384598 0.378571 0.381696 0.378571 0.380580 0.376488 0.382143 0.371726
0 0.403571 0.364881 0.405580 0.363690 0.408036 0.363988 0.410045 0.365476 0.410714 0.367262 0.410045 0.368750 0.407813 0.368452 0.405357 0.366667 0.403795 0.366369
0 0.400000 0.370238 0.401562 0.367857 0.403125 0.366369 0.404911 0.366667 0.407366 0.368155 0.407813 0.369345 0.406920 0.370833 0.405357 0.372917 0.404911 0.375298 0.404911 0.376190 0.402232 0.375893 0.400223 0.375298 0.399777 0.369940
0 0.410045 0.368750 0.410491 0.367262 0.413616 0.366964 0.416071 0.368155 0.417857 0.371429 0.415848 0.372321 0.414063 0.370536 0.410491 0.369048
0 0.405357 0.375000 0.406696 0.372024 0.408036 0.369048 0.410045 0.369048 0.412723 0.369940 0.414955 0.371726 0.416295 0.373512 0.415848 0.376488 0.411830 0.373810 0.409152 0.373214 0.406473 0.373810
0 0.402009 0.379167 0.403348 0.378869 0.404464 0.376786 0.406250 0.374107 0.409821 0.373810 0.414732 0.375595 0.416518 0.378274 0.415848 0.380655 0.415402 0.386905 0.415402 0.390476 0.413170 0.391667 0.409598 0.391667 0.401786 0.390774 0.402679 0.384821 0.402679 0.381250 0.402679 0.379762
0 0.401562 0.359524 0.402232 0.358036 0.402902 0.357738 0.404911 0.358929 0.405357 0.361310 0.405357 0.363393 0.404464 0.363988 0.402232 0.361607 0.401339 0.359226
0 0.438170 0.369345 0.439732 0.366369 0.441295 0.366667 0.443527 0.368155 0.444420 0.371429 0.443527 0.372321 0.441741 0.372024 0.439286 0.370238 0.438393 0.369345
0 0.435937 0.372619 0.437500 0.371429 0.439063 0.371429 0.441071 0.371726 0.443304 0.374405 0.443750 0.376786 0.439509 0.375000 0.437054 0.373512 0.436607 0.373214
0 0.434821 0.377381 0.435937 0.372619 0.439732 0.374107 0.441964 0.375595 0.444196 0.377381 0.444643 0.379167 0.443527 0.379464 0.440848 0.377976 0.437723 0.377381 0.435045 0.377381
0 0.427455 0.373810 0.428571 0.373512 0.429911 0.372619 0.432589 0.372917 0.434821 0.374107 0.435045 0.377381 0.433929 0.378274 0.433482 0.379762 0.432143 0.382738 0.431473 0.380952 0.431027 0.377679 0.429688 0.375298 0.428125 0.374702
0 0.432143 0.382440 0.433705 0.378571 0.436607 0.378274 0.440848 0.378274 0.441964 0.378869 0.443750 0.381845 0.444866 0.383631 0.444866 0.385119 0.443304 0.386607 0.441071 0.386905 0.438393 0.387202 0.436384 0.387500 0.433929 0.386905 0.432366 0.385714 0.432143 0.384524 0.432143 0.383036
0 0.423214 0.373512 0.426786 0.373214 0.428571 0.374702 0.429688 0.377381 0.431250 0.379464 0.431250 0.382143 0.431250 0.384821 0.429911 0.385417 0.425893 0.384524 0.425670 0.380357 0.425670 0.378274 0.425670 0.376190 0.422768 0.374107
0 0.416964 0.373214 0.418973 0.372917 0.422545 0.373810 0.424107 0.375298 0.425223 0.377083 0.425446 0.380952 0.425446 0.383333 0.426339 0.386607 0.425893 0.389286 0.423214 0.391964 0.419643 0.390179 0.417857 0.389583 0.416518 0.386310 0.416518 0.381548 0.416518 0.379167 0.416518 0.377381 0.416964 0.374107
0 0.386161 0.379464 0.387946 0.377679 0.390848 0.374107 0.393304 0.374107 0.400446 0.375893 0.401786 0.378869 0.402679 0.382143 0.402679 0.387202 0.402455 0.390476 0.401116 0.394048 0.399554 0.394643 0.397321 0.393155 0.391964 0.391369 0.387500 0.391369 0.386830 0.390774 0.386384 0.388095 0.384598 0.387202 0.385937 0.379762
0 0.444643 0.374702 0.448214 0.376190 0.446429 0.378571 0.445313 0.381548 0.444196 0.379464 0.444196 0.375893
0 0.447991 0.375595 0.450000 0.376190 0.452902 0.377679 0.455357 0.379167 0.455357 0.383036 0.452679 0.383333 0.449330 0.383036 0.445536 0.382143 0.446429 0.379464 0.447768 0.376488
0 0.455804 0.379762 0.458036 0.380060 0.460491 0.380655 0.461161 0.381845 0.460714 0.384821 0.460491 0.388690 0.459598 0.389881 0.458036 0.390476 0.454464 0.385714 0.454018 0.383929 0.455134 0.383333 0.455580 0.380655
0 0.445536 0.384226 0.447098 0.383333 0.449554 0.383333 0.451786 0.383929 0.453571 0.384821 0.454911 0.387202 0.456920 0.390179 0.457366 0.392262 0.457813 0.395238 0.457589 0.397321 0.456473 0.397917 0.453795 0.397619 0.451562 0.396429 0.451116 0.394048 0.451116 0.391071 0.449554 0.389286 0.445982 0.388095 0.445313 0.386310 0.446429 0.383929
0 0.438616 0.388393 0.440625 0.387202 0.443080 0.387500 0.444643 0.387798 0.447098 0.388690 0.450670 0.389286 0.451562 0.392857 0.451786 0.396726 0.452009 0.399405 0.451339 0.403274 0.448661 0.402976 0.446205 0.400893 0.441964 0.400595 0.440625 0.400893 0.437946 0.400298 0.435268 0.398810 0.435045 0.397619 0.435268 0.395238 0.436607 0.392857 0.438393 0.389286
0 0.466964 0.384821 0.469866 0.385714 0.472321 0.387500 0.472991 0.390179 0.473214 0.392857 0.472768 0.395833 0.472321 0.396429 0.471652 0.396726 0.469196 0.395833 0.468527 0.395536 0.466741 0.394940 0.466741 0.394345 0.467187 0.385119
0 0.464732 0.375595 0.467857 0.375298 0.469866 0.377083 0.470089 0.378571 0.467411 0.381250 0.464955 0.380357 0.464286 0.378571 0.464286 0.376488
0 0.468750 0.381250 0.470313 0.380952 0.471429 0.380655 0.474107 0.381845 0.475446 0.383631 0.475670 0.384821 0.476786 0.387202 0.477009 0.388988 0.475446 0.389881 0.472098 0.389286 0.471205 0.388095 0.468973 0.384226 0.468750 0.382143
0 0.470982 0.377083 0.472991 0.377381 0.475223 0.379167 0.475893 0.380952 0.476116 0.382440 0.473884 0.382143 0.471205 0.380655 0.469866 0.380655 0.470982 0.377381
0 0.478571 0.380060 0.481250 0.380060 0.483929 0.380952 0.485268 0.384226 0.482143 0.385714 0.478348 0.383333 0.478125 0.380060
0 0.484821 0.381548 0.485938 0.380952 0.487946 0.381250 0.489509 0.382143 0.491295 0.383333 0.490179 0.385714 0.488616 0.386012 0.486384 0.385714 0.484598 0.382143
0 0.490848 0.384821 0.491964 0.384226 0.492857 0.383929 0.495536 0.384524 0.496875 0.386607 0.497098 0.388095 0.494643 0.391071 0.492634 0.388095 0.491071 0.387500 0.491071 0.386012
0 0.475893 0.384524 0.477009 0.383929 0.479241 0.384524 0.481696 0.385417 0.482812 0.386905 0.481920 0.388095 0.478571 0.388393 0.476563 0.386607 0.475446 0.384524
0 0.485714 0.387798 0.486384 0.386607 0.488393 0.386310 0.491518 0.387500 0.493750 0.390476 0.493750 0.391964 0.493304 0.393750 0.491964 0.393155 0.489732 0.391071 0.486830 0.388095 0.485714 0.388095
0 0.482589 0.388095 0.485268 0.387500 0.487500 0.388393 0.489063 0.390476 0.490848 0.391964 0.491518 0.395238 0.491964 0.397321 0.490848 0.397917 0.489955 0.398214 0.487500 0.398214 0.485714 0.397024 0.485491 0.395238 0.485268 0.393452 0.484821 0.391667 0.484598 0.389286 0.482812 0.388095
0 0.473214 0.389881 0.475000 0.389583 0.476563 0.389286 0.480134 0.388095 0.482143 0.388393 0.483929 0.389583 0.485045 0.392857 0.486161 0.397619 0.485268 0.399405 0.483259 0.399405 0.481473 0.398810 0.479241 0.397917 0.477679 0.397917 0.476563 0.397619 0.475000 0.397024 0.475000 0.397024 0.473438 0.396131 0.472991 0.389583
0 0.495312 0.397024 0.497991 0.395536 0.499777 0.394345 0.503571 0.394643 0.507143 0.396726 0.507813 0.398512 0.503348 0.398810 0.501563 0.400595 0.499554 0.401190 0.496875 0.400893 0.494643 0.400000 0.494866 0.397619
0 0.492188 0.392857 0.495536 0.391964 0.497991 0.391667 0.499554 0.392857 0.499554 0.394345 0.498884 0.394940 0.497991 0.395238 0.497098 0.396131 0.494866 0.396726 0.491964 0.398810 0.492411 0.393155
0 0.496205 0.390476 0.497321 0.389881 0.498661 0.389583 0.502232 0.390179 0.503125 0.391667 0.503571 0.393452 0.500223 0.394048 0.498437 0.391964 0.496429 0.391667 0.496205 0.391369
0 0.504911 0.389583 0.506250 0.388988 0.507589 0.388393 0.509375 0.388393 0.510268 0.390774 0.509598 0.392857 0.504018 0.390179
0 0.503348 0.390774 0.505357 0.390774 0.507813 0.392857 0.509821 0.392857 0.510938 0.393750 0.507813 0.396131 0.508259 0.397024 0.503348 0.393452 0.503125 0.391667
0 0.508259 0.397321 0.510491 0.395536 0.512500 0.396131 0.515402 0.397619 0.517188 0.399405 0.517857 0.401190 0.516964 0.402976 0.514732 0.402976 0.512500 0.399405 0.508036 0.397619
0 0.512500 0.395833 0.515402 0.395238 0.517857 0.395536 0.519866 0.396726 0.521652 0.399405 0.521652 0.402679 0.519643 0.402976 0.516964 0.401488 0.516964 0.399702 0.512723 0.395536
0 0.513616 0.391667 0.514286 0.391667 0.515402 0.391667 0.517634 0.392857 0.518080 0.394643 0.514286 0.395238 0.514286 0.392560
0 0.518750 0.394048 0.520536 0.393750 0.523438 0.395238 0.523884 0.396429 0.523661 0.397917 0.520536 0.397917 0.518080 0.394345
0 0.522768 0.400000 0.525670 0.400000 0.528125 0.401190 0.529911 0.402381 0.529911 0.404464 0.525893 0.403869 0.521652 0.402976 0.522321 0.400000
0 0.525223 0.398214 0.527455 0.397917 0.529911 0.398214 0.532589 0.401488 0.533259 0.405357 0.530580 0.404762 0.530580 0.402679 0.525000 0.398810
0 0.529464 0.397619 0.532143 0.397619 0.534821 0.398214 0.537723 0.402083 0.537500 0.404762 0.535268 0.405357 0.533036 0.404167 0.531920 0.401488 0.529911 0.397024
0 