1 0.662277 0.580952 0.707812 0.597321 0.712500 0.601786 0.716964 0.604762 0.723214 0.610417 0.732589 0.614286 0.741071 0.618155 0.788170 0.694345 0.690848 0.657143 0.663170 0.581845
1 0.554018 0.406548 0.559821 0.409226 0.558482 0.410417 0.552009 0.407738 0.554018 0.406548
1 0.588616 0.429167 0.603795 0.434524 0.603795 0.437500 0.588616 0.432143 0.588616 0.429167
1 0.588393 0.426190 0.601786 0.430655 0.602455 0.433631 0.588839 0.429167 0.588616 0.426488
1 0.571205 0.424702 0.572098 0.422619 0.565625 0.420833 0.564955 0.422321 0.571429 0.424107
0 0.550670 0.421131 0.551339 0.417262 0.553571 0.415476 0.556027 0.410714 0.564286 0.413690 0.564286 0.417560 0.564955 0.420238 0.564955 0.422321 0.564509 0.424107 0.564286 0.424405 0.564063 0.425298 0.563170 0.425893 0.560491 0.427083 0.555804 0.424702 0.551786 0.423214 0.550670 0.420833
0 0.531027 0.397024 0.529687 0.399405 0.527455 0.402381 0.526116 0.408036 0.527009 0.408333 0.527902 0.408929 0.528125 0.408929 0.529464 0.409226 0.531473 0.409524 0.531920 0.409821 0.533036 0.410119 0.534375 0.411012 0.535714 0.411905 0.535937 0.411905 0.536161 0.411905 0.536607 0.412202 0.536830 0.412202 0.537500 0.412202 0.538170 0.412202 0.538393 0.412202 0.539286 0.409821 0.540625 0.404762 0.540625 0.400595 0.539509 0.398810 0.535491 0.396131 0.531473 0.396429
0 0.538170 0.397024 0.539732 0.394643 0.543750 0.395536 0.545759 0.396726 0.546205 0.400893 0.546205 0.403869 0.545312 0.407143 0.542634 0.407440 0.541295 0.406845 0.540402 0.403571 0.540848 0.399107 0.537946 0.397024
0 0.546429 0.396726 0.547545 0.396726 0.549554 0.397917 0.551339 0.398810 0.551562 0.402976 0.551562 0.405357 0.550000 0.406845 0.547098 0.406250 0.546652 0.403571 0.546652 0.397024
0 0.549554 0.396131 0.550000 0.395833 0.551339 0.395833 0.551786 0.395833 0.554018 0.397024 0.555804 0.399405 0.554688 0.403571 0.553125 0.403571 0.552232 0.402976 0.551786 0.398810 0.549107 0.396429
0 0.557813 0.399107 0.558705 0.396726 0.559598 0.396726 0.560045 0.395833 0.561607 0.395833 0.562500 0.396131 0.563170 0.397024 0.563170 0.400000 0.560937 0.400298 0.558929 0.399405 0.558259 0.399107
0 0.573438 0.400893 0.573661 0.402679 0.577679 0.404464 0.578348 0.403571 0.579018 0.400298 0.577902 0.397024 0.575670 0.396726 0.573884 0.396726 0.573214 0.400298
0 0.579464 0.401190 0.581027 0.399405 0.582589 0.399107 0.582589 0.399107 0.583259 0.400298 0.583259 0.402679 0.583259 0.402679 0.581250 0.402083 0.579688 0.401488
0 0.578348 0.408631 0.578795 0.405357 0.579241 0.404464 0.580357 0.403571 0.582143 0.403571 0.583482 0.403571 0.584598 0.403571 0.584821 0.406548 0.584821 0.409524 0.581250 0.408631 0.579464 0.408333 0.578795 0.408333
0 0.571429 0.402679 0.575223 0.404167 0.575223 0.409821 0.573884 0.407738 0.573661 0.405952 0.572545 0.405655 0.570982 0.404762 0.571429 0.402083
0 0.570759 0.405060 0.572991 0.405952 0.573884 0.408333 0.574554 0.410119 0.574554 0.411905 0.574554 0.415476 0.574554 0.416369 0.574554 0.417857 0.574330 0.418452 0.573214 0.418750 0.572098 0.417857 0.571205 0.416964 0.569866 0.416667 0.568527 0.416369 0.567411 0.416369 0.568527 0.413690 0.570759 0.405357
0 0.575670 0.414881 0.575893 0.412202 0.577232 0.411012 0.577902 0.409821 0.579464 0.408929 0.580357 0.408929 0.581696 0.408929 0.582812 0.408929 0.583482 0.409226 0.584598 0.410417 0.585268 0.411310 0.585268 0.414583 0.585491 0.415476 0.579911 0.414583 0.577679 0.415774 0.577009 0.416369 0.575893 0.416369 0.575670 0.415179
0 0.575000 0.423810 0.575000 0.420536 0.577902 0.417262 0.579018 0.414881 0.580357 0.414881 0.581920 0.414881 0.583036 0.414881 0.583036 0.414881 0.585938 0.414881 0.586384 0.416964 0.586830 0.420536 0.587054 0.422917 0.586161 0.424702 0.585045 0.426488 0.584152 0.427083 0.583259 0.427381 0.581027 0.427083 0.580357 0.426786 0.578571 0.425893 0.577679 0.425893 0.576339 0.425595 0.574777 0.424107
0 0.592411 0.405952 0.592857 0.405952 0.594643 0.405952 0.595536 0.407738 0.595982 0.409524 0.595982 0.410417 0.595089 0.409821 0.593750 0.408929 0.591741 0.408333 0.592187 0.405655
0 0.591964 0.408929 0.594196 0.408929 0.595982 0.410714 0.596205 0.412202 0.593750 0.411607 0.592187 0.411310 0.591964 0.408929
0 0.588393 0.416071 0.589063 0.412202 0.589955 0.411310 0.591071 0.410714 0.592187 0.410714 0.596875 0.412500 0.597321 0.414583 0.597321 0.416667 0.596875 0.416964 0.596875 0.418750 0.596875 0.419345 0.596875 0.419345 0.595982 0.420833 0.595982 0.420833 0.594420 0.420833 0.592857 0.420833 0.591518 0.420833 0.589732 0.420833 0.588839 0.416071
0 0.604018 0.415476 0.606027 0.414583 0.607366 0.413988 0.608036 0.413988 0.609598 0.413988 0.609375 0.412202 0.607366 0.411310 0.605804 0.411310 0.604018 0.412500 0.603348 0.414881 0.603348 0.415476
0 0.604018 0.417857 0.604464 0.416369 0.605357 0.416071 0.606473 0.415179 0.606696 0.415179 0.608259 0.414286 0.608705 0.414286 0.609598 0.414286 0.609821 0.414286 0.610714 0.414583 0.611384 0.415476 0.611607 0.416964 0.611607 0.418155 0.611384 0.420536 0.611384 0.420536 0.609152 0.420238 0.606473 0.419048 0.605580 0.418750 0.604688 0.418452
0 0.611830 0.421131 0.612054 0.419940 0.613393 0.418750 0.614955 0.418750 0.616518 0.419048 0.617411 0.419643 0.618527 0.420238 0.618527 0.420536 0.620313 0.421131 0.620313 0.422917 0.617411 0.421726 0.614955 0.421429 0.613616 0.420536 0.612946 0.422917 0.612054 0.421131
0 0.612946 0.424702 0.614062 0.420833 0.617188 0.421131 0.619420 0.422024 0.620536 0.425893 0.620536 0.426786 0.620536 0.429167 0.620536 0.429167 0.619866 0.431845 0.617188 0.431548 0.616964 0.430060 0.616295 0.427679 0.612723 0.425298
0 0.601563 0.428869 0.602679 0.423214 0.606473 0.419643 0.609598 0.420238 0.610938 0.420536 0.612723 0.422024 0.612946 0.422917 0.612723 0.424107 0.612723 0.424107 0.611830 0.425298 0.608929 0.425000 0.607812 0.425000 0.605580 0.429762 0.602232 0.429464 0.601563 0.429167
0 0.604688 0.434524 0.606027 0.429464 0.607589 0.425595 0.608929 0.425298 0.610938 0.425298 0.610938 0.425298 0.612500 0.425298 0.614062 0.426190 0.614955 0.426488 0.616071 0.427381 0.616295 0.431250 0.614732 0.432143 0.613393 0.432738 0.611607 0.434524 0.611384 0.434821 0.610268 0.435714 0.608705 0.438095 0.608259 0.438393 0.606027 0.437500 0.604241 0.436310 0.604241 0.434821
0 0.609598 0.436607 0.611607 0.433333 0.612723 0.433036 0.614062 0.432143 0.615625 0.432143 0.616071 0.432143 0.616295 0.432143 0.619420 0.432738 0.620759 0.432738 0.623661 0.433929 0.624330 0.434226 0.625000 0.437500 0.625000 0.438988 0.625223 0.439881 0.625223 0.441369 0.624777 0.445238 0.624554 0.445536 0.623661 0.448512 0.622321 0.450595 0.620759 0.450595 0.619420 0.450000 0.617634 0.448810 0.616295 0.448512 0.614955 0.448214 0.613616 0.448214 0.611830 0.448214 0.610714 0.447917 0.610268 0.447917 0.608929 0.447024 0.608929 0.446429 0.607812 0.446131 0.607812 0.446131 0.607812 0.444345 0.607812 0.443750 0.607812 0.442262 0.607812 0.442262 0.607812 0.442262 0.607812 0.442262 0.609821 0.436310
0 0.620536 0.420238 0.620536 0.419940 0.620759 0.419940 0.623214 0.419940 0.623661 0.419940 0.624554 0.420238 0.627455 0.423512 0.627455 0.426786 0.627232 0.428274 0.626786 0.428274 0.625223 0.428274 0.623884 0.428274 0.622991 0.427976 0.621205 0.427083 0.620759 0.426190 0.620536 0.424702 0.620536 0.422917 0.620536 0.422024 0.620313 0.420238 0.620313 0.420238
0 0.626339 0.427679 0.627232 0.426190 0.627232 0.426190 0.628348 0.425893 0.629911 0.425893 0.631250 0.425893 0.633929 0.427083 0.633929 0.427976 0.631250 0.430655 0.629911 0.430952 0.629687 0.430952 0.629018 0.433929 0.629018 0.433929 0.628348 0.435119 0.627009 0.436012 0.625446 0.435714 0.624330 0.434524 0.623884 0.433036 0.623884 0.431250 0.623884 0.430655 0.624554 0.428869 0.624777 0.428869 0.625670 0.427976
0 0.628125 0.424702 0.628795 0.424107 0.630580 0.423810 0.631250 0.423512 0.631920 0.423512 0.632813 0.423512 0.633705 0.424107 0.634152 0.424405 0.634598 0.425000 0.635268 0.425595 0.635714 0.426786 0.633482 0.427083 0.632143 0.426190 0.629464 0.425893 0.628795 0.425595
0 0.633705 0.427381 0.634598 0.427381 0.635714 0.427083 0.636384 0.427083 0.636607 0.427083 0.637946 0.427083 0.638393 0.427083 0.639732 0.427083 0.640848 0.427381 0.642188 0.428274 0.642857 0.430655 0.642857 0.432143 0.641295 0.432440 0.640848 0.432143 0.640848 0.432143 0.639732 0.431548 0.638170 0.431250 0.636384 0.430655 0.635268 0.430655 0.633482 0.427679
0 0.628795 0.436607 0.629241 0.432440 0.630357 0.431250 0.631920 0.430655 0.632813 0.429464 0.635045 0.429167 0.636607 0.430357 0.637277 0.430655 0.638393 0.431548 0.639509 0.433929 0.640179 0.436607 0.639509 0.438690 0.639062 0.440774 0.638170 0.442560 0.639062 0.447024 0.639062 0.450000 0.638393 0.451190 0.636830 0.451190 0.635268 0.451190 0.634152 0.451190 0.631250 0.450595 0.629018 0.450298 0.627232 0.449405 0.626116 0.448214 0.625670 0.447024 0.625446 0.446726 0.625223 0.444345 0.625670 0.442262 0.625670 0.440774 0.625670 0.438690 0.626563 0.436905 0.626786 0.436905 0.627679 0.436905 0.627902 0.436905 0.628125 0.436905 0.628125 0.436905
0 0.640848 0.432143 0.641518 0.432440 0.643527 0.432440 0.645536 0.433631 0.645536 0.433631 0.648661 0.436012 0.649107 0.438690 0.649554 0.441667 0.649554 0.443155 0.649554 0.444345 0.649330 0.446429 0.648661 0.451786 0.647545 0.451786 0.647098 0.451786 0.645982 0.451190 0.645312 0.450893 0.643080 0.450893 0.641071 0.450595 0.639732 0.450000 0.639286 0.447619 0.639286 0.446131 0.639286 0.444048 0.639062 0.441071 0.639732 0.439881 0.639732 0.437798 0.639955 0.436607 0.639955 0.435119 0.639955 0.433333 0.639955 0.431548 0.641071 0.431548
0 0.647321 0.434226 0.649107 0.434226 0.651339 0.434524 0.652902 0.435714 0.654241 0.437500 0.654911 0.441071 0.654911 0.444048 0.654911 0.445833 0.654241 0.446726 0.652902 0.446726 0.651786 0.445833 0.650670 0.445238 0.650446 0.444345 0.650223 0.444048 0.648661 0.436310 0.647545 0.434821
0 0.652902 0.434226 0.654018 0.433929 0.655580 0.433929 0.656473 0.434226 0.657366 0.435119 0.658259 0.436310 0.658705 0.436905 0.658929 0.438095 0.658929 0.438988 0.658929 0.438988 0.657366 0.439583 0.656920 0.439881 0.656250 0.441071 0.655580 0.442262 0.655134 0.441964 0.654687 0.437500 0.653571 0.435714 0.652232 0.434226
0 0.656250 0.443452 0.657366 0.439881 0.658036 0.438988 0.660714 0.438690 0.662500 0.438690 0.663393 0.438988 0.664955 0.439583 0.666518 0.440476 0.667634 0.441964 0.668304 0.442857 0.669196 0.445833 0.666295 0.446131 0.664063 0.448214 0.663393 0.449405 0.661161 0.450298 0.660268 0.450000 0.659375 0.450000 0.658259 0.448512 0.658036 0.448512 0.658036 0.448512 0.656250 0.448214 0.656027 0.447619 0.655804 0.447024 0.655804 0.445833 0.655804 0.444940 0.656250 0.444643 0.656250 0.444643 0.656250 0.444048
0 0.658929 0.437202 0.661384 0.435119 0.664509 0.435119 0.666518 0.437202 0.668527 0.438690 0.668973 0.439583 0.668973 0.440774 0.667634 0.441667 0.666518 0.441667 0.665179 0.439881 0.663839 0.439286 0.662054 0.438393 0.659821 0.438393 0.658929 0.438393 0.658705 0.438095
0 0.668527 0.438095 0.669866 0.438095 0.670982 0.438095 0.672768 0.438095 0.673438 0.438095 0.675670 0.439583 0.675670 0.440476 0.675670 0.443452 0.674330 0.444940 0.673438 0.444940 0.671429 0.444643 0.670089 0.443452 0.669643 0.441964 0.669643 0.441071 0.669420 0.440774 0.668973 0.439881 0.668973 0.438988
0 0.665402 0.446429 0.666295 0.446131 0.667634 0.446131 0.668527 0.447024 0.669643 0.447619 0.669866 0.448214 0.670536 0.448810 0.671875 0.450000 0.672098 0.450298 0.670759 0.450298 0.668304 0.450000 0.666518 0.449107 0.664955 0.449107 0.663616 0.449405 0.663393 0.450000 0.662054 0.452083 0.661830 0.451786 0.662054 0.449702 0.664063 0.449405 0.665625 0.446429
0 0.669643 0.446726 0.671205 0.446726 0.672991 0.446726 0.674330 0.446726 0.676339 0.446726 0.679241 0.449405 0.681473 0.450595 0.681696 0.454167 0.683036 0.457143 0.683259 0.458631 0.683259 0.460417 0.681696 0.461607 0.680804 0.461905 0.679464 0.461905 0.678795 0.461905 0.677455 0.461012 0.676562 0.460119 0.675893 0.458333 0.675446 0.456548 0.674777 0.455060 0.674554 0.454167 0.673661 0.452679 0.672991 0.451786 0.672098 0.450298 0.671652 0.450000 0.670982 0.449405 0.670312 0.448214 0.669420 0.447024
0 0.658036 0.459524 0.658929 0.455060 0.660268 0.454167 0.660937 0.453869 0.663393 0.452083 0.664286 0.449405 0.665402 0.449405 0.666964 0.449405 0.668973 0.449702 0.671429 0.450000 0.671875 0.450000 0.672991 0.451786 0.674330 0.453571 0.675223 0.454762 0.676116 0.458036 0.675893 0.459821 0.675223 0.461607 0.674554 0.465476 0.674330 0.465476 0.673214 0.466369 0.672098 0.466071 0.670312 0.463988 0.669196 0.463690 0.667857 0.463095 0.666295 0.462798 0.665179 0.462798 0.665179 0.462798 0.663393 0.462500 0.662054 0.462202 0.661830 0.461905 0.658705 0.461012 0.658705 0.461012 0.657589 0.459524
0 0.573214 0.429762 0.583929 0.433333 0.584152 0.436012 0.584152 0.437500 0.585045 0.438095 0.586161 0.438095 0.586161 0.439881 0.585491 0.440774 0.585268 0.440774 0.585268 0.441964 0.584821 0.443452 0.584821 0.444048 0.584821 0.446131 0.584821 0.448214 0.584598 0.449107 0.583705 0.451190 0.583036 0.455952 0.580134 0.456250 0.578348 0.455952 0.575893 0.454464 0.574554 0.453869 0.572991 0.453571 0.570982 0.453274 0.569643 0.452679 0.568080 0.451488 0.566741 0.451190 0.565848 0.450298 0.565625 0.449405 0.565625 0.449107 0.565625 0.447024 0.565625 0.444048 0.565625 0.442857 0.565848 0.440774 0.566295 0.439286 0.566295 0.438988 0.566964 0.437500 0.567187 0.436905 0.567187 0.436310 0.568080 0.435119 0.567634 0.433036 0.568304 0.432440 0.569643 0.431548 0.569643 0.431548 0.570089 0.431548 0.570313 0.431548 0.571429 0.430357 0.571652 0.429762 0.571652 0.429762 0.572768 0.429762
0 0.620982 0.454167 0.622321 0.451488 0.624330 0.448810 0.625446 0.448810 0.627455 0.448810 0.627902 0.448810 0.632813 0.450298 0.636384 0.452083 0.638393 0.455060 0.638616 0.458333 0.638616 0.459226 0.638839 0.461012 0.638839 0.462798 0.638839 0.464583 0.638839 0.465476 0.638839 0.466369 0.637723 0.471131 0.636384 0.475298 0.636161 0.475298 0.634598 0.474405 0.633036 0.473214 0.631920 0.472321 0.630580 0.472321 0.628571 0.472321 0.627009 0.471429 0.625000 0.470536 0.624554 0.470238 0.623214 0.469643 0.622098 0.469643 0.619643 0.469940 0.618304 0.469940 0.617411 0.466964 0.617411 0.466369 0.617411 0.464583 0.617634 0.463095 0.617634 0.462798 0.618304 0.461310 0.618750 0.457143 0.620089 0.454464
0 0.675000 0.446726 0.675446 0.445833 0.677455 0.445536 0.678571 0.445536 0.679911 0.445536 0.680580 0.445833 0.681473 0.446131 0.682366 0.447321 0.684375 0.448810 0.685045 0.449702 0.685491 0.452083 0.684821 0.456250 0.684152 0.458036 0.683929 0.458631 0.682366 0.455357 0.681920 0.454167 0.681920 0.451786 0.681473 0.450893 0.679688 0.450893 0.679018 0.450595 0.677009 0.448214 0.674554 0.446131
0 0.682366 0.445238 0.682589 0.444643 0.684375 0.444345 0.686161 0.444345 0.687054 0.447024 0.684821 0.450000 0.681920 0.446726 0.682143 0.444940
0 0.694420 0.450298 0.695759 0.451190 0.696875 0.452083 0.698438 0.455060 0.698661 0.456250 0.698884 0.457440 0.698884 0.461905 0.697768 0.463393 0.696652 0.463095 0.694643 0.462202 0.693973 0.461012 0.692634 0.460417 0.692411 0.460417 0.690848 0.459821 0.690402 0.458929 0.691741 0.458036 0.693527 0.450893
0 0.694420 0.448512 0.695089 0.447619 0.695759 0.446131 0.697545 0.446131 0.698214 0.446131 0.700446 0.446131 0.701339 0.446726 0.702679 0.447619 0.704241 0.449702 0.704688 0.450893 0.701562 0.450000 0.700223 0.449405 0.698884 0.448512 0.697545 0.448512 0.696429 0.450595 0.695982 0.450595 0.694420 0.449405
0 0.698884 0.456250 0.698884 0.455357 0.701562 0.455060 0.703125 0.455060 0.704688 0.455060 0.707143 0.455060 0.708482 0.455655 0.709598 0.455952 0.711607 0.456845 0.712500 0.458036 0.712946 0.461012 0.713393 0.463095 0.712723 0.464583 0.712277 0.465179 0.711384 0.466667 0.708705 0.465476 0.706696 0.464583 0.705357 0.464286 0.704018 0.464286 0.702009 0.463988 0.701562 0.462500 0.701339 0.462500 0.700446 0.462202 0.699554 0.461905 0.698438 0.455655
0 0.695982 0.450595 0.697768 0.449405 0.699107 0.449405 0.702455 0.450893 0.704018 0.453869 0.702009 0.454464 0.699330 0.454464 0.698214 0.453571 0.696205 0.450298