1 0.279464 0.406548 0.280580 0.406548 0.231920 0.396429 0.232143 0.397024 0.220759 0.467560 0.337723 0.486607 0.319866 0.427976 0.300446 0.420536 0.291741 0.414881 0.284375 0.410417 0.279464 0.405357
1 0.324554 0.427679 0.343973 0.486607 0.441518 0.500000 0.397321 0.430655 0.348884 0.421726 0.344866 0.424107 0.339955 0.425595 0.335714 0.426190 0.330357 0.426488 0.324777 0.426488 0.324330 0.426786
1 0.075446 0.448810 0.123661 0.388988 0.133705 0.390179 0.139286 0.390179 0.146429 0.390179 0.151786 0.390179 0.158482 0.388393 0.162723 0.387798 0.166518 0.385417 0.176786 0.387500 0.227455 0.397024 0.212946 0.467857 0.076116 0.447321
1 0.369420 0.386905 0.395536 0.427381 0.349554 0.419048 0.347098 0.414286 0.344420 0.411012 0.340625 0.408333 0.334598 0.404762 0.330580 0.403274 0.326562 0.401488 0.322991 0.400000 0.320982 0.398810 0.313839 0.385417 0.308705 0.373214 0.369643 0.386905
1 0.371875 0.386905 0.427455 0.400595 0.451339 0.427083 0.446429 0.426190 0.441964 0.426190 0.437500 0.426190 0.435937 0.427976 0.435268 0.430357 0.435491 0.433333 0.435491 0.434524 0.398661 0.427976 0.371875 0.386905
1 0.400000 0.431250 0.446652 0.501190 0.528125 0.511905 0.476339 0.454762 0.467187 0.451786 0.462500 0.450595 0.458929 0.449405 0.454464 0.447917 0.450670 0.446429 0.444643 0.443155 0.440402 0.440476 0.436161 0.437202 0.435268 0.436607 0.400446 0.430357
1 0.239063 0.357738 0.304241 0.373214 0.305357 0.373214 0.310937 0.392262 0.310491 0.395833 0.309821 0.397619 0.306027 0.396726 0.302902 0.396429 0.298214 0.395833 0.293304 0.394940 0.289732 0.395536 0.286161 0.397024 0.283929 0.398512 0.281473 0.399405 0.280580 0.402679 0.280804 0.405357 0.232589 0.395536 0.239509 0.358333
1 0.164063 0.342262 0.236161 0.357738 0.227902 0.394643 0.166964 0.382738 0.168527 0.377381 0.166964 0.374107 0.164732 0.372024 0.161830 0.370833 0.159375 0.369643 0.154688 0.367262 0.152232 0.365774 0.147098 0.363690 0.163839 0.342560
1 0.490848 0.447321 0.526563 0.454167 0.600000 0.521429 0.531027 0.511905 0.480134 0.454464 0.483929 0.454167 0.485491 0.454167 0.487054 0.453571 0.489063 0.452381 0.490625 0.448810 0.491071 0.447024
1 0.530580 0.454762 0.579688 0.464286 0.661384 0.528869 0.604241 0.521726 0.530134 0.454167
1 0.583259 0.464583 0.619420 0.471429 0.702902 0.531548 0.666518 0.529762 0.583929 0.463988
1 0.429241 0.399107 0.477009 0.409226 0.524330 0.452083 0.491518 0.446131 0.485491 0.439881 0.481920 0.437500 0.477009 0.435417 0.472768 0.433036 0.469196 0.431250 0.464286 0.429762 0.459821 0.427679 0.456250 0.426786 0.453571 0.426786 0.429241 0.398512
1 0.524777 0.420536 0.576339 0.461607 0.525446 0.451488 0.479464 0.408929 0.525446 0.420238
1 0.527232 0.420536 0.562054 0.429167 0.615402 0.468452 0.579911 0.461905 0.527232 0.420536
1 0.016741 0.354464 0.079464 0.368452 0.083036 0.373214 0.085045 0.377083 0.088616 0.379464 0.095312 0.382143 0.099330 0.383929 0.105134 0.386310 0.111384 0.387500 0.116964 0.387500 0.118080 0.387500 0.066071 0.444643 0.001116 0.427083 -0.000223 0.362500 0.016071 0.354464
1 0.081473 0.324107 0.160491 0.340179 0.139286 0.363988 0.133036 0.360417 0.127232 0.360119 0.120313 0.359524 0.111384 0.358929 0.106250 0.358333 0.099554 0.357738 0.092857 0.358036 0.087054 0.358333 0.082143 0.359226 0.080134 0.365179 0.021429 0.352976 0.080804 0.323512
1 0.013170 0.351488 0.075670 0.321131 0.001116 0.306845 0.000670 0.347321 0.011384 0.351190